50 16
77 196 36 10
377 392 36 18
110 91 36 1
71 210 36 1
333 25 36 4
413 526 36 1
128 157 36 15
396 439 36 10
461 318 36 4
324 311 36 16
140 387 36 12
385 217 36 16
113 388 36 14
94 459 36 6
207 306 36 16
214 171 36 20
226 361 36 15
377 209 36 8
523 184 36 17
11 22 36 20
21 223 36 15
165 123 36 6
216 235 36 2
418 390 36 11
283 49 36 3
296 324 36 3
225 64 36 19
372 441 36 3
473 416 36 12
344 488 36 10
41 508 36 15
186 188 36 17
547 465 36 17
325 335 36 15
15 132 36 3
9 427 36 5
236 166 36 20
276 53 36 16
524 525 36 2
532 384 36 13
76 424 36 5
390 62 36 8
278 123 36 14
525 509 36 4
66 523 36 5
203 532 36 14
240 282 36 12
278 11 36 12
334 49 36 5
257 34 36 8
