50 12
149 160 51 15
532 173 51 13
257 311 51 12
252 53 51 17
126 220 51 3
440 237 51 9
359 54 51 13
365 193 51 14
506 472 51 1
3 37 51 17
143 185 51 15
545 232 51 1
420 3 51 14
331 254 51 12
35 441 51 14
260 395 51 14
231 207 51 15
407 86 51 1
348 106 51 2
216 109 51 9
35 313 51 6
14 372 51 8
165 244 51 18
141 28 51 10
170 124 51 6
541 383 51 14
55 128 51 11
231 49 51 9
52 397 51 16
406 127 51 2
312 161 51 10
465 175 51 20
301 339 51 18
202 542 51 1
355 164 51 5
402 219 51 5
296 335 51 8
458 18 51 20
220 69 51 1
88 537 51 16
64 363 51 13
415 280 51 15
43 96 51 6
523 297 51 18
546 104 51 15
144 20 51 10
187 315 51 10
420 287 51 19
154 22 51 15
346 109 51 14
