50 12
277 221 45 6
320 493 45 5
62 237 45 16
83 313 45 12
71 420 45 9
83 291 45 18
147 388 45 2
108 463 45 1
365 536 45 8
463 322 45 10
425 113 45 10
498 495 45 11
154 9 45 11
261 153 45 2
216 286 45 18
497 368 45 13
193 30 45 12
391 199 45 18
186 16 45 16
521 478 45 2
235 418 45 18
168 430 45 2
171 36 45 6
348 359 45 16
414 27 45 8
290 523 45 4
519 231 45 13
103 74 45 1
149 321 45 5
184 294 45 4
117 43 45 9
163 273 45 5
155 443 45 5
156 244 45 19
433 172 45 7
386 462 45 9
283 495 45 3
210 50 45 10
396 260 45 2
51 506 45 19
246 75 45 9
372 237 45 15
381 392 45 7
487 547 45 6
404 494 45 13
409 332 45 18
451 129 45 1
177 338 45 17
37 249 45 16
156 299 45 20
