50 12
275 535 48 13
298 12 48 1
399 123 48 12
247 90 48 4
542 361 48 11
101 538 48 5
389 408 48 17
82 432 48 4
241 59 48 2
531 465 48 18
539 254 48 15
241 66 48 4
296 526 48 16
381 287 48 17
73 281 48 6
493 443 48 18
57 347 48 16
228 428 48 16
26 121 48 10
44 104 48 7
99 157 48 13
204 398 48 3
320 208 48 14
73 42 48 18
462 114 48 18
118 59 48 6
373 177 48 17
3 466 48 8
65 492 48 1
185 535 48 10
222 149 48 6
89 352 48 8
507 186 48 20
419 258 48 14
70 172 48 5
63 352 48 4
499 239 48 14
249 242 48 17
365 306 48 11
116 490 48 13
32 226 48 1
105 314 48 17
90 336 48 8
283 269 48 1
516 400 48 1
316 462 48 12
298 476 48 7
456 177 48 18
533 56 48 16
7 171 48 6
