50 5
403 84 124 10
24 225 124 17
460 441 124 18
81 436 124 1
472 216 124 18
333 519 124 17
357 270 124 20
78 87 124 11
538 131 124 12
224 469 124 9
152 324 124 20
534 348 124 2
148 322 124 4
210 403 124 15
485 327 124 7
496 174 124 17
252 46 124 5
417 123 124 8
484 113 124 19
220 336 124 6
265 2 124 9
331 535 124 19
136 197 124 12
381 407 124 5
515 344 124 17
318 292 124 9
216 58 124 9
321 474 124 2
513 410 124 4
350 145 124 13
170 409 124 14
314 254 124 6
320 389 124 7
101 222 124 5
345 190 124 9
431 22 124 12
205 237 124 18
509 10 124 18
450 37 124 18
19 448 124 6
533 71 124 6
501 446 124 13
518 219 124 4
185 381 124 7
258 240 124 7
127 123 124 19
411 389 124 11
143 350 124 19
472 315 124 12
55 395 124 14
