50 12
461 127 46 1
366 28 46 13
536 303 46 2
386 133 46 17
496 48 46 9
29 126 46 14
3 94 46 17
147 246 46 10
442 240 46 11
83 425 46 11
401 400 46 17
497 218 46 8
490 269 46 7
144 107 46 14
236 117 46 15
113 145 46 6
157 209 46 2
262 355 46 17
514 311 46 19
6 393 46 3
352 247 46 14
339 196 46 10
415 200 46 14
309 343 46 2
396 93 46 10
531 205 46 6
244 423 46 10
50 138 46 6
163 104 46 4
516 110 46 4
198 523 46 9
342 377 46 19
157 244 46 18
301 67 46 7
5 463 46 3
433 446 46 17
459 143 46 12
208 254 46 15
311 417 46 15
178 447 46 15
500 159 46 9
520 501 46 8
313 172 46 11
304 534 46 2
153 538 46 9
156 424 46 2
363 397 46 3
446 57 46 9
119 429 46 3
505 60 46 16
