50 16
94 331 39 18
83 45 39 11
205 243 39 17
22 425 39 8
291 438 39 10
501 307 39 8
142 308 39 1
79 348 39 6
257 371 39 18
50 253 39 12
333 346 39 1
385 491 39 7
494 148 39 15
234 170 39 8
268 460 39 17
382 475 39 15
170 131 39 19
232 210 39 9
283 528 39 18
291 30 39 18
250 362 39 16
538 200 39 1
448 146 39 20
539 441 39 1
83 162 39 14
3 58 39 5
353 289 39 16
463 521 39 2
436 318 39 3
294 62 39 19
404 311 39 1
375 363 39 17
227 264 39 6
289 317 39 16
34 461 39 7
239 463 39 8
433 330 39 17
210 246 39 8
259 196 39 6
287 489 39 19
345 345 39 19
279 235 39 6
412 523 39 11
205 326 39 8
438 360 39 5
410 113 39 9
377 545 39 16
147 269 39 15
500 527 39 15
14 329 39 17
