50 5
173 58 100 19
215 376 100 17
241 44 100 7
59 396 100 12
494 352 100 14
230 24 100 17
157 346 100 20
521 247 100 7
176 148 100 11
530 50 100 5
341 222 100 7
126 498 100 14
389 191 100 9
81 312 100 7
7 258 100 2
128 488 100 3
521 159 100 1
29 132 100 12
242 369 100 19
243 413 100 8
384 206 100 1
98 393 100 2
125 296 100 18
257 376 100 4
238 382 100 17
85 24 100 1
18 545 100 14
295 88 100 16
272 391 100 2
521 87 100 3
209 532 100 1
181 82 100 2
166 268 100 6
279 525 100 11
218 277 100 9
476 424 100 12
128 441 100 2
546 250 100 6
64 37 100 1
434 10 100 19
185 218 100 16
140 461 100 17
3 79 100 17
160 419 100 7
146 89 100 13
28 79 100 9
542 206 100 5
507 205 100 6
74 268 100 2
31 216 100 4
