50 16
303 257 37 16
540 526 37 2
544 95 37 16
241 367 37 15
235 452 37 18
172 125 37 12
420 55 37 5
373 36 37 8
117 32 37 19
134 253 37 1
233 9 37 12
328 63 37 1
454 59 37 7
366 299 37 16
478 48 37 20
516 219 37 15
258 154 37 12
284 41 37 2
113 157 37 19
130 290 37 1
525 37 37 3
83 426 37 7
227 395 37 8
466 213 37 6
524 205 37 16
2 174 37 3
151 431 37 19
478 229 37 12
294 404 37 14
140 533 37 8
239 510 37 4
408 107 37 6
92 334 37 10
443 252 37 7
545 291 37 17
209 292 37 8
92 504 37 20
189 434 37 13
327 242 37 11
73 382 37 4
171 73 37 17
366 543 37 8
502 87 37 3
485 530 37 8
196 42 37 17
49 251 37 14
137 342 37 13
170 530 37 5
431 309 37 13
2 444 37 14
