50 16
491 174 37 5
375 201 37 15
424 172 37 15
150 18 37 19
376 439 37 5
194 198 37 17
363 490 37 15
543 295 37 2
368 182 37 15
3 490 37 13
49 433 37 20
52 323 37 6
332 199 37 3
358 410 37 10
336 301 37 19
58 494 37 11
209 371 37 11
162 367 37 3
306 187 37 18
98 251 37 20
41 362 37 4
220 413 37 7
53 197 37 18
57 8 37 4
140 405 37 12
177 463 37 6
411 124 37 18
40 347 37 7
26 168 37 18
254 265 37 16
425 367 37 18
543 40 37 12
498 92 37 11
104 210 37 11
120 411 37 10
498 40 37 3
275 450 37 6
423 5 37 19
389 92 37 18
57 345 37 2
523 284 37 3
317 341 37 5
524 291 37 1
505 395 37 9
492 29 37 7
337 42 37 4
97 316 37 4
43 191 37 4
335 95 37 19
247 151 37 18
