50 12
217 485 50 16
88 274 50 17
278 123 50 15
153 173 50 2
130 377 50 15
351 247 50 8
450 196 50 13
274 448 50 12
254 541 50 12
541 543 50 16
243 274 50 12
47 423 50 1
36 153 50 17
406 367 50 6
193 11 50 5
488 362 50 4
46 326 50 20
251 52 50 13
533 367 50 3
246 360 50 5
382 117 50 16
517 163 50 13
379 260 50 7
425 118 50 19
96 311 50 13
205 313 50 20
137 358 50 20
202 124 50 3
230 171 50 18
250 417 50 10
328 251 50 8
131 283 50 1
419 114 50 11
313 538 50 6
88 148 50 18
482 414 50 9
206 3 50 20
254 204 50 6
354 433 50 6
336 198 50 4
192 525 50 7
164 108 50 5
299 527 50 11
209 354 50 1
174 441 50 20
511 437 50 16
66 95 50 8
41 349 50 19
139 217 50 11
470 5 50 5
