50 5
448 3 113 13
75 546 113 7
353 409 113 14
492 435 113 3
249 162 113 18
204 35 113 15
225 93 113 20
536 151 113 15
361 12 113 11
523 109 113 19
484 10 113 4
137 146 113 18
477 499 113 5
524 505 113 19
287 206 113 3
216 409 113 3
55 149 113 14
378 137 113 11
218 12 113 1
494 534 113 17
263 470 113 5
34 121 113 9
412 50 113 15
166 88 113 1
355 375 113 8
157 105 113 9
56 221 113 5
108 52 113 15
311 331 113 19
102 339 113 13
2 54 113 14
519 149 113 20
88 75 113 3
217 240 113 2
303 47 113 13
48 266 113 13
325 383 113 19
141 490 113 8
155 316 113 10
180 417 113 3
253 418 113 9
249 390 113 11
428 539 113 14
109 209 113 7
424 26 113 7
82 135 113 10
453 459 113 6
497 52 113 1
108 268 113 8
48 509 113 3
