50 5
232 373 102 17
521 300 102 14
502 209 102 2
465 114 102 4
141 462 102 12
214 20 102 1
520 134 102 10
33 520 102 6
421 138 102 14
499 408 102 8
188 92 102 5
451 128 102 5
207 82 102 14
509 546 102 3
32 139 102 1
119 414 102 14
46 449 102 7
141 481 102 15
260 416 102 15
167 368 102 10
471 8 102 10
115 521 102 7
120 180 102 3
333 141 102 12
237 234 102 3
539 414 102 6
376 460 102 8
407 115 102 6
473 436 102 13
191 55 102 16
255 40 102 4
534 216 102 4
393 397 102 2
333 182 102 11
271 418 102 4
471 472 102 14
476 362 102 3
444 221 102 8
407 209 102 18
239 399 102 18
437 168 102 15
158 216 102 1
399 61 102 4
334 393 102 18
410 178 102 4
234 164 102 16
471 154 102 15
74 51 102 12
399 519 102 12
66 210 102 17
