50 5
339 423 118 18
320 415 118 20
406 10 118 15
37 529 118 13
226 217 118 17
518 210 118 17
381 115 118 20
466 132 118 10
111 80 118 11
453 99 118 3
360 437 118 16
205 209 118 5
170 67 118 20
391 165 118 6
207 391 118 9
66 423 118 2
390 318 118 15
122 237 118 16
193 347 118 6
434 252 118 2
359 127 118 3
221 393 118 15
13 77 118 9
361 467 118 10
143 126 118 13
266 253 118 12
536 95 118 16
435 216 118 10
527 470 118 11
151 418 118 18
421 291 118 14
95 27 118 16
524 39 118 15
535 399 118 5
164 56 118 11
306 321 118 16
324 371 118 2
112 320 118 6
198 299 118 11
83 450 118 5
343 385 118 4
183 479 118 6
414 455 118 12
237 505 118 5
463 183 118 10
392 488 118 5
27 264 118 5
303 437 118 2
309 87 118 13
362 231 118 13
