50 16
526 161 33 6
331 237 33 18
476 283 33 12
350 79 33 3
300 383 33 20
541 349 33 14
373 282 33 2
331 400 33 2
220 159 33 2
320 458 33 4
445 498 33 4
294 281 33 5
232 272 33 15
204 74 33 12
447 435 33 15
285 491 33 8
522 316 33 12
408 161 33 3
418 381 33 6
480 215 33 12
74 112 33 3
437 467 33 19
490 151 33 19
278 354 33 3
268 315 33 14
31 114 33 4
266 150 33 3
236 11 33 2
120 490 33 3
224 484 33 13
239 72 33 18
265 508 33 11
87 450 33 13
180 242 33 3
409 509 33 1
525 54 33 12
99 320 33 3
473 8 33 14
523 127 33 19
406 350 33 7
18 103 33 5
288 368 33 12
477 516 33 18
331 211 33 15
54 72 33 16
153 111 33 13
365 209 33 19
180 196 33 1
67 172 33 5
443 92 33 17
