1000 142
156 301 84 9
22 155 84 7
297 298 84 9
66 186 84 15
181 224 84 18
201 303 84 20
179 20 84 15
124 274 84 8
41 133 84 5
311 263 84 6
144 315 84 14
184 20 84 13
50 316 84 2
138 65 84 19
152 141 84 2
245 25 84 4
301 99 84 8
203 118 84 5
158 158 84 2
206 152 84 12
63 191 84 10
220 58 84 1
112 3 84 9
301 36 84 13
151 187 84 18
12 12 84 14
284 312 84 17
47 198 84 14
191 251 84 8
152 140 84 11
60 98 84 10
281 213 84 15
102 9 84 14
238 205 84 1
18 40 84 16
255 263 84 3
97 230 84 14
37 172 84 7
306 259 84 17
101 94 84 8
260 153 84 1
189 14 84 5
175 115 84 17
60 248 84 18
193 265 84 5
196 100 84 19
106 196 84 9
115 128 84 20
217 117 84 18
149 114 84 16
220 57 84 4
72 245 84 5
136 315 84 11
105 271 84 18
174 147 84 3
74 238 84 2
24 27 84 13
312 37 84 20
140 149 84 20
225 297 84 9
88 200 84 9
316 167 84 17
240 302 84 4
279 302 84 18
248 55 84 4
62 128 84 17
187 48 84 7
191 43 84 3
218 78 84 19
258 303 84 19
94 286 84 6
303 181 84 8
19 105 84 1
50 67 84 3
247 210 84 9
274 168 84 5
118 250 84 8
200 125 84 10
214 238 84 20
60 179 84 14
202 273 84 11
19 155 84 4
2 173 84 8
287 119 84 6
137 49 84 15
149 219 84 18
289 232 84 16
160 12 84 12
286 225 84 5
69 285 84 8
154 66 84 12
208 85 84 14
23 86 84 14
258 268 84 16
139 300 84 17
126 133 84 19
279 105 84 2
262 161 84 1
265 26 84 2
294 94 84 18
81 247 84 3
36 34 84 19
249 269 84 9
110 210 84 12
90 33 84 20
14 158 84 4
52 16 84 4
5 174 84 4
182 122 84 9
267 99 84 2
216 75 84 16
230 110 84 14
225 254 84 18
305 48 84 7
232 33 84 11
39 258 84 4
294 309 84 16
234 209 84 1
17 286 84 2
38 236 84 17
151 31 84 3
91 261 84 1
276 169 84 18
97 53 84 17
23 180 84 13
194 219 84 6
101 92 84 10
24 9 84 3
16 26 84 12
130 63 84 12
26 109 84 18
208 199 84 14
80 54 84 2
102 46 84 18
170 281 84 18
167 158 84 16
104 154 84 11
246 178 84 4
280 89 84 1
179 218 84 11
314 139 84 15
60 243 84 2
65 6 84 3
239 107 84 5
44 173 84 17
29 23 84 2
128 126 84 3
3 267 84 8
98 230 84 17
218 305 84 2
192 302 84 5
62 257 84 3
239 6 84 20
154 140 84 3
10 183 84 3
250 212 84 9
123 235 84 10
253 237 84 17
37 18 84 2
225 131 84 18
314 6 84 8
226 280 84 8
64 98 84 17
120 251 84 4
178 260 84 19
92 89 84 10
240 211 84 12
197 44 84 17
1 292 84 10
35 200 84 13
56 197 84 2
171 107 84 9
15 66 84 3
287 185 84 17
171 258 84 17
237 33 84 17
306 272 84 4
81 49 84 19
305 49 84 10
127 295 84 5
79 35 84 9
248 101 84 3
65 115 84 13
191 298 84 17
251 152 84 19
47 284 84 11
248 273 84 3
27 249 84 3
273 134 84 11
178 260 84 18
70 22 84 12
266 269 84 20
41 229 84 3
93 315 84 16
13 146 84 3
87 192 84 6
194 123 84 2
152 45 84 2
54 1 84 7
4 178 84 18
249 143 84 3
4 93 84 20
280 29 84 16
250 17 84 15
201 241 84 4
199 12 84 11
60 101 84 2
193 148 84 2
258 201 84 3
37 204 84 12
74 33 84 7
29 36 84 15
148 211 84 11
75 144 84 7
105 240 84 11
176 18 84 14
123 77 84 6
88 269 84 17
97 107 84 1
107 39 84 1
87 8 84 13
209 36 84 8
215 79 84 7
249 50 84 10
299 154 84 18
169 226 84 19
263 244 84 12
140 15 84 8
165 111 84 18
285 114 84 12
293 96 84 8
229 200 84 19
97 98 84 18
175 30 84 19
292 224 84 8
229 288 84 9
288 234 84 16
3 270 84 6
302 118 84 17
76 86 84 18
99 275 84 5
130 187 84 16
197 179 84 1
134 249 84 14
224 121 84 9
47 33 84 12
308 4 84 14
179 218 84 3
277 204 84 16
169 175 84 13
70 273 84 15
66 87 84 6
261 179 84 20
133 312 84 17
34 219 84 9
54 161 84 9
45 48 84 1
270 123 84 14
28 83 84 17
115 147 84 19
288 112 84 4
314 73 84 6
211 17 84 8
287 45 84 19
191 78 84 5
111 131 84 13
167 71 84 9
123 25 84 3
193 264 84 5
253 63 84 11
68 246 84 18
155 243 84 14
224 34 84 14
155 216 84 10
81 302 84 11
121 96 84 1
217 262 84 19
45 281 84 11
207 157 84 11
135 305 84 13
1 268 84 10
294 106 84 20
131 13 84 17
92 167 84 12
97 247 84 13
75 263 84 8
79 60 84 18
258 316 84 2
252 207 84 14
194 237 84 2
94 238 84 6
135 215 84 7
315 242 84 16
211 229 84 6
111 222 84 1
207 192 84 3
83 271 84 6
116 108 84 10
113 43 84 8
58 133 84 12
307 122 84 17
192 153 84 20
183 151 84 5
294 45 84 5
255 51 84 14
147 258 84 10
94 236 84 16
203 35 84 19
208 43 84 13
315 100 84 17
131 90 84 7
291 282 84 19
34 44 84 17
126 233 84 5
235 171 84 20
40 214 84 5
141 307 84 20
92 89 84 2
46 193 84 12
43 191 84 7
67 217 84 4
213 192 84 13
91 121 84 20
119 247 84 20
88 61 84 3
211 100 84 16
67 137 84 14
54 124 84 6
75 170 84 10
34 108 84 5
92 70 84 13
135 179 84 12
40 269 84 5
199 284 84 11
275 55 84 11
205 161 84 14
32 123 84 6
61 176 84 18
178 146 84 11
172 179 84 18
40 270 84 15
20 300 84 1
192 23 84 6
168 118 84 13
286 76 84 19
148 280 84 7
5 207 84 9
315 267 84 16
116 24 84 1
194 195 84 15
63 130 84 16
1 46 84 19
14 237 84 6
191 88 84 3
123 269 84 6
5 100 84 1
47 104 84 3
211 314 84 13
130 9 84 12
194 202 84 7
224 264 84 12
315 161 84 1
73 70 84 17
66 260 84 16
176 278 84 8
257 282 84 15
301 224 84 19
27 14 84 8
123 143 84 13
35 20 84 18
141 139 84 6
272 33 84 10
133 1 84 11
125 279 84 18
205 34 84 11
132 291 84 12
159 171 84 7
185 198 84 12
208 216 84 6
240 250 84 9
54 286 84 7
131 242 84 15
264 270 84 15
46 78 84 1
87 178 84 7
301 206 84 9
60 260 84 15
42 128 84 12
37 231 84 20
282 51 84 13
230 104 84 7
212 234 84 4
122 77 84 5
244 18 84 6
117 316 84 16
235 300 84 1
11 43 84 8
169 84 84 7
209 16 84 17
44 297 84 19
24 210 84 2
290 1 84 3
61 18 84 19
101 261 84 4
115 61 84 15
202 191 84 14
74 201 84 20
205 266 84 3
43 54 84 2
111 97 84 6
230 16 84 19
135 306 84 3
170 262 84 20
176 47 84 17
200 57 84 5
222 154 84 12
228 227 84 16
171 11 84 13
198 53 84 6
135 59 84 6
53 288 84 18
75 3 84 7
310 68 84 8
33 139 84 6
229 22 84 10
170 244 84 11
197 155 84 13
108 221 84 15
285 102 84 11
94 133 84 14
316 185 84 5
29 155 84 3
47 148 84 6
10 77 84 9
232 305 84 10
193 158 84 9
204 38 84 11
20 42 84 16
163 10 84 17
253 315 84 17
86 210 84 13
103 238 84 16
17 284 84 15
315 294 84 15
119 105 84 12
260 193 84 1
225 80 84 15
239 312 84 8
158 158 84 5
179 306 84 3
227 288 84 17
144 286 84 6
111 302 84 14
121 300 84 11
208 102 84 3
71 46 84 11
199 166 84 19
261 88 84 18
48 246 84 15
56 4 84 20
63 230 84 11
279 269 84 20
312 275 84 2
209 80 84 13
83 287 84 3
273 253 84 12
24 31 84 1
170 292 84 8
311 23 84 5
85 79 84 8
164 141 84 2
215 315 84 2
130 206 84 5
135 311 84 16
20 289 84 18
6 246 84 18
249 269 84 4
25 18 84 3
100 224 84 6
1 308 84 16
220 155 84 4
37 265 84 2
19 79 84 3
275 109 84 1
190 24 84 18
75 29 84 7
212 277 84 7
275 197 84 12
102 297 84 15
59 193 84 2
94 96 84 16
165 29 84 9
234 259 84 19
300 113 84 7
149 302 84 11
182 60 84 3
144 167 84 4
270 125 84 8
97 122 84 12
43 180 84 12
296 273 84 16
71 17 84 8
219 146 84 18
129 130 84 6
44 174 84 3
86 39 84 2
52 78 84 8
191 31 84 16
211 23 84 2
2 65 84 1
90 256 84 18
169 222 84 6
276 125 84 20
221 253 84 13
278 296 84 14
216 277 84 4
213 225 84 17
272 311 84 3
139 101 84 1
128 103 84 9
297 192 84 8
214 44 84 5
251 215 84 1
14 15 84 10
222 292 84 13
183 87 84 10
182 195 84 6
258 150 84 12
260 288 84 9
180 100 84 7
164 292 84 18
299 189 84 1
24 19 84 3
188 245 84 1
185 46 84 20
58 229 84 18
311 94 84 12
264 248 84 1
315 191 84 4
151 267 84 3
301 10 84 18
10 309 84 10
290 228 84 5
152 311 84 1
28 180 84 2
91 237 84 2
240 127 84 16
267 74 84 7
23 284 84 9
67 15 84 3
105 315 84 9
15 221 84 13
112 194 84 16
124 30 84 14
276 57 84 9
262 148 84 17
159 283 84 15
258 234 84 12
76 256 84 8
297 218 84 14
151 7 84 4
15 21 84 8
83 28 84 18
62 48 84 7
248 7 84 3
84 164 84 6
265 219 84 9
255 160 84 6
3 236 84 13
246 216 84 3
187 262 84 9
22 173 84 9
290 255 84 12
223 213 84 7
293 144 84 2
103 123 84 9
273 71 84 19
93 10 84 19
146 224 84 6
246 153 84 17
36 235 84 14
44 152 84 18
284 125 84 13
132 243 84 1
238 219 84 8
247 6 84 6
104 278 84 9
178 266 84 6
308 307 84 17
41 236 84 13
201 168 84 7
307 107 84 10
164 287 84 15
276 314 84 17
284 235 84 4
15 62 84 17
185 165 84 14
5 238 84 3
150 230 84 1
202 270 84 12
198 51 84 7
112 41 84 6
73 100 84 16
159 60 84 1
280 239 84 19
303 254 84 12
123 18 84 20
220 22 84 10
266 171 84 3
198 268 84 12
49 149 84 14
280 260 84 14
301 16 84 10
80 71 84 13
68 34 84 15
186 232 84 16
50 38 84 9
289 153 84 14
134 314 84 16
208 195 84 3
28 139 84 7
1 102 84 6
227 86 84 18
236 61 84 20
200 24 84 1
190 106 84 4
14 51 84 13
66 23 84 5
244 53 84 2
171 260 84 16
50 287 84 6
76 184 84 4
46 94 84 13
31 225 84 2
298 108 84 1
178 297 84 10
289 206 84 16
17 168 84 15
1 95 84 11
194 161 84 6
161 210 84 13
266 286 84 16
157 15 84 5
242 257 84 13
71 238 84 4
31 311 84 20
97 283 84 10
212 299 84 1
246 195 84 19
16 284 84 19
258 128 84 17
50 77 84 10
25 130 84 16
305 55 84 20
177 21 84 5
156 51 84 11
11 43 84 13
284 255 84 11
92 184 84 5
206 96 84 4
61 37 84 15
229 86 84 15
262 110 84 12
205 310 84 14
192 170 84 18
208 9 84 13
218 19 84 19
194 199 84 5
48 186 84 5
96 288 84 20
111 32 84 8
149 156 84 5
263 313 84 14
191 201 84 11
68 288 84 20
282 75 84 4
22 292 84 14
224 65 84 20
157 112 84 10
273 103 84 5
168 109 84 20
311 257 84 7
119 203 84 3
36 289 84 7
262 41 84 6
237 218 84 20
8 239 84 15
221 42 84 7
213 198 84 18
178 154 84 12
222 217 84 20
297 107 84 8
211 225 84 14
17 260 84 11
23 101 84 19
212 21 84 20
159 240 84 18
293 41 84 19
175 253 84 13
168 10 84 18
159 231 84 11
154 211 84 5
89 105 84 18
226 17 84 13
128 39 84 10
174 250 84 10
17 304 84 6
98 280 84 14
117 138 84 14
17 201 84 7
282 255 84 9
132 92 84 7
301 180 84 11
62 301 84 3
294 9 84 1
99 182 84 10
137 95 84 9
310 88 84 16
311 204 84 17
144 116 84 9
302 82 84 7
58 109 84 18
236 305 84 1
202 50 84 9
80 28 84 9
312 22 84 3
57 54 84 17
1 259 84 4
224 253 84 8
164 292 84 7
200 277 84 12
70 230 84 17
31 149 84 13
67 246 84 3
299 9 84 18
224 216 84 19
226 168 84 5
6 168 84 15
189 287 84 20
52 30 84 3
135 229 84 16
194 298 84 13
46 224 84 14
99 290 84 11
201 273 84 4
226 76 84 7
168 301 84 7
60 306 84 14
211 74 84 13
194 126 84 10
48 156 84 7
179 33 84 8
224 79 84 12
313 177 84 9
15 273 84 9
42 182 84 20
77 245 84 16
67 305 84 5
120 95 84 11
40 184 84 20
94 231 84 19
168 94 84 11
223 1 84 5
82 313 84 13
231 11 84 17
231 265 84 6
203 237 84 7
158 303 84 7
103 2 84 1
229 42 84 16
164 31 84 6
150 198 84 7
168 316 84 3
265 82 84 7
13 208 84 10
34 122 84 6
131 8 84 2
157 166 84 16
171 164 84 1
71 288 84 10
258 135 84 4
44 180 84 9
134 31 84 13
121 191 84 10
315 100 84 17
204 133 84 2
149 159 84 10
118 316 84 15
181 66 84 2
246 137 84 17
143 78 84 3
71 17 84 6
91 47 84 12
111 63 84 3
4 61 84 18
208 161 84 18
114 309 84 8
27 7 84 19
213 187 84 5
34 12 84 9
38 155 84 2
72 121 84 7
181 211 84 9
4 218 84 11
18 221 84 3
27 9 84 3
168 122 84 20
48 44 84 2
242 256 84 8
82 185 84 20
58 118 84 6
8 85 84 10
186 265 84 20
94 164 84 13
276 182 84 14
202 208 84 14
185 272 84 11
160 215 84 10
37 36 84 1
100 14 84 1
283 71 84 2
304 290 84 2
129 55 84 14
61 44 84 1
209 3 84 6
158 101 84 10
115 285 84 9
89 24 84 3
106 60 84 18
274 55 84 3
310 234 84 6
43 221 84 19
176 34 84 10
153 306 84 17
294 198 84 4
195 252 84 20
200 50 84 12
56 139 84 19
126 140 84 10
128 98 84 8
246 91 84 1
227 134 84 6
182 205 84 19
87 254 84 12
139 127 84 9
90 217 84 4
37 101 84 10
268 52 84 20
314 178 84 11
103 305 84 8
263 130 84 7
235 253 84 4
8 118 84 20
130 100 84 17
241 238 84 7
130 224 84 8
269 156 84 20
38 4 84 11
157 1 84 16
100 104 84 12
139 262 84 14
165 180 84 6
220 84 84 19
164 213 84 2
44 34 84 3
51 163 84 6
170 11 84 10
73 261 84 17
27 313 84 17
267 96 84 8
178 235 84 1
115 295 84 9
304 199 84 16
190 46 84 12
71 89 84 17
190 35 84 11
7 100 84 18
84 172 84 6
60 95 84 10
249 45 84 18
12 222 84 20
249 233 84 2
245 220 84 20
8 306 84 5
299 272 84 2
308 145 84 8
270 48 84 12
243 131 84 11
56 87 84 1
182 19 84 13
299 242 84 3
18 70 84 11
243 314 84 14
139 5 84 11
291 200 84 3
8 191 84 3
76 40 84 18
243 283 84 9
161 234 84 11
174 99 84 5
126 81 84 18
196 310 84 12
182 237 84 5
72 271 84 18
58 141 84 9
104 149 84 7
87 224 84 2
220 150 84 4
64 206 84 18
206 63 84 4
262 85 84 1
244 280 84 6
191 146 84 14
239 113 84 8
84 170 84 9
232 170 84 9
46 256 84 16
4 159 84 13
35 119 84 10
88 8 84 1
32 166 84 17
56 93 84 12
73 283 84 1
223 101 84 5
10 185 84 19
150 312 84 12
226 42 84 19
105 257 84 9
29 291 84 19
159 275 84 3
35 306 84 4
207 257 84 12
130 225 84 18
307 131 84 18
67 37 84 10
209 82 84 2
204 308 84 3
34 308 84 15
23 21 84 9
129 75 84 19
35 5 84 4
210 211 84 20
269 236 84 9
294 226 84 7
316 189 84 11
101 81 84 5
94 181 84 20
24 110 84 19
210 132 84 3
55 157 84 13
281 191 84 1
181 297 84 3
20 145 84 15
84 123 84 12
175 18 84 4
197 14 84 9
301 4 84 5
292 27 84 14
275 237 84 6
69 187 84 18
42 151 84 12
230 227 84 12
313 247 84 13
315 14 84 11
122 188 84 4
222 69 84 9
194 265 84 4
30 241 84 7
291 95 84 15
52 163 84 17
181 100 84 11
81 14 84 14
172 10 84 4
92 220 84 9
30 25 84 9
301 142 84 13
166 231 84 5
33 260 84 9
139 235 84 11
61 286 84 6
169 47 84 17
8 23 84 18
73 90 84 11
280 182 84 10
184 211 84 11
172 92 84 16
228 257 84 15
129 185 84 2
165 220 84 16
84 280 84 10
61 29 84 20
137 248 84 2
227 216 84 15
117 179 84 16
227 258 84 3
257 114 84 14
112 237 84 6
94 49 84 14
20 214 84 5
179 193 84 17
