1000 142
147 186 84 11
294 215 84 14
9 223 84 14
182 27 84 14
11 252 84 12
214 155 84 7
111 39 84 17
157 12 84 2
248 244 84 12
11 233 84 9
178 275 84 14
120 148 84 17
26 157 84 19
171 234 84 1
100 140 84 12
68 38 84 7
90 44 84 1
158 200 84 20
219 28 84 12
94 38 84 8
70 216 84 2
232 231 84 17
84 152 84 9
262 219 84 11
46 2 84 14
81 281 84 11
167 54 84 19
292 108 84 14
7 10 84 13
282 316 84 15
53 69 84 2
98 196 84 4
291 279 84 8
219 120 84 14
65 165 84 7
263 246 84 12
77 308 84 5
251 283 84 12
309 290 84 18
289 151 84 13
307 204 84 9
224 301 84 1
164 275 84 3
255 178 84 15
144 138 84 19
34 84 84 4
309 57 84 20
218 307 84 6
129 195 84 3
50 168 84 14
182 158 84 17
67 278 84 5
255 125 84 12
89 275 84 1
43 314 84 10
58 31 84 18
213 236 84 14
44 33 84 20
158 161 84 19
140 211 84 14
169 76 84 3
85 38 84 16
302 292 84 20
57 65 84 2
305 3 84 15
270 272 84 10
3 169 84 5
4 108 84 17
208 265 84 17
78 301 84 15
11 49 84 3
313 134 84 8
261 119 84 4
16 175 84 4
154 59 84 2
288 12 84 6
137 227 84 2
117 126 84 1
233 17 84 18
90 306 84 14
52 212 84 18
90 209 84 3
166 153 84 17
113 64 84 11
20 217 84 5
141 85 84 1
218 117 84 7
147 234 84 8
80 46 84 17
173 31 84 18
146 83 84 10
63 68 84 6
218 233 84 2
70 241 84 17
309 156 84 18
185 297 84 18
177 198 84 18
291 241 84 15
215 216 84 13
155 284 84 11
296 9 84 17
17 71 84 1
262 288 84 1
239 254 84 2
176 142 84 1
225 10 84 9
146 83 84 11
79 57 84 3
142 167 84 2
38 5 84 17
176 197 84 5
81 213 84 19
53 159 84 7
49 293 84 4
286 48 84 9
47 272 84 10
315 313 84 16
45 288 84 17
15 113 84 19
96 150 84 12
144 221 84 12
200 301 84 12
11 249 84 6
217 298 84 7
44 267 84 10
224 209 84 6
97 208 84 14
265 148 84 1
173 163 84 13
143 258 84 14
14 298 84 15
185 181 84 3
45 87 84 8
62 303 84 13
268 242 84 19
206 149 84 8
311 246 84 19
96 194 84 2
169 262 84 12
249 88 84 10
163 102 84 3
193 182 84 15
207 122 84 10
50 184 84 8
86 135 84 10
73 236 84 18
268 126 84 7
146 222 84 12
171 286 84 9
43 218 84 1
68 276 84 18
286 48 84 3
156 151 84 9
221 200 84 12
61 286 84 6
250 254 84 2
59 101 84 7
222 246 84 16
261 100 84 9
142 38 84 19
6 1 84 10
183 286 84 18
225 22 84 16
285 242 84 3
212 198 84 20
170 131 84 1
259 86 84 9
157 307 84 6
173 251 84 14
157 288 84 3
255 293 84 16
209 159 84 13
106 280 84 2
257 144 84 12
187 40 84 13
299 105 84 12
31 259 84 9
76 311 84 11
49 167 84 1
18 220 84 1
237 54 84 17
244 262 84 4
116 51 84 3
10 203 84 2
145 74 84 5
161 268 84 17
308 194 84 11
224 269 84 14
26 214 84 4
291 127 84 19
211 47 84 9
3 290 84 2
166 90 84 17
292 99 84 7
142 243 84 8
30 299 84 19
131 291 84 13
173 94 84 9
106 120 84 2
206 94 84 17
104 200 84 7
56 202 84 5
270 52 84 18
114 239 84 8
56 64 84 18
72 306 84 20
250 16 84 18
306 188 84 8
315 294 84 3
116 183 84 4
44 182 84 11
19 238 84 4
179 191 84 15
8 200 84 2
147 151 84 13
212 222 84 14
155 52 84 5
285 41 84 17
296 251 84 10
218 263 84 12
233 202 84 1
27 116 84 18
22 294 84 16
281 197 84 11
42 27 84 10
182 134 84 11
208 289 84 14
248 153 84 15
160 132 84 9
261 245 84 15
228 57 84 17
273 83 84 12
238 316 84 6
290 176 84 10
224 217 84 9
205 295 84 2
92 186 84 2
241 117 84 6
115 173 84 13
240 117 84 5
102 241 84 17
270 197 84 11
238 118 84 11
79 91 84 2
116 211 84 15
180 99 84 17
274 86 84 18
235 11 84 18
137 125 84 2
277 260 84 3
30 46 84 19
154 315 84 3
45 132 84 16
43 210 84 15
216 222 84 9
186 297 84 11
134 150 84 1
163 69 84 15
309 101 84 3
206 61 84 11
220 90 84 8
158 244 84 14
188 184 84 10
20 226 84 3
154 125 84 4
78 311 84 9
312 24 84 2
316 187 84 6
14 75 84 10
49 280 84 3
27 80 84 4
262 133 84 19
75 5 84 14
20 236 84 15
175 73 84 8
130 46 84 6
278 253 84 5
260 149 84 15
309 162 84 17
143 106 84 9
37 28 84 8
232 289 84 8
251 48 84 16
32 67 84 15
143 137 84 11
170 163 84 12
191 20 84 5
131 279 84 17
258 272 84 14
142 98 84 12
202 30 84 7
25 157 84 12
193 303 84 19
48 19 84 17
139 57 84 6
197 226 84 16
197 312 84 15
133 126 84 10
113 67 84 13
150 105 84 18
293 306 84 7
148 15 84 11
83 103 84 14
65 150 84 8
9 288 84 20
90 169 84 9
125 261 84 8
180 289 84 5
197 85 84 16
65 130 84 16
30 107 84 5
132 150 84 3
178 232 84 17
107 192 84 3
54 200 84 6
161 186 84 6
285 310 84 6
88 173 84 2
17 53 84 2
224 13 84 20
115 254 84 6
311 69 84 11
206 247 84 14
98 249 84 13
244 303 84 16
154 147 84 13
231 12 84 15
253 99 84 11
246 115 84 20
220 234 84 4
219 244 84 14
8 239 84 14
262 128 84 8
223 225 84 9
163 49 84 15
198 202 84 17
315 12 84 16
213 264 84 7
75 90 84 17
306 205 84 11
234 107 84 6
311 114 84 20
244 271 84 3
216 177 84 12
120 235 84 4
10 12 84 13
46 10 84 4
202 118 84 16
244 193 84 9
296 78 84 13
162 311 84 11
272 305 84 8
303 129 84 14
42 240 84 6
217 43 84 16
20 52 84 11
24 309 84 5
251 194 84 2
6 17 84 2
166 313 84 8
110 158 84 2
160 9 84 19
219 312 84 3
232 249 84 2
213 149 84 8
8 168 84 15
131 87 84 19
159 233 84 1
200 239 84 13
14 300 84 13
221 94 84 15
2 253 84 15
300 52 84 10
306 283 84 18
235 76 84 6
206 83 84 13
124 109 84 11
247 267 84 16
247 47 84 2
263 272 84 17
172 72 84 6
134 285 84 11
104 269 84 6
282 258 84 16
75 177 84 19
229 278 84 18
233 86 84 6
116 228 84 9
231 158 84 7
164 316 84 14
80 67 84 9
302 200 84 13
40 200 84 9
249 61 84 7
216 135 84 3
259 47 84 12
280 176 84 1
93 291 84 20
69 101 84 5
303 264 84 5
176 239 84 19
16 224 84 7
37 159 84 2
9 303 84 14
135 203 84 12
121 41 84 11
281 216 84 18
105 308 84 20
53 61 84 16
261 259 84 7
261 119 84 17
12 30 84 17
174 278 84 15
115 287 84 2
220 105 84 8
39 122 84 8
117 298 84 7
54 298 84 14
177 34 84 6
84 191 84 5
254 135 84 3
243 42 84 8
139 215 84 14
89 13 84 20
26 128 84 12
61 167 84 13
32 179 84 10
6 233 84 12
184 93 84 9
1 177 84 11
77 10 84 18
167 252 84 15
183 74 84 18
264 59 84 18
107 296 84 10
54 41 84 16
19 72 84 6
280 290 84 10
207 53 84 15
64 53 84 11
6 26 84 12
83 192 84 20
202 270 84 17
115 217 84 11
252 219 84 15
97 273 84 7
108 291 84 14
194 254 84 15
195 41 84 11
185 316 84 12
247 5 84 1
3 88 84 4
10 185 84 10
302 299 84 2
233 130 84 1
143 227 84 9
305 18 84 7
222 107 84 8
9 302 84 4
59 170 84 15
162 101 84 12
186 103 84 11
298 8 84 3
47 309 84 9
12 225 84 2
92 263 84 8
128 251 84 6
34 157 84 20
194 61 84 1
185 119 84 7
176 177 84 7
67 46 84 13
257 239 84 8
315 285 84 8
251 297 84 5
316 284 84 3
188 96 84 2
77 25 84 6
284 218 84 18
161 299 84 12
207 158 84 20
249 120 84 2
289 60 84 12
20 58 84 13
271 204 84 17
115 203 84 4
222 74 84 15
159 46 84 16
252 226 84 5
301 70 84 19
152 172 84 8
288 316 84 7
153 184 84 18
256 203 84 11
224 53 84 6
172 168 84 17
300 285 84 10
102 127 84 12
245 274 84 5
186 258 84 2
108 305 84 17
84 276 84 8
282 112 84 19
16 52 84 9
122 171 84 5
12 27 84 4
104 222 84 16
61 7 84 6
168 252 84 19
80 121 84 20
273 228 84 5
109 311 84 12
260 173 84 4
174 84 84 3
290 101 84 1
143 112 84 7
270 111 84 4
50 172 84 19
271 235 84 10
30 211 84 10
257 167 84 1
261 276 84 12
225 115 84 20
196 289 84 3
114 262 84 3
202 300 84 19
213 150 84 13
232 199 84 8
154 153 84 7
223 78 84 5
200 19 84 3
197 175 84 10
188 295 84 1
143 70 84 17
285 183 84 14
107 281 84 10
41 177 84 7
86 304 84 13
301 142 84 5
15 48 84 3
255 144 84 5
30 236 84 15
79 3 84 10
139 145 84 19
171 113 84 10
257 115 84 2
10 156 84 14
228 241 84 1
224 121 84 14
56 32 84 2
178 286 84 13
214 211 84 12
5 290 84 2
90 8 84 18
244 75 84 6
161 15 84 8
254 24 84 3
207 147 84 15
252 54 84 12
229 109 84 19
254 183 84 4
2 80 84 11
301 296 84 20
286 69 84 11
99 313 84 5
132 53 84 11
68 203 84 2
54 93 84 12
177 240 84 17
104 153 84 10
274 90 84 12
309 304 84 19
27 288 84 7
142 258 84 3
265 252 84 19
145 68 84 4
252 31 84 18
65 84 84 6
237 156 84 2
145 259 84 10
58 112 84 19
49 105 84 14
120 27 84 18
170 169 84 3
184 13 84 6
91 157 84 1
50 92 84 19
107 53 84 15
256 289 84 2
13 117 84 5
238 71 84 20
29 119 84 4
226 134 84 11
291 199 84 15
297 67 84 15
135 53 84 19
251 314 84 15
82 104 84 3
312 255 84 3
277 268 84 15
185 85 84 9
101 113 84 16
120 235 84 13
166 209 84 20
276 86 84 10
82 116 84 2
257 50 84 11
103 27 84 6
1 234 84 4
187 195 84 15
281 275 84 4
130 271 84 16
309 75 84 6
201 240 84 15
80 96 84 12
133 177 84 7
238 13 84 8
24 115 84 7
229 115 84 8
269 197 84 6
155 58 84 5
22 83 84 3
2 287 84 17
111 171 84 9
113 147 84 4
96 279 84 12
194 97 84 1
238 120 84 19
308 245 84 14
191 93 84 6
165 143 84 3
97 165 84 1
299 62 84 7
156 172 84 6
148 181 84 4
235 276 84 14
78 50 84 18
250 287 84 10
117 174 84 2
310 260 84 2
67 108 84 12
306 100 84 20
98 295 84 1
73 30 84 9
218 177 84 13
193 307 84 12
238 280 84 13
168 110 84 15
9 122 84 4
198 115 84 20
271 77 84 7
170 66 84 11
234 60 84 5
254 132 84 18
26 33 84 10
190 225 84 4
314 42 84 11
66 209 84 16
1 217 84 5
4 310 84 15
267 160 84 20
114 14 84 5
164 247 84 20
192 80 84 3
145 106 84 19
170 295 84 3
185 188 84 9
59 254 84 5
43 150 84 2
43 153 84 19
158 316 84 15
245 113 84 16
81 276 84 14
293 47 84 1
3 87 84 18
274 256 84 17
136 124 84 8
252 78 84 9
261 120 84 14
66 59 84 11
76 216 84 6
246 40 84 10
113 120 84 1
122 96 84 15
211 311 84 9
88 268 84 16
52 299 84 7
308 235 84 4
80 75 84 16
214 36 84 6
184 7 84 1
49 253 84 20
26 261 84 19
70 279 84 15
160 69 84 5
232 52 84 16
243 104 84 10
273 95 84 20
276 70 84 18
83 283 84 9
160 150 84 20
136 94 84 16
47 15 84 12
78 84 84 2
100 139 84 10
116 54 84 14
191 192 84 9
36 44 84 15
12 4 84 8
273 86 84 15
254 246 84 16
241 277 84 10
60 8 84 12
35 297 84 8
185 292 84 18
86 91 84 16
39 177 84 3
95 212 84 19
245 119 84 18
45 76 84 11
127 225 84 20
42 45 84 13
159 316 84 12
79 246 84 4
190 114 84 7
227 96 84 5
110 134 84 13
185 229 84 12
303 53 84 11
108 97 84 10
314 223 84 6
242 161 84 2
234 3 84 9
129 293 84 10
216 62 84 20
278 185 84 7
114 294 84 16
22 162 84 20
141 148 84 13
275 151 84 9
168 149 84 20
181 286 84 20
238 203 84 6
294 227 84 7
176 126 84 16
171 87 84 4
261 96 84 18
64 117 84 19
308 153 84 19
288 112 84 13
260 279 84 5
35 40 84 14
286 277 84 12
120 151 84 2
142 222 84 19
13 76 84 9
281 232 84 16
106 295 84 16
92 182 84 9
122 49 84 8
303 205 84 18
211 239 84 13
89 209 84 18
64 224 84 16
266 49 84 5
172 273 84 16
165 237 84 3
148 238 84 5
144 226 84 3
292 31 84 11
235 229 84 7
36 20 84 2
193 4 84 6
206 67 84 5
53 228 84 17
17 84 84 9
268 144 84 18
222 291 84 19
262 14 84 4
168 305 84 11
123 223 84 19
281 259 84 18
258 135 84 17
127 24 84 12
219 288 84 3
43 200 84 2
36 151 84 9
265 56 84 12
311 213 84 5
267 65 84 10
253 187 84 4
47 47 84 14
73 305 84 4
205 115 84 15
300 18 84 10
307 272 84 9
292 203 84 3
105 47 84 18
208 42 84 19
220 204 84 19
9 36 84 1
233 294 84 19
294 50 84 7
174 255 84 10
76 134 84 3
162 20 84 2
130 312 84 17
249 100 84 15
214 203 84 8
180 106 84 19
106 11 84 10
218 139 84 12
61 116 84 1
103 289 84 7
48 261 84 1
118 2 84 12
40 131 84 15
268 275 84 2
122 69 84 12
18 248 84 14
12 250 84 4
146 151 84 18
153 107 84 1
209 210 84 6
204 153 84 2
228 167 84 7
167 206 84 1
206 53 84 8
135 174 84 4
55 87 84 19
292 99 84 12
223 244 84 3
188 292 84 13
268 184 84 18
217 283 84 19
110 90 84 17
216 257 84 18
33 42 84 6
124 176 84 7
179 230 84 2
165 101 84 20
85 219 84 7
51 90 84 10
19 254 84 1
197 154 84 16
107 160 84 17
79 271 84 13
152 303 84 2
65 6 84 6
47 184 84 7
116 33 84 8
283 13 84 2
61 63 84 20
26 293 84 9
71 173 84 18
186 175 84 9
286 149 84 8
223 300 84 6
304 48 84 4
141 307 84 3
208 106 84 15
271 73 84 19
236 29 84 1
187 267 84 14
75 21 84 6
117 102 84 17
213 283 84 1
264 189 84 1
198 73 84 8
241 109 84 2
47 212 84 16
98 166 84 8
264 298 84 16
285 168 84 2
282 139 84 18
31 255 84 7
271 47 84 18
240 207 84 14
192 300 84 6
87 224 84 3
185 166 84 10
176 263 84 8
239 107 84 9
226 287 84 20
164 148 84 6
121 178 84 4
180 29 84 3
205 164 84 9
314 251 84 8
76 233 84 15
262 101 84 12
27 276 84 19
170 94 84 13
294 4 84 15
166 167 84 14
175 287 84 3
123 150 84 19
225 250 84 18
217 144 84 16
192 115 84 13
286 60 84 9
125 298 84 13
123 152 84 18
227 129 84 13
197 190 84 3
314 49 84 2
85 67 84 19
303 291 84 13
161 87 84 16
56 278 84 14
80 143 84 13
309 163 84 2
289 286 84 13
150 92 84 2
227 185 84 19
153 78 84 3
262 162 84 9
101 45 84 11
189 205 84 5
212 260 84 10
33 24 84 20
229 228 84 7
302 96 84 12
211 245 84 7
144 155 84 7
266 204 84 17
17 149 84 18
149 145 84 2
256 229 84 18
132 124 84 18
78 156 84 9
165 280 84 20
311 266 84 3
110 56 84 7
213 95 84 6
79 256 84 1
127 272 84 17
233 105 84 14
66 44 84 14
104 71 84 14
297 44 84 9
93 209 84 1
116 203 84 14
130 209 84 9
284 1 84 19
277 79 84 2
157 102 84 14
294 230 84 10
47 295 84 5
240 82 84 3
241 274 84 15
82 50 84 11
98 61 84 17
63 86 84 17
83 54 84 5
93 14 84 12
42 67 84 1
263 256 84 6
272 302 84 4
116 225 84 18
31 150 84 3
201 127 84 13
159 224 84 13
3 286 84 11
268 264 84 4
112 252 84 5
35 293 84 15
271 240 84 6
104 91 84 15
128 207 84 12
233 133 84 9
191 17 84 15
199 175 84 14
164 73 84 7
214 236 84 2
1 32 84 1
13 278 84 5
304 233 84 20
217 232 84 3
12 43 84 9
31 171 84 13
307 258 84 1
77 140 84 3
70 199 84 15
244 96 84 7
261 308 84 14
1 5 84 15
245 308 84 3
97 208 84 7
39 219 84 5
83 145 84 12
47 31 84 17
239 107 84 4
185 176 84 7
99 315 84 18
249 259 84 10
114 155 84 6
257 84 84 5
211 76 84 20
81 114 84 19
