1000 333
274 164 36 18
283 115 36 11
193 129 36 1
37 262 36 4
314 34 36 17
118 254 36 14
25 264 36 16
36 88 36 7
56 275 36 14
252 187 36 14
143 40 36 6
144 218 36 8
206 94 36 4
231 130 36 9
62 24 36 19
226 141 36 8
135 62 36 16
250 97 36 19
29 153 36 17
258 300 36 11
27 126 36 14
172 165 36 19
220 55 36 17
187 181 36 18
312 242 36 13
154 48 36 14
145 182 36 7
84 116 36 11
110 40 36 3
95 297 36 7
161 219 36 12
163 75 36 1
65 190 36 11
61 272 36 3
83 267 36 4
127 316 36 11
312 145 36 17
138 228 36 20
273 22 36 7
243 12 36 7
93 172 36 9
69 230 36 15
209 191 36 8
299 251 36 20
253 229 36 2
240 40 36 2
63 247 36 10
279 69 36 9
190 237 36 14
140 163 36 9
282 256 36 17
10 8 36 2
25 112 36 4
124 94 36 11
283 242 36 19
185 165 36 14
190 227 36 1
235 85 36 17
87 274 36 13
277 97 36 3
57 274 36 14
221 180 36 17
299 204 36 8
146 223 36 1
244 86 36 2
255 270 36 7
200 143 36 13
76 273 36 10
20 43 36 7
200 215 36 4
123 168 36 17
196 72 36 4
173 266 36 3
260 308 36 2
21 235 36 11
22 69 36 12
188 165 36 18
161 240 36 6
218 260 36 8
128 39 36 7
31 57 36 6
208 149 36 17
247 217 36 19
282 56 36 2
11 288 36 8
37 310 36 17
16 77 36 1
137 237 36 4
110 34 36 11
21 58 36 14
251 88 36 18
124 191 36 6
69 18 36 14
279 299 36 14
60 205 36 13
287 241 36 6
267 256 36 11
307 288 36 19
271 81 36 1
73 101 36 2
126 248 36 9
132 55 36 20
285 123 36 5
235 297 36 11
240 252 36 7
112 223 36 15
82 69 36 18
24 60 36 5
98 226 36 13
102 298 36 9
163 4 36 20
312 135 36 15
127 103 36 9
275 233 36 14
89 156 36 9
107 268 36 15
49 245 36 20
142 164 36 15
206 157 36 12
34 259 36 13
70 105 36 12
142 312 36 10
60 18 36 9
312 292 36 9
229 64 36 9
294 66 36 16
52 114 36 16
91 151 36 11
85 252 36 19
92 181 36 5
293 251 36 10
76 288 36 13
310 31 36 15
226 238 36 10
58 151 36 2
46 128 36 3
93 75 36 1
280 62 36 11
314 146 36 3
85 238 36 7
113 110 36 13
38 185 36 4
275 178 36 10
213 87 36 8
22 145 36 14
211 86 36 13
150 179 36 19
98 142 36 12
92 36 36 10
126 120 36 19
237 128 36 8
281 166 36 4
297 124 36 10
238 232 36 16
101 253 36 8
10 148 36 10
258 193 36 4
265 290 36 17
228 65 36 20
21 87 36 15
263 219 36 15
298 79 36 12
98 271 36 7
179 193 36 14
138 189 36 14
242 95 36 1
115 248 36 5
274 196 36 18
258 4 36 19
174 24 36 5
208 183 36 11
266 60 36 13
173 157 36 8
99 231 36 12
152 53 36 12
142 294 36 18
278 304 36 10
187 261 36 17
68 98 36 12
226 271 36 16
154 59 36 18
196 8 36 13
1 77 36 18
76 175 36 12
239 11 36 12
170 48 36 9
196 9 36 12
49 91 36 4
97 159 36 2
45 68 36 8
16 118 36 6
65 313 36 14
173 313 36 10
122 72 36 12
198 206 36 14
113 60 36 1
114 151 36 6
101 199 36 12
245 295 36 10
170 235 36 6
157 250 36 19
307 210 36 15
256 279 36 12
69 296 36 7
164 177 36 1
270 186 36 8
2 299 36 14
59 83 36 20
207 223 36 14
92 288 36 9
257 129 36 10
223 15 36 4
82 270 36 6
253 234 36 9
179 81 36 10
207 34 36 7
294 36 36 13
215 306 36 15
230 92 36 2
224 80 36 13
32 232 36 9
89 139 36 3
252 116 36 20
273 52 36 1
62 230 36 18
135 121 36 15
77 310 36 14
1 209 36 20
219 18 36 7
28 241 36 2
125 168 36 14
33 257 36 20
272 88 36 15
43 45 36 2
152 2 36 19
237 136 36 7
39 212 36 13
301 108 36 1
236 10 36 10
262 38 36 7
52 162 36 18
285 194 36 6
24 45 36 14
194 88 36 18
311 239 36 19
25 55 36 18
72 93 36 9
8 289 36 8
152 208 36 1
209 154 36 18
87 101 36 7
237 69 36 13
118 92 36 13
191 181 36 4
204 175 36 10
6 95 36 8
155 62 36 5
95 69 36 13
142 116 36 17
199 221 36 10
188 307 36 14
23 123 36 14
263 241 36 1
231 11 36 9
183 215 36 19
56 116 36 9
196 271 36 11
112 261 36 3
212 299 36 7
100 181 36 7
141 264 36 17
282 286 36 16
71 128 36 12
163 255 36 18
119 121 36 20
41 72 36 20
162 267 36 14
136 274 36 2
178 66 36 12
20 165 36 16
190 202 36 12
35 167 36 17
2 134 36 5
1 296 36 11
10 311 36 15
130 35 36 2
153 92 36 9
238 227 36 18
267 301 36 19
175 216 36 16
262 90 36 17
193 124 36 7
94 21 36 20
18 233 36 20
92 242 36 14
74 55 36 20
235 103 36 20
31 236 36 10
313 83 36 18
27 257 36 10
118 98 36 3
306 291 36 10
29 280 36 2
96 193 36 18
39 284 36 15
292 253 36 18
56 171 36 4
227 202 36 8
204 94 36 2
166 120 36 10
27 134 36 15
293 123 36 13
262 47 36 8
251 39 36 20
156 77 36 15
198 265 36 3
191 4 36 14
287 230 36 15
198 117 36 16
191 178 36 15
124 204 36 12
154 180 36 11
55 125 36 17
130 271 36 15
82 110 36 16
212 204 36 20
175 78 36 11
308 260 36 4
222 141 36 4
229 15 36 10
251 34 36 13
303 84 36 13
161 34 36 13
277 163 36 4
220 140 36 13
31 248 36 16
210 106 36 14
288 97 36 17
175 214 36 18
74 126 36 16
151 272 36 2
116 258 36 1
156 102 36 6
4 275 36 16
19 178 36 12
144 104 36 7
155 313 36 16
140 180 36 12
281 250 36 1
246 7 36 18
121 158 36 9
30 169 36 15
234 8 36 8
155 223 36 6
135 242 36 15
254 69 36 2
304 119 36 2
39 259 36 1
186 119 36 10
18 48 36 17
83 168 36 10
315 94 36 2
173 11 36 9
133 62 36 11
262 196 36 4
149 133 36 20
138 16 36 7
20 54 36 17
292 239 36 7
182 152 36 6
78 234 36 5
239 232 36 2
252 89 36 13
272 117 36 18
94 274 36 13
262 2 36 1
77 36 36 16
11 55 36 5
99 242 36 3
93 107 36 18
30 80 36 11
31 2 36 10
124 253 36 2
124 104 36 6
185 198 36 8
125 39 36 17
197 115 36 12
284 22 36 18
4 120 36 16
278 109 36 18
71 34 36 10
205 64 36 11
255 84 36 8
288 207 36 15
18 76 36 16
233 96 36 18
133 293 36 9
281 156 36 6
166 160 36 17
189 17 36 1
3 300 36 15
212 188 36 18
2 126 36 9
45 98 36 16
192 11 36 11
115 243 36 6
289 271 36 14
261 235 36 18
254 297 36 5
262 65 36 5
63 279 36 8
213 70 36 16
110 72 36 13
303 116 36 6
282 203 36 8
232 214 36 10
277 186 36 17
299 130 36 3
160 279 36 7
76 224 36 4
220 286 36 2
32 182 36 12
31 188 36 15
51 70 36 14
65 247 36 1
88 162 36 10
38 122 36 7
154 104 36 4
84 159 36 14
311 130 36 17
286 34 36 3
119 277 36 8
22 203 36 19
312 149 36 8
298 213 36 18
170 301 36 3
151 234 36 17
213 283 36 16
300 50 36 19
33 256 36 16
305 225 36 17
127 240 36 1
27 261 36 11
217 257 36 4
269 238 36 16
38 303 36 16
77 33 36 5
25 141 36 11
184 124 36 5
82 52 36 16
214 252 36 9
170 63 36 16
299 89 36 16
101 201 36 8
264 49 36 5
220 299 36 19
159 59 36 7
124 295 36 19
54 162 36 10
246 244 36 13
62 37 36 9
314 102 36 7
173 84 36 7
188 81 36 19
40 240 36 12
128 143 36 14
99 198 36 8
313 217 36 2
140 270 36 3
197 200 36 10
306 261 36 18
34 258 36 20
36 10 36 3
22 197 36 11
104 236 36 7
235 260 36 9
244 254 36 14
99 250 36 6
144 73 36 16
35 166 36 11
64 155 36 7
26 188 36 4
301 223 36 17
27 140 36 5
46 139 36 17
200 58 36 8
76 197 36 5
150 192 36 6
19 19 36 3
158 53 36 4
180 13 36 14
254 250 36 13
269 234 36 15
189 156 36 6
306 97 36 16
134 296 36 17
221 56 36 14
245 101 36 1
98 119 36 11
24 277 36 20
11 36 36 4
152 290 36 5
164 138 36 14
190 11 36 1
143 212 36 10
131 29 36 17
71 145 36 12
208 73 36 8
220 66 36 15
147 302 36 7
126 312 36 6
13 44 36 19
149 103 36 9
202 293 36 15
306 15 36 10
295 41 36 14
160 112 36 2
187 215 36 10
103 119 36 3
245 265 36 16
243 286 36 4
276 298 36 19
179 130 36 5
115 15 36 17
61 4 36 4
218 195 36 8
195 250 36 19
104 120 36 2
297 118 36 16
135 258 36 12
63 184 36 1
94 144 36 14
272 218 36 19
132 16 36 1
73 288 36 20
136 85 36 6
27 279 36 19
30 66 36 19
143 46 36 12
270 76 36 10
241 138 36 13
181 231 36 12
102 82 36 13
48 214 36 8
220 182 36 19
79 1 36 19
29 27 36 17
123 268 36 6
21 306 36 7
249 259 36 3
102 79 36 20
138 259 36 11
110 256 36 8
298 199 36 13
186 102 36 6
256 77 36 2
307 1 36 5
107 123 36 16
289 144 36 2
307 76 36 4
189 73 36 7
105 210 36 1
147 215 36 1
270 197 36 3
187 278 36 13
284 113 36 9
66 103 36 17
190 210 36 7
161 78 36 18
122 68 36 5
134 153 36 5
12 153 36 3
44 299 36 9
124 148 36 1
87 230 36 14
151 198 36 3
187 263 36 1
223 136 36 10
65 192 36 3
263 210 36 11
115 27 36 3
144 250 36 11
174 189 36 17
102 313 36 16
227 83 36 6
312 233 36 11
302 315 36 5
183 117 36 20
168 77 36 3
127 23 36 20
153 34 36 10
15 177 36 3
241 34 36 12
133 135 36 12
68 257 36 10
21 149 36 10
67 134 36 8
271 316 36 4
294 64 36 20
193 86 36 19
92 238 36 4
18 148 36 12
192 72 36 5
239 204 36 11
282 271 36 8
91 188 36 4
240 150 36 13
71 105 36 9
18 294 36 20
42 66 36 9
196 158 36 18
171 175 36 17
114 50 36 20
90 289 36 11
96 150 36 17
43 137 36 16
138 60 36 10
51 131 36 2
71 44 36 11
154 297 36 13
218 176 36 6
203 242 36 4
231 39 36 9
14 128 36 13
108 224 36 7
156 266 36 11
288 300 36 6
149 246 36 8
10 316 36 16
60 49 36 4
280 266 36 4
237 152 36 1
264 66 36 4
25 291 36 19
285 82 36 6
63 133 36 16
189 316 36 19
59 44 36 12
270 265 36 19
209 9 36 3
25 288 36 12
120 105 36 15
248 52 36 16
203 76 36 10
78 257 36 15
279 215 36 7
222 88 36 7
148 42 36 18
3 207 36 15
173 312 36 7
287 20 36 18
34 35 36 6
248 282 36 2
107 65 36 17
256 142 36 13
66 316 36 8
221 222 36 3
59 265 36 4
256 268 36 10
298 20 36 17
136 203 36 8
54 236 36 6
75 168 36 16
44 274 36 8
89 110 36 5
73 71 36 20
168 291 36 13
246 245 36 2
49 81 36 9
167 62 36 12
279 94 36 14
307 147 36 10
264 117 36 9
187 161 36 2
70 249 36 19
94 217 36 2
14 69 36 20
154 210 36 9
139 259 36 17
287 5 36 10
139 283 36 3
88 273 36 17
273 117 36 6
205 303 36 2
95 269 36 2
201 258 36 2
166 271 36 6
214 5 36 12
294 39 36 2
34 10 36 6
47 44 36 12
258 131 36 17
90 88 36 17
143 292 36 19
40 282 36 11
81 167 36 9
23 228 36 11
244 125 36 15
43 314 36 10
312 31 36 7
269 290 36 6
193 231 36 12
181 4 36 15
73 43 36 7
163 294 36 16
102 271 36 6
86 293 36 6
236 116 36 6
287 55 36 20
164 262 36 18
262 215 36 19
299 303 36 1
254 167 36 1
193 239 36 19
107 297 36 12
198 82 36 6
140 63 36 2
205 195 36 18
78 165 36 4
265 12 36 5
63 169 36 19
149 151 36 5
46 300 36 3
158 176 36 17
312 178 36 6
23 272 36 3
109 307 36 18
278 195 36 20
247 272 36 16
166 221 36 7
31 283 36 19
109 11 36 17
70 56 36 12
196 213 36 4
141 104 36 17
278 127 36 8
76 235 36 14
253 92 36 12
204 23 36 16
107 188 36 8
129 114 36 14
3 223 36 16
239 188 36 16
39 67 36 20
226 103 36 12
274 276 36 2
174 36 36 8
63 184 36 11
147 284 36 1
186 286 36 1
25 99 36 6
42 313 36 8
69 132 36 11
152 170 36 10
28 291 36 20
7 144 36 8
112 1 36 19
31 64 36 10
145 106 36 1
74 187 36 19
190 211 36 9
103 148 36 13
135 112 36 4
249 160 36 17
114 187 36 15
294 193 36 7
13 200 36 11
83 230 36 2
128 270 36 11
245 27 36 5
15 216 36 11
95 215 36 14
67 245 36 10
275 177 36 5
127 291 36 11
58 164 36 19
28 176 36 2
210 154 36 19
140 281 36 12
174 209 36 15
291 119 36 14
301 109 36 16
251 176 36 12
100 30 36 9
4 156 36 19
94 109 36 10
272 32 36 1
17 242 36 14
203 65 36 14
26 134 36 7
192 108 36 9
154 305 36 2
225 239 36 5
225 234 36 18
85 237 36 13
27 14 36 2
236 285 36 17
200 197 36 14
1 83 36 10
294 108 36 12
60 300 36 19
261 33 36 19
150 153 36 1
110 61 36 18
99 41 36 6
139 67 36 11
288 198 36 15
49 81 36 19
262 293 36 9
224 271 36 13
3 14 36 12
101 170 36 20
188 3 36 8
92 8 36 5
230 106 36 9
287 141 36 20
254 8 36 5
84 268 36 18
111 214 36 14
219 121 36 4
227 19 36 10
218 119 36 7
137 202 36 10
209 294 36 13
237 103 36 11
201 285 36 3
128 222 36 6
149 306 36 2
250 312 36 15
11 110 36 3
255 21 36 1
196 238 36 19
202 59 36 5
107 163 36 2
20 83 36 8
250 179 36 12
304 203 36 2
49 35 36 7
274 284 36 6
80 294 36 15
218 128 36 19
162 7 36 1
17 105 36 19
177 211 36 1
210 230 36 3
241 59 36 13
240 46 36 19
41 307 36 9
43 264 36 8
40 28 36 14
147 245 36 9
169 303 36 16
113 3 36 20
11 75 36 14
283 180 36 20
5 316 36 18
118 239 36 12
12 176 36 18
257 114 36 17
48 154 36 16
133 196 36 17
242 48 36 11
253 57 36 17
156 279 36 19
165 246 36 10
300 146 36 1
178 159 36 7
313 171 36 18
226 7 36 8
298 54 36 13
294 83 36 16
218 8 36 19
236 260 36 3
256 311 36 14
34 55 36 15
203 251 36 16
55 8 36 15
41 4 36 5
99 125 36 19
58 106 36 16
66 295 36 18
165 196 36 17
207 115 36 8
306 266 36 10
263 299 36 1
149 81 36 15
76 31 36 14
162 284 36 5
314 66 36 1
156 19 36 6
52 296 36 9
241 144 36 4
122 246 36 7
157 235 36 20
83 77 36 15
63 225 36 11
189 197 36 18
6 254 36 5
38 148 36 2
194 303 36 4
35 250 36 15
171 175 36 2
83 296 36 3
5 32 36 14
192 10 36 6
46 284 36 7
89 156 36 11
266 57 36 16
306 94 36 15
95 183 36 10
114 218 36 15
216 284 36 17
253 262 36 16
7 266 36 20
104 142 36 17
66 83 36 1
148 171 36 4
6 16 36 5
13 5 36 2
272 311 36 1
309 4 36 6
279 115 36 5
4 51 36 3
23 270 36 16
286 57 36 9
243 122 36 4
63 165 36 2
38 170 36 14
70 183 36 14
196 34 36 5
84 238 36 8
85 200 36 11
53 99 36 13
283 122 36 10
43 303 36 15
259 125 36 4
242 187 36 13
292 225 36 14
41 294 36 4
110 69 36 17
70 48 36 18
34 132 36 18
112 81 36 4
136 47 36 13
114 301 36 8
252 244 36 20
303 65 36 3
307 252 36 3
273 292 36 12
104 298 36 13
181 51 36 8
178 296 36 16
271 303 36 8
147 123 36 18
39 236 36 3
234 67 36 2
238 53 36 18
8 256 36 14
214 212 36 5
81 211 36 14
17 75 36 17
213 149 36 8
120 103 36 3
107 145 36 9
140 184 36 12
54 313 36 6
107 234 36 14
121 137 36 9
70 34 36 8
310 11 36 15
112 27 36 13
280 135 36 5
111 254 36 8
141 256 36 12
189 80 36 15
52 29 36 12
297 32 36 13
71 152 36 14
99 221 36 15
235 110 36 9
265 221 36 8
53 184 36 14
202 191 36 12
33 227 36 19
8 100 36 6
167 47 36 15
218 240 36 10
82 310 36 1
83 92 36 9
14 10 36 2
270 170 36 7
133 223 36 14
131 4 36 16
174 36 36 15
260 255 36 10
218 1 36 12
204 218 36 11
9 196 36 16
73 278 36 12
41 187 36 5
