1000 100
156 231 120 3
157 128 120 16
58 90 120 15
143 161 120 2
9 26 120 3
119 311 120 5
68 98 120 10
148 196 120 18
142 226 120 2
186 123 120 14
7 174 120 8
65 14 120 7
233 71 120 12
235 213 120 12
116 117 120 13
62 131 120 7
42 95 120 12
231 242 120 15
217 279 120 8
114 148 120 14
119 50 120 12
250 115 120 9
192 31 120 20
119 265 120 16
102 65 120 9
6 126 120 3
220 64 120 13
215 294 120 2
301 90 120 4
192 203 120 15
205 217 120 1
180 150 120 3
277 237 120 5
128 251 120 17
191 36 120 9
163 41 120 19
266 156 120 18
146 54 120 7
268 250 120 5
247 21 120 15
270 226 120 20
26 301 120 17
212 261 120 6
8 72 120 8
68 159 120 8
193 5 120 16
235 270 120 20
128 100 120 1
210 263 120 15
278 193 120 7
233 42 120 4
88 67 120 9
304 174 120 9
229 181 120 9
301 249 120 11
304 21 120 15
31 151 120 9
230 278 120 12
63 67 120 10
253 241 120 6
251 53 120 8
55 140 120 2
263 23 120 8
311 148 120 16
115 132 120 12
289 119 120 20
256 45 120 6
72 275 120 19
199 233 120 6
272 169 120 10
117 315 120 18
4 53 120 9
170 211 120 19
193 206 120 18
292 216 120 9
220 189 120 15
63 24 120 12
161 307 120 6
11 189 120 18
244 40 120 6
297 156 120 16
86 160 120 1
14 13 120 11
177 101 120 8
170 76 120 20
191 295 120 4
225 42 120 11
304 98 120 5
237 4 120 1
298 144 120 20
107 124 120 15
231 210 120 18
91 119 120 10
57 191 120 18
229 257 120 18
196 27 120 4
247 251 120 17
217 135 120 2
177 55 120 14
221 249 120 13
304 39 120 20
122 165 120 17
100 151 120 12
301 208 120 14
287 16 120 10
244 107 120 4
179 37 120 7
52 149 120 5
233 9 120 19
102 229 120 19
114 112 120 14
146 233 120 18
282 228 120 1
117 109 120 16
143 291 120 19
4 218 120 1
208 292 120 17
242 27 120 17
94 156 120 9
108 257 120 13
159 267 120 8
40 308 120 12
85 169 120 4
177 182 120 20
160 220 120 10
158 223 120 3
158 10 120 10
194 147 120 1
274 136 120 16
258 244 120 20
154 298 120 6
57 21 120 13
193 1 120 14
136 178 120 7
83 21 120 10
108 75 120 20
142 232 120 2
255 6 120 16
291 279 120 4
166 221 120 7
90 270 120 4
279 11 120 16
40 99 120 16
285 130 120 13
291 212 120 10
200 215 120 8
227 40 120 19
160 294 120 8
136 165 120 3
247 226 120 15
285 315 120 16
200 278 120 14
31 213 120 20
74 77 120 9
295 51 120 20
220 146 120 6
115 268 120 5
241 8 120 11
269 143 120 3
259 73 120 4
49 253 120 19
108 32 120 20
74 62 120 12
137 31 120 20
226 9 120 2
209 124 120 7
91 134 120 2
223 271 120 5
17 223 120 7
187 165 120 7
163 213 120 19
137 4 120 18
284 289 120 11
223 110 120 6
238 231 120 10
303 123 120 10
305 213 120 19
258 120 120 9
219 32 120 7
217 115 120 7
288 277 120 7
190 309 120 19
124 172 120 11
14 78 120 8
251 315 120 6
181 197 120 1
26 185 120 1
108 126 120 12
145 28 120 16
299 245 120 2
302 112 120 6
200 301 120 10
314 108 120 9
85 122 120 18
176 56 120 16
182 132 120 4
206 157 120 12
126 161 120 1
274 305 120 17
137 183 120 5
114 168 120 8
263 52 120 20
88 49 120 16
296 133 120 5
161 309 120 12
24 174 120 20
295 63 120 4
14 84 120 20
174 41 120 12
258 73 120 19
166 186 120 18
185 28 120 17
85 11 120 18
92 202 120 6
12 46 120 6
303 69 120 11
306 259 120 1
46 272 120 13
261 130 120 5
45 283 120 14
11 133 120 11
40 213 120 15
121 297 120 1
250 284 120 3
91 295 120 16
241 282 120 9
143 167 120 15
4 212 120 15
160 53 120 12
40 309 120 2
205 215 120 18
136 254 120 11
94 58 120 11
62 203 120 3
128 294 120 13
240 218 120 2
316 256 120 9
18 155 120 20
204 314 120 4
99 38 120 4
277 138 120 18
166 273 120 16
268 262 120 1
35 220 120 16
297 31 120 17
221 166 120 18
7 165 120 9
171 183 120 16
230 282 120 1
238 65 120 6
25 237 120 12
239 86 120 16
74 250 120 14
282 284 120 17
273 160 120 19
137 276 120 17
218 282 120 1
135 32 120 3
206 262 120 5
274 183 120 5
276 103 120 5
99 25 120 6
302 98 120 19
239 276 120 6
291 128 120 9
58 265 120 13
202 166 120 18
194 196 120 6
265 85 120 11
197 43 120 13
193 214 120 15
109 208 120 4
218 193 120 17
261 116 120 16
270 302 120 16
19 255 120 16
43 140 120 1
32 230 120 13
265 74 120 17
23 270 120 7
175 146 120 20
114 150 120 15
289 51 120 20
245 207 120 19
269 161 120 20
208 75 120 11
307 117 120 10
151 44 120 7
87 205 120 8
212 123 120 9
170 298 120 10
238 307 120 19
300 279 120 14
135 103 120 12
297 55 120 12
129 158 120 14
215 44 120 18
232 195 120 6
267 281 120 2
270 72 120 20
227 138 120 9
224 59 120 19
55 254 120 9
252 73 120 12
235 265 120 10
275 77 120 12
72 187 120 19
198 103 120 5
155 265 120 2
212 114 120 17
75 236 120 18
132 144 120 8
178 198 120 2
83 29 120 18
302 159 120 6
259 13 120 7
166 85 120 13
221 282 120 3
261 16 120 15
266 123 120 9
239 93 120 20
244 224 120 11
204 86 120 4
101 64 120 20
282 49 120 7
307 203 120 3
93 53 120 3
66 169 120 8
248 9 120 3
63 275 120 9
203 93 120 18
158 232 120 9
257 15 120 18
236 11 120 1
140 188 120 17
202 179 120 16
276 271 120 12
15 232 120 4
34 164 120 16
177 122 120 2
229 220 120 18
270 61 120 2
219 1 120 16
148 133 120 19
141 272 120 18
289 157 120 20
112 116 120 15
95 130 120 2
142 60 120 17
302 132 120 6
211 256 120 9
213 210 120 2
26 8 120 10
169 155 120 6
219 191 120 1
141 164 120 13
240 171 120 1
294 162 120 2
264 303 120 5
292 184 120 12
126 79 120 4
178 187 120 9
187 212 120 4
93 276 120 10
234 75 120 17
227 215 120 4
59 34 120 6
219 12 120 15
89 171 120 6
17 146 120 17
289 167 120 7
184 29 120 9
184 111 120 20
295 203 120 12
140 121 120 2
72 243 120 8
63 301 120 1
225 100 120 8
231 188 120 18
120 100 120 12
193 72 120 14
239 151 120 6
156 18 120 9
179 208 120 3
162 244 120 7
11 211 120 1
74 274 120 10
171 78 120 13
70 308 120 4
140 8 120 19
39 200 120 3
316 18 120 9
306 173 120 7
302 36 120 18
288 93 120 5
291 104 120 16
219 73 120 5
28 139 120 6
148 209 120 5
243 32 120 20
18 282 120 15
76 177 120 9
284 62 120 9
90 47 120 20
316 19 120 13
152 205 120 8
199 3 120 12
203 243 120 19
180 74 120 7
45 213 120 14
232 230 120 11
199 201 120 7
79 64 120 5
235 50 120 15
219 49 120 17
295 200 120 13
54 295 120 20
97 181 120 18
67 257 120 11
141 301 120 11
38 112 120 20
4 310 120 20
255 72 120 12
251 203 120 1
293 1 120 17
250 191 120 4
94 140 120 10
153 236 120 11
138 199 120 11
197 235 120 19
151 273 120 2
231 172 120 8
90 110 120 3
117 44 120 17
89 233 120 5
5 166 120 15
121 259 120 6
214 308 120 2
280 129 120 8
286 9 120 2
276 160 120 18
274 286 120 10
265 59 120 19
223 72 120 7
280 160 120 15
20 165 120 12
163 181 120 2
232 290 120 5
117 254 120 2
96 223 120 18
98 79 120 9
267 36 120 2
292 196 120 1
7 314 120 4
81 277 120 15
283 193 120 11
18 39 120 15
223 166 120 9
104 179 120 14
113 274 120 20
130 267 120 6
99 114 120 17
36 89 120 8
32 307 120 14
99 283 120 2
118 249 120 6
300 162 120 12
31 69 120 10
263 172 120 16
116 284 120 1
299 309 120 16
33 91 120 1
13 127 120 5
85 158 120 20
258 153 120 18
287 166 120 19
89 149 120 12
244 75 120 12
249 21 120 15
116 32 120 14
49 15 120 15
36 259 120 17
32 167 120 7
12 251 120 13
299 192 120 9
133 59 120 10
215 147 120 6
38 74 120 17
34 219 120 5
96 230 120 1
126 278 120 11
44 313 120 1
52 240 120 19
187 252 120 14
271 130 120 9
191 158 120 7
172 268 120 13
89 306 120 11
293 235 120 9
98 14 120 14
146 35 120 8
208 290 120 16
108 26 120 20
278 108 120 7
279 62 120 16
52 148 120 6
198 3 120 5
283 303 120 18
125 280 120 4
81 273 120 2
54 102 120 4
201 205 120 6
29 312 120 7
308 169 120 2
102 132 120 15
25 79 120 18
2 172 120 16
247 138 120 18
164 158 120 1
212 238 120 9
273 292 120 6
160 72 120 2
125 100 120 5
11 91 120 10
216 192 120 17
166 113 120 7
263 114 120 18
46 256 120 16
132 104 120 17
76 315 120 15
189 167 120 18
298 10 120 9
296 31 120 5
184 253 120 3
137 153 120 3
221 2 120 19
67 265 120 20
297 206 120 4
244 21 120 3
136 309 120 17
58 77 120 7
271 58 120 4
28 249 120 10
308 13 120 7
46 149 120 19
84 54 120 8
234 16 120 16
182 208 120 6
281 135 120 6
63 167 120 6
55 224 120 18
213 179 120 20
276 102 120 20
54 93 120 20
296 34 120 5
58 14 120 14
33 247 120 1
169 8 120 9
298 288 120 3
239 246 120 9
173 300 120 5
286 92 120 15
249 52 120 4
249 1 120 4
156 296 120 17
108 249 120 10
113 177 120 1
134 29 120 20
258 222 120 12
200 145 120 9
205 1 120 9
117 182 120 16
103 115 120 19
190 259 120 15
265 310 120 14
269 102 120 14
75 110 120 3
23 139 120 19
294 80 120 17
117 176 120 5
82 276 120 17
30 76 120 6
281 74 120 8
164 263 120 18
150 211 120 12
224 163 120 17
125 133 120 6
307 51 120 9
98 241 120 16
6 253 120 11
58 18 120 2
6 259 120 5
135 120 120 14
275 283 120 4
40 12 120 14
11 235 120 17
295 44 120 1
57 246 120 8
273 239 120 12
148 244 120 12
307 301 120 2
212 306 120 8
301 21 120 7
250 295 120 9
254 230 120 13
255 241 120 7
211 115 120 2
300 171 120 20
123 23 120 6
294 171 120 10
189 57 120 6
210 268 120 12
174 252 120 4
152 82 120 18
97 231 120 7
53 169 120 19
139 64 120 6
165 47 120 12
120 65 120 15
313 42 120 1
14 126 120 1
228 20 120 16
11 89 120 16
130 240 120 13
123 232 120 11
29 284 120 15
72 107 120 2
229 167 120 12
240 286 120 12
274 178 120 5
58 88 120 7
214 211 120 14
218 221 120 10
53 246 120 9
181 264 120 13
223 188 120 12
117 259 120 18
183 171 120 12
294 307 120 5
154 160 120 11
266 114 120 14
188 11 120 8
25 124 120 8
162 72 120 5
223 252 120 12
199 54 120 11
38 67 120 6
300 249 120 20
307 226 120 6
284 275 120 10
122 225 120 11
155 308 120 9
186 229 120 13
17 286 120 16
305 192 120 16
224 286 120 13
14 8 120 11
275 307 120 3
287 193 120 13
184 160 120 19
241 177 120 11
199 15 120 15
276 200 120 15
56 112 120 20
223 100 120 12
222 219 120 9
275 233 120 16
77 87 120 2
24 269 120 19
92 33 120 2
118 273 120 3
53 52 120 1
87 11 120 9
245 278 120 12
160 184 120 4
163 90 120 18
32 48 120 6
11 20 120 13
193 255 120 17
147 30 120 5
260 44 120 18
130 308 120 17
227 78 120 3
103 6 120 8
90 61 120 11
177 120 120 16
63 151 120 19
180 57 120 11
176 145 120 5
125 291 120 15
105 131 120 10
42 156 120 13
242 66 120 10
32 64 120 3
99 154 120 7
34 14 120 2
57 288 120 16
236 48 120 5
118 223 120 13
150 243 120 16
4 32 120 10
5 285 120 13
313 107 120 11
278 138 120 10
144 237 120 3
283 270 120 5
224 222 120 4
108 141 120 15
48 154 120 14
132 200 120 4
87 203 120 3
172 208 120 16
309 100 120 14
195 62 120 15
40 101 120 3
39 67 120 4
263 187 120 10
142 190 120 6
281 237 120 4
10 52 120 11
193 139 120 9
92 206 120 16
171 198 120 20
40 288 120 5
258 12 120 5
81 262 120 12
68 208 120 6
277 245 120 3
207 209 120 19
186 114 120 18
48 307 120 4
8 294 120 10
72 148 120 19
131 83 120 11
251 24 120 18
51 104 120 3
130 172 120 14
79 28 120 14
113 234 120 19
67 315 120 20
73 258 120 6
112 266 120 19
41 233 120 14
168 47 120 4
266 193 120 16
271 243 120 3
117 57 120 10
66 31 120 6
259 144 120 15
241 210 120 18
233 178 120 19
110 290 120 20
281 14 120 16
178 77 120 10
54 238 120 6
57 192 120 17
59 204 120 9
129 269 120 15
122 108 120 2
32 32 120 8
257 160 120 9
108 270 120 14
119 130 120 12
259 203 120 20
24 256 120 2
298 312 120 13
78 267 120 9
126 291 120 1
204 308 120 4
110 23 120 8
17 280 120 3
101 283 120 4
159 85 120 5
22 239 120 16
277 263 120 3
138 140 120 11
87 113 120 13
239 238 120 7
135 21 120 2
243 130 120 4
174 42 120 7
264 143 120 13
204 197 120 2
168 218 120 8
123 74 120 6
126 212 120 1
124 298 120 1
284 116 120 2
314 250 120 15
19 72 120 20
62 141 120 18
69 89 120 4
253 188 120 16
206 39 120 17
294 58 120 6
223 183 120 9
292 306 120 18
264 273 120 1
262 166 120 3
176 184 120 14
115 245 120 19
96 209 120 3
115 146 120 18
118 247 120 16
130 120 120 13
216 27 120 15
196 214 120 20
54 161 120 20
26 2 120 13
40 73 120 12
126 84 120 1
36 179 120 17
246 294 120 6
11 307 120 9
26 17 120 12
311 232 120 6
145 111 120 11
77 164 120 8
280 86 120 17
17 125 120 10
148 146 120 13
208 181 120 15
161 110 120 20
258 16 120 3
78 254 120 3
122 248 120 6
299 288 120 12
58 48 120 8
85 224 120 13
113 136 120 13
214 283 120 3
294 175 120 11
237 19 120 1
52 172 120 8
70 250 120 13
104 267 120 4
157 249 120 12
113 202 120 3
232 182 120 18
120 295 120 1
240 88 120 16
190 66 120 10
217 198 120 16
37 249 120 7
84 215 120 4
69 2 120 2
196 55 120 15
295 167 120 12
22 82 120 18
183 97 120 4
268 232 120 3
111 2 120 8
232 218 120 17
163 254 120 14
53 233 120 16
89 301 120 17
74 77 120 11
100 55 120 1
116 288 120 6
105 155 120 18
176 2 120 10
230 112 120 7
34 239 120 20
34 85 120 1
283 33 120 9
10 17 120 6
267 303 120 6
49 86 120 20
210 97 120 16
135 201 120 6
53 60 120 7
98 290 120 2
248 7 120 12
195 40 120 12
291 219 120 8
303 124 120 1
196 74 120 7
61 19 120 12
85 228 120 1
188 258 120 9
233 206 120 13
71 303 120 14
20 130 120 12
103 220 120 3
62 90 120 13
157 77 120 17
165 168 120 14
55 229 120 16
135 209 120 11
311 80 120 1
267 208 120 10
179 174 120 9
64 193 120 14
167 191 120 6
102 148 120 7
254 304 120 7
110 49 120 11
252 103 120 3
95 133 120 15
62 23 120 2
286 290 120 9
191 48 120 6
83 112 120 14
1 174 120 4
34 275 120 7
260 109 120 2
39 218 120 10
197 153 120 17
267 248 120 13
21 309 120 12
170 174 120 13
106 48 120 8
215 27 120 3
96 27 120 17
167 60 120 15
281 215 120 19
278 149 120 17
220 29 120 5
264 191 120 16
20 211 120 16
115 276 120 5
79 65 120 13
195 279 120 7
213 58 120 13
89 120 120 4
240 296 120 2
78 154 120 3
134 57 120 19
27 216 120 14
62 235 120 20
90 34 120 20
82 112 120 12
122 202 120 7
84 99 120 4
72 83 120 4
15 6 120 19
173 296 120 16
59 113 120 16
289 139 120 3
290 97 120 2
294 82 120 7
45 163 120 10
72 181 120 12
62 264 120 14
6 20 120 4
281 34 120 10
7 102 120 9
99 160 120 9
246 133 120 8
189 2 120 20
50 295 120 13
156 235 120 3
57 307 120 11
56 264 120 15
261 165 120 18
21 129 120 11
314 32 120 13
270 130 120 20
234 271 120 16
233 39 120 14
116 88 120 12
292 243 120 11
315 196 120 5
97 147 120 8
247 92 120 9
312 112 120 1
307 5 120 12
87 170 120 1
238 87 120 4
102 216 120 2
283 227 120 2
22 203 120 8
208 97 120 11
68 193 120 14
192 20 120 1
60 227 120 12
268 217 120 12
296 199 120 5
244 17 120 3
147 118 120 14
301 84 120 1
122 1 120 11
185 209 120 3
128 276 120 15
113 47 120 2
189 2 120 13
272 270 120 9
43 145 120 4
195 72 120 16
117 115 120 13
151 311 120 20
95 116 120 16
137 300 120 4
171 7 120 20
81 119 120 18
223 203 120 4
275 158 120 13
227 96 120 1
274 290 120 20
233 303 120 2
