1000 100
287 251 120 17
101 55 120 12
254 213 120 16
185 187 120 8
50 221 120 17
243 124 120 10
25 147 120 4
37 314 120 12
200 84 120 20
111 229 120 4
44 199 120 10
196 196 120 20
192 133 120 8
219 1 120 11
202 262 120 11
263 189 120 6
216 109 120 20
251 145 120 17
66 28 120 5
149 35 120 1
281 78 120 11
30 273 120 18
46 44 120 6
169 263 120 18
163 148 120 12
61 94 120 20
83 205 120 20
42 139 120 9
103 101 120 20
39 249 120 2
307 213 120 11
37 139 120 16
175 80 120 15
128 144 120 17
294 307 120 9
89 263 120 18
284 241 120 15
271 283 120 13
299 281 120 5
39 3 120 14
24 309 120 2
191 241 120 12
210 311 120 11
168 123 120 3
177 100 120 13
229 188 120 7
58 155 120 8
304 5 120 6
269 304 120 10
17 238 120 16
226 261 120 20
16 31 120 8
51 136 120 7
166 304 120 5
108 60 120 8
252 288 120 11
26 241 120 13
41 125 120 13
234 77 120 4
75 305 120 13
234 215 120 6
69 230 120 20
253 176 120 16
219 25 120 3
99 132 120 2
182 67 120 13
244 305 120 1
144 29 120 17
260 263 120 9
48 21 120 18
284 255 120 8
149 219 120 17
257 51 120 4
184 165 120 17
98 263 120 20
283 24 120 15
19 267 120 11
311 306 120 15
96 146 120 13
168 89 120 6
229 56 120 8
188 205 120 18
272 41 120 1
216 224 120 17
184 217 120 4
179 79 120 19
137 97 120 6
83 91 120 3
270 82 120 20
86 250 120 16
135 162 120 16
18 246 120 16
16 201 120 16
64 100 120 11
276 179 120 7
15 254 120 13
198 286 120 13
123 265 120 11
141 218 120 5
201 303 120 10
32 18 120 19
131 247 120 8
14 158 120 17
41 221 120 16
187 77 120 3
233 303 120 20
253 184 120 9
157 306 120 5
260 27 120 2
128 123 120 5
141 50 120 18
315 181 120 16
315 90 120 14
95 27 120 14
290 213 120 10
32 26 120 13
135 278 120 12
312 15 120 14
16 170 120 12
254 297 120 14
162 121 120 7
195 15 120 19
158 225 120 5
279 3 120 3
201 293 120 11
94 220 120 16
78 39 120 14
38 246 120 16
303 261 120 13
174 198 120 9
167 255 120 17
105 29 120 15
120 187 120 12
224 45 120 14
38 245 120 10
276 23 120 2
120 312 120 8
137 33 120 9
168 19 120 17
264 88 120 11
24 150 120 13
220 151 120 14
10 270 120 16
237 73 120 8
151 110 120 1
252 281 120 19
257 296 120 14
92 116 120 7
172 179 120 13
93 126 120 13
107 45 120 2
271 264 120 16
148 170 120 5
107 302 120 9
111 136 120 14
255 72 120 7
1 224 120 10
58 316 120 10
148 67 120 4
49 55 120 2
37 161 120 6
174 116 120 14
146 159 120 19
282 266 120 12
175 272 120 12
72 210 120 7
250 210 120 18
304 163 120 17
261 207 120 12
292 255 120 18
29 291 120 11
127 148 120 2
68 189 120 4
74 155 120 5
65 225 120 16
192 296 120 13
182 126 120 10
80 113 120 9
292 269 120 7
47 140 120 9
173 169 120 15
143 191 120 10
124 154 120 19
263 227 120 9
248 291 120 17
187 63 120 8
232 244 120 13
65 7 120 17
61 195 120 13
263 241 120 5
87 97 120 5
97 135 120 19
255 258 120 4
181 101 120 18
261 244 120 16
249 10 120 18
112 137 120 14
101 202 120 8
97 158 120 2
150 105 120 19
26 87 120 15
178 184 120 2
308 122 120 11
171 198 120 7
260 142 120 14
7 286 120 12
29 293 120 20
294 289 120 13
145 70 120 19
191 219 120 15
161 140 120 13
123 1 120 4
116 204 120 1
51 58 120 2
297 213 120 7
51 115 120 20
130 143 120 13
241 16 120 9
238 161 120 2
288 35 120 8
126 91 120 11
50 109 120 3
158 225 120 18
282 171 120 15
184 47 120 19
226 97 120 2
134 122 120 12
18 47 120 8
190 180 120 12
116 151 120 2
155 276 120 4
230 9 120 4
200 62 120 16
58 28 120 18
184 107 120 9
103 16 120 13
240 45 120 3
99 62 120 5
290 252 120 16
221 51 120 6
186 101 120 17
137 226 120 5
301 6 120 3
164 275 120 2
302 38 120 4
66 140 120 7
138 63 120 12
16 162 120 1
152 31 120 4
255 252 120 14
300 17 120 19
92 50 120 8
105 34 120 5
179 93 120 11
176 78 120 9
175 39 120 8
189 177 120 3
248 88 120 12
265 240 120 18
216 74 120 1
114 58 120 2
112 149 120 7
127 149 120 20
148 223 120 16
126 82 120 6
142 152 120 8
194 25 120 16
308 168 120 12
163 12 120 3
48 228 120 12
81 25 120 17
26 136 120 6
124 158 120 2
47 305 120 17
62 115 120 2
155 152 120 2
79 29 120 2
178 20 120 17
261 182 120 17
267 126 120 16
31 206 120 12
63 231 120 11
140 250 120 12
50 192 120 13
78 253 120 3
187 304 120 2
132 66 120 11
313 139 120 6
30 84 120 16
286 34 120 5
137 276 120 6
12 235 120 20
234 58 120 5
297 3 120 20
33 292 120 4
95 163 120 11
309 190 120 12
235 187 120 11
76 112 120 2
311 293 120 3
39 113 120 3
288 124 120 5
243 253 120 18
131 233 120 5
210 162 120 20
122 152 120 18
232 40 120 8
304 274 120 14
302 246 120 13
175 240 120 1
81 175 120 17
263 42 120 20
47 285 120 20
313 99 120 20
265 205 120 13
88 222 120 1
74 137 120 20
249 124 120 18
86 5 120 11
246 75 120 18
170 156 120 4
314 102 120 6
265 45 120 14
152 41 120 8
167 201 120 4
136 288 120 1
256 45 120 14
99 189 120 13
112 170 120 2
54 99 120 20
28 164 120 3
279 161 120 5
152 109 120 9
309 156 120 13
145 219 120 1
184 38 120 16
25 293 120 5
2 75 120 13
314 187 120 19
211 136 120 5
79 163 120 1
205 22 120 13
225 69 120 2
289 274 120 17
289 102 120 19
69 181 120 12
137 205 120 4
145 206 120 19
237 100 120 9
183 206 120 20
228 284 120 19
120 69 120 20
172 293 120 8
229 162 120 9
126 134 120 2
240 99 120 19
76 235 120 11
99 275 120 13
197 195 120 20
165 274 120 9
61 185 120 13
119 200 120 17
94 55 120 13
33 180 120 10
34 305 120 12
243 228 120 18
105 199 120 16
172 298 120 18
24 178 120 20
187 239 120 1
27 299 120 17
47 313 120 16
135 90 120 3
96 18 120 18
217 51 120 10
264 190 120 1
197 294 120 12
156 45 120 9
73 280 120 6
185 150 120 16
149 177 120 10
194 223 120 14
225 42 120 19
207 33 120 13
264 249 120 15
309 197 120 8
266 289 120 2
1 129 120 14
245 97 120 2
138 281 120 3
166 10 120 7
71 203 120 10
289 7 120 15
279 110 120 15
183 57 120 11
34 50 120 15
177 211 120 4
194 107 120 16
152 35 120 8
177 68 120 13
247 233 120 2
178 304 120 12
15 276 120 18
105 134 120 15
227 213 120 12
73 246 120 5
116 106 120 11
131 196 120 9
66 243 120 19
97 103 120 18
93 33 120 15
206 210 120 18
205 120 120 13
211 224 120 18
221 30 120 10
288 103 120 3
300 218 120 17
206 244 120 12
218 205 120 2
264 301 120 20
274 290 120 8
200 179 120 6
9 68 120 1
305 278 120 1
314 78 120 18
220 50 120 12
54 33 120 1
206 239 120 8
133 140 120 20
302 300 120 13
257 153 120 14
37 248 120 20
26 152 120 7
30 36 120 20
258 33 120 6
96 148 120 15
247 202 120 15
196 303 120 13
283 120 120 1
259 105 120 16
219 258 120 8
260 294 120 19
267 3 120 18
134 244 120 9
277 186 120 5
182 177 120 5
32 3 120 18
231 198 120 12
247 165 120 11
299 3 120 8
230 117 120 5
209 60 120 6
223 222 120 20
284 39 120 7
64 316 120 20
89 77 120 4
157 109 120 15
110 235 120 4
49 61 120 8
108 256 120 10
167 65 120 2
167 274 120 9
40 76 120 19
231 44 120 9
245 3 120 20
129 303 120 1
84 143 120 1
146 252 120 11
302 197 120 3
201 200 120 18
103 50 120 15
120 112 120 12
197 47 120 15
179 173 120 6
199 101 120 1
115 229 120 19
107 313 120 14
103 38 120 1
229 235 120 13
99 120 120 12
225 222 120 17
311 25 120 20
38 221 120 2
156 295 120 18
214 74 120 7
170 188 120 19
8 190 120 19
305 188 120 1
118 100 120 19
126 198 120 14
230 2 120 15
66 312 120 4
226 245 120 12
115 85 120 19
177 194 120 20
235 259 120 19
205 162 120 4
280 151 120 11
180 164 120 6
210 185 120 15
256 98 120 5
206 60 120 12
77 285 120 17
65 295 120 5
31 155 120 2
70 73 120 20
192 174 120 17
83 137 120 19
161 212 120 6
234 1 120 19
188 256 120 12
40 42 120 11
204 118 120 19
192 182 120 6
264 212 120 20
5 177 120 9
4 52 120 10
60 30 120 6
267 190 120 5
112 3 120 1
142 191 120 5
270 126 120 6
36 13 120 3
299 100 120 5
224 47 120 4
303 263 120 5
35 266 120 4
152 10 120 6
89 172 120 11
237 179 120 18
178 5 120 8
58 170 120 17
295 101 120 10
17 83 120 1
133 202 120 8
41 189 120 10
125 223 120 8
156 59 120 1
217 43 120 8
48 176 120 6
197 37 120 2
116 94 120 3
160 72 120 8
9 300 120 18
62 13 120 20
269 265 120 4
210 73 120 6
313 124 120 8
5 25 120 15
80 72 120 2
18 164 120 10
171 279 120 7
178 18 120 14
181 27 120 9
266 300 120 13
133 252 120 13
188 41 120 5
46 38 120 13
173 42 120 5
27 122 120 12
268 35 120 11
229 205 120 9
283 66 120 6
92 246 120 20
97 92 120 11
9 224 120 10
290 308 120 15
118 37 120 16
70 105 120 1
46 28 120 14
305 295 120 8
307 104 120 9
271 70 120 14
253 162 120 8
156 154 120 15
255 162 120 18
184 31 120 9
258 149 120 5
265 114 120 14
210 56 120 17
171 256 120 19
271 247 120 10
155 201 120 16
316 137 120 1
303 189 120 14
169 127 120 7
51 310 120 14
27 148 120 2
148 308 120 3
57 201 120 6
205 56 120 18
227 222 120 20
141 272 120 12
20 167 120 13
272 154 120 9
45 218 120 15
191 268 120 8
264 191 120 19
169 22 120 19
84 290 120 19
53 178 120 18
278 88 120 11
13 124 120 10
53 39 120 17
21 310 120 10
281 250 120 15
247 125 120 11
102 72 120 17
105 137 120 10
99 116 120 3
189 64 120 12
231 26 120 15
281 250 120 19
183 302 120 5
251 218 120 19
52 182 120 20
174 8 120 16
248 6 120 4
92 110 120 4
169 104 120 11
219 188 120 18
26 102 120 15
133 279 120 1
47 145 120 18
211 291 120 20
53 26 120 5
41 199 120 17
152 27 120 6
231 14 120 11
130 183 120 10
40 297 120 1
226 219 120 7
120 35 120 5
264 293 120 17
186 83 120 7
113 32 120 8
117 72 120 2
25 223 120 12
254 138 120 14
276 163 120 20
193 99 120 12
86 8 120 10
292 127 120 20
40 287 120 4
248 156 120 15
114 164 120 2
113 280 120 17
310 201 120 3
10 138 120 20
143 310 120 19
250 186 120 13
233 167 120 16
223 38 120 6
142 77 120 4
38 8 120 15
228 17 120 2
133 129 120 10
109 19 120 6
203 28 120 3
119 66 120 8
93 211 120 6
165 127 120 12
244 33 120 10
241 71 120 6
209 108 120 14
15 231 120 14
197 47 120 11
238 51 120 1
163 253 120 12
225 55 120 1
73 147 120 19
106 311 120 9
305 134 120 18
122 59 120 20
16 267 120 19
233 177 120 9
46 57 120 15
200 294 120 1
56 36 120 1
151 157 120 8
311 229 120 6
153 18 120 13
18 6 120 10
127 128 120 16
306 39 120 14
276 167 120 11
56 108 120 19
94 308 120 9
286 259 120 4
310 94 120 20
73 88 120 4
195 137 120 5
311 50 120 3
244 72 120 18
236 61 120 16
73 232 120 2
87 287 120 9
158 276 120 20
314 141 120 3
293 134 120 12
113 103 120 15
56 193 120 7
229 187 120 4
91 114 120 3
292 245 120 15
215 214 120 10
200 196 120 8
80 37 120 3
164 34 120 19
86 223 120 13
101 231 120 7
99 182 120 15
130 94 120 1
209 184 120 2
44 159 120 15
150 269 120 8
276 152 120 19
163 128 120 20
10 187 120 17
312 272 120 15
12 268 120 17
26 262 120 15
20 287 120 4
308 180 120 20
78 119 120 6
304 268 120 19
111 123 120 2
9 182 120 13
260 191 120 3
21 82 120 6
107 94 120 13
216 119 120 11
294 35 120 5
45 26 120 12
296 103 120 2
286 90 120 14
124 96 120 4
113 105 120 5
126 260 120 11
8 280 120 9
162 283 120 14
58 182 120 20
216 159 120 18
29 99 120 16
128 79 120 2
134 260 120 8
303 67 120 19
174 75 120 3
227 200 120 15
153 104 120 6
57 265 120 16
54 218 120 13
66 118 120 19
111 42 120 10
290 169 120 16
44 198 120 11
311 184 120 17
41 254 120 15
88 164 120 19
78 212 120 2
243 165 120 2
59 218 120 11
55 179 120 12
106 186 120 9
151 159 120 14
274 98 120 7
236 92 120 15
160 29 120 20
158 116 120 11
148 89 120 6
29 15 120 18
282 73 120 20
121 24 120 10
76 129 120 11
285 175 120 14
138 132 120 3
292 263 120 19
106 106 120 7
277 159 120 2
87 307 120 2
213 231 120 8
82 93 120 13
65 213 120 16
15 288 120 8
257 152 120 18
130 289 120 13
101 161 120 3
271 266 120 16
257 123 120 10
254 209 120 20
23 1 120 3
18 83 120 7
86 43 120 15
177 269 120 10
292 210 120 10
265 23 120 10
265 19 120 6
107 289 120 16
158 125 120 6
160 62 120 18
151 84 120 3
57 102 120 5
267 83 120 15
57 260 120 16
135 131 120 17
260 292 120 3
41 136 120 6
195 243 120 6
298 296 120 19
103 139 120 8
116 290 120 4
130 242 120 13
122 193 120 3
157 249 120 14
144 279 120 9
236 222 120 20
34 159 120 3
63 249 120 17
277 230 120 1
299 228 120 15
66 27 120 8
129 157 120 18
189 278 120 6
16 118 120 2
313 157 120 5
109 76 120 14
92 6 120 4
211 280 120 8
151 240 120 1
71 222 120 4
130 288 120 11
57 312 120 15
226 185 120 20
167 200 120 14
41 92 120 18
193 97 120 14
146 84 120 3
258 190 120 10
301 25 120 14
154 95 120 3
233 120 120 18
23 73 120 10
285 194 120 14
89 45 120 1
222 85 120 16
195 173 120 20
244 2 120 16
194 155 120 1
4 140 120 5
157 293 120 12
111 105 120 15
249 128 120 3
66 308 120 5
67 292 120 17
163 197 120 17
34 76 120 5
214 215 120 10
161 305 120 1
193 308 120 4
38 44 120 20
85 50 120 12
147 298 120 3
70 47 120 7
82 113 120 14
138 275 120 19
174 205 120 10
66 102 120 20
171 158 120 16
115 34 120 15
94 283 120 10
49 263 120 20
5 94 120 17
299 59 120 16
269 36 120 20
7 173 120 19
257 242 120 7
162 203 120 8
177 57 120 17
77 68 120 14
283 161 120 5
113 106 120 15
308 110 120 16
168 92 120 14
287 257 120 5
99 263 120 5
185 99 120 2
55 260 120 8
238 16 120 17
262 92 120 20
215 271 120 8
31 67 120 5
110 58 120 2
281 121 120 6
91 304 120 10
251 298 120 12
164 166 120 18
213 116 120 9
253 37 120 4
141 194 120 4
96 92 120 10
107 123 120 4
224 128 120 17
133 304 120 5
134 78 120 4
287 225 120 17
70 284 120 2
267 180 120 17
303 116 120 17
251 152 120 14
290 143 120 6
283 250 120 12
238 157 120 15
250 289 120 14
278 107 120 20
190 289 120 4
82 43 120 19
36 309 120 18
104 192 120 2
105 22 120 5
298 311 120 20
163 173 120 5
150 94 120 13
160 239 120 1
158 96 120 3
129 285 120 20
8 51 120 2
170 298 120 18
91 85 120 17
128 189 120 2
213 67 120 8
124 229 120 12
284 275 120 1
180 118 120 19
48 171 120 3
131 195 120 15
290 202 120 17
71 267 120 10
56 42 120 3
129 65 120 11
10 277 120 9
310 296 120 6
253 263 120 20
186 22 120 9
252 282 120 16
202 96 120 2
17 281 120 12
93 247 120 2
255 302 120 11
293 10 120 20
203 232 120 16
76 225 120 20
177 161 120 6
236 242 120 8
308 178 120 17
131 275 120 16
149 187 120 8
52 280 120 2
117 114 120 19
120 90 120 17
83 188 120 8
6 263 120 20
121 123 120 16
183 254 120 18
266 142 120 3
314 272 120 13
37 104 120 8
40 51 120 15
289 64 120 12
103 183 120 5
139 161 120 12
194 166 120 15
53 183 120 9
73 49 120 3
126 314 120 16
40 311 120 15
124 31 120 3
79 70 120 1
313 254 120 20
28 252 120 2
44 75 120 6
144 268 120 20
294 217 120 2
42 289 120 18
148 98 120 7
291 33 120 1
286 156 120 11
280 235 120 12
8 231 120 17
116 155 120 12
197 94 120 6
227 237 120 18
214 214 120 6
67 152 120 18
72 299 120 11
286 170 120 7
74 35 120 2
104 314 120 12
203 217 120 15
135 228 120 9
214 109 120 10
