1000 100
43 26 120 4
188 157 120 16
234 277 120 1
37 298 120 5
68 71 120 15
74 132 120 20
77 92 120 13
203 94 120 15
180 115 120 4
81 152 120 11
43 194 120 12
222 278 120 5
225 91 120 17
237 127 120 19
197 194 120 1
220 163 120 12
235 239 120 20
60 126 120 1
14 201 120 4
165 282 120 15
295 220 120 8
30 125 120 17
238 245 120 19
303 61 120 1
33 257 120 14
149 56 120 8
292 291 120 19
107 246 120 4
228 259 120 12
251 3 120 9
5 297 120 12
164 222 120 4
285 40 120 20
179 26 120 20
96 270 120 1
205 102 120 4
57 289 120 14
147 292 120 3
154 203 120 5
45 33 120 3
114 37 120 19
85 96 120 5
181 64 120 12
312 139 120 1
292 234 120 10
108 122 120 11
191 74 120 3
145 220 120 2
27 269 120 4
64 314 120 16
102 111 120 4
229 195 120 16
261 271 120 19
228 267 120 1
220 242 120 14
165 245 120 4
3 119 120 17
233 263 120 5
231 186 120 9
218 249 120 2
134 246 120 16
297 158 120 3
240 314 120 5
247 225 120 7
75 128 120 16
33 188 120 12
112 190 120 3
160 3 120 1
112 233 120 10
229 30 120 6
130 59 120 20
250 40 120 13
248 279 120 19
200 209 120 11
211 180 120 19
146 212 120 10
10 219 120 20
100 62 120 10
136 70 120 10
42 298 120 19
91 7 120 2
282 256 120 13
315 83 120 11
241 179 120 12
287 73 120 11
145 218 120 10
87 227 120 4
218 10 120 9
247 42 120 10
88 83 120 19
274 69 120 6
99 247 120 9
67 141 120 20
210 277 120 14
141 247 120 18
147 76 120 19
48 162 120 18
275 275 120 7
247 101 120 8
289 188 120 2
207 41 120 15
28 140 120 5
105 102 120 17
160 311 120 1
77 31 120 7
66 177 120 6
272 120 120 7
285 78 120 9
204 9 120 13
59 193 120 20
313 295 120 9
111 219 120 20
259 7 120 5
127 62 120 8
59 138 120 10
133 203 120 11
283 158 120 14
173 23 120 12
234 122 120 12
78 180 120 4
6 72 120 10
290 78 120 4
189 20 120 6
293 146 120 15
288 100 120 16
106 129 120 10
204 95 120 12
213 163 120 14
300 292 120 19
291 54 120 18
54 271 120 14
112 244 120 19
283 116 120 11
145 304 120 4
279 172 120 20
23 277 120 8
76 60 120 14
75 272 120 4
204 152 120 8
242 22 120 1
252 76 120 3
17 83 120 14
175 49 120 13
145 89 120 16
261 52 120 19
160 286 120 3
83 45 120 2
100 16 120 18
71 219 120 1
122 145 120 14
18 80 120 13
184 308 120 15
277 62 120 16
277 207 120 12
265 151 120 11
107 206 120 16
122 288 120 9
91 283 120 12
16 37 120 18
92 55 120 18
86 72 120 9
154 152 120 4
201 8 120 6
84 285 120 20
267 129 120 2
82 131 120 3
285 252 120 2
217 239 120 20
60 254 120 12
226 242 120 10
115 11 120 2
192 60 120 1
259 260 120 12
72 239 120 20
91 86 120 8
156 167 120 7
214 135 120 10
139 248 120 20
242 307 120 14
170 216 120 3
47 227 120 13
104 314 120 4
100 256 120 16
104 12 120 10
287 102 120 15
179 258 120 17
305 51 120 16
262 86 120 7
142 11 120 13
171 76 120 5
125 19 120 19
89 122 120 4
8 118 120 7
83 221 120 10
185 87 120 16
267 265 120 5
96 149 120 11
59 95 120 4
165 132 120 7
261 198 120 10
257 6 120 12
271 306 120 18
282 209 120 15
233 292 120 7
194 56 120 13
153 218 120 2
161 313 120 18
220 267 120 4
47 115 120 19
309 60 120 16
15 212 120 1
266 167 120 6
219 28 120 15
289 260 120 14
263 34 120 17
116 82 120 14
233 243 120 15
78 146 120 17
18 88 120 4
196 81 120 3
256 307 120 6
216 256 120 16
166 55 120 16
8 27 120 3
37 186 120 16
121 301 120 2
2 113 120 4
196 190 120 13
25 103 120 16
180 195 120 16
78 134 120 6
83 33 120 10
151 94 120 4
246 101 120 6
284 33 120 11
40 49 120 15
89 51 120 7
168 246 120 9
288 166 120 3
179 29 120 9
47 106 120 6
220 85 120 3
17 235 120 8
80 164 120 17
170 131 120 13
24 66 120 14
179 154 120 12
25 217 120 13
273 84 120 15
308 159 120 11
220 205 120 17
58 108 120 9
32 21 120 11
311 100 120 14
271 165 120 8
160 85 120 10
309 159 120 3
192 183 120 12
112 140 120 7
302 27 120 17
101 142 120 9
217 199 120 17
101 126 120 5
115 17 120 12
292 183 120 1
179 26 120 1
28 230 120 15
31 105 120 13
42 113 120 12
136 98 120 10
73 94 120 12
213 206 120 14
41 306 120 12
205 104 120 4
49 291 120 10
269 154 120 20
257 181 120 13
87 107 120 18
311 44 120 18
255 180 120 7
120 148 120 13
231 44 120 18
121 297 120 4
240 185 120 19
271 129 120 18
168 81 120 19
303 233 120 19
36 3 120 18
297 210 120 13
142 44 120 16
296 163 120 3
228 290 120 15
262 94 120 7
285 229 120 15
307 183 120 12
200 246 120 20
246 129 120 9
53 60 120 3
282 40 120 16
134 181 120 19
62 160 120 6
240 284 120 15
254 229 120 4
248 93 120 12
111 83 120 6
314 283 120 15
177 108 120 19
61 160 120 2
56 125 120 13
259 155 120 5
190 216 120 1
75 35 120 12
249 185 120 4
200 116 120 4
275 122 120 10
216 15 120 20
298 192 120 12
89 148 120 15
254 203 120 20
143 146 120 18
107 19 120 9
127 305 120 15
114 237 120 11
13 16 120 15
216 290 120 12
186 189 120 7
229 66 120 10
168 154 120 17
267 304 120 4
70 130 120 5
239 132 120 11
307 259 120 7
201 56 120 11
68 281 120 14
50 76 120 11
49 157 120 15
63 70 120 20
164 133 120 10
201 83 120 5
124 48 120 10
88 182 120 1
70 68 120 7
252 269 120 3
250 20 120 11
51 281 120 6
249 225 120 7
3 184 120 16
34 31 120 12
219 127 120 3
287 250 120 6
64 233 120 20
289 198 120 3
139 133 120 11
153 66 120 6
27 12 120 10
293 260 120 11
83 262 120 2
50 296 120 4
253 94 120 19
15 277 120 12
141 24 120 17
132 312 120 18
190 31 120 15
97 79 120 20
22 106 120 8
228 82 120 15
238 60 120 1
11 109 120 4
130 257 120 5
60 272 120 9
136 96 120 9
128 227 120 12
1 312 120 18
219 92 120 9
187 114 120 18
274 237 120 19
92 54 120 18
280 64 120 14
27 193 120 18
80 149 120 1
92 284 120 12
128 95 120 18
56 95 120 2
121 210 120 17
265 292 120 18
198 249 120 6
108 236 120 19
289 200 120 2
158 122 120 19
284 97 120 7
260 189 120 10
16 316 120 16
209 267 120 10
294 284 120 19
155 232 120 14
236 114 120 2
238 117 120 10
188 90 120 9
202 247 120 14
304 110 120 11
134 54 120 19
35 69 120 18
138 173 120 9
19 151 120 12
110 201 120 15
175 16 120 8
69 253 120 17
302 125 120 2
210 10 120 16
239 209 120 18
49 26 120 19
47 272 120 3
257 93 120 15
313 111 120 1
20 116 120 17
274 187 120 1
222 255 120 17
74 136 120 9
123 29 120 6
102 163 120 6
87 212 120 19
125 154 120 14
231 306 120 6
90 302 120 5
98 217 120 8
203 175 120 2
219 292 120 20
275 49 120 19
248 67 120 11
229 64 120 18
315 151 120 1
109 171 120 6
283 86 120 4
232 175 120 13
188 168 120 6
260 266 120 20
97 168 120 3
189 127 120 3
311 58 120 13
42 182 120 16
39 180 120 14
39 289 120 5
296 255 120 2
227 66 120 8
252 254 120 19
281 197 120 9
276 189 120 8
246 273 120 6
264 164 120 19
244 205 120 9
183 139 120 16
273 177 120 4
217 156 120 6
142 279 120 8
137 214 120 13
299 74 120 1
95 245 120 5
59 174 120 14
44 121 120 9
299 260 120 13
315 126 120 11
298 294 120 7
150 90 120 2
151 127 120 16
114 263 120 9
118 142 120 18
110 132 120 2
291 86 120 15
112 26 120 11
308 220 120 2
76 218 120 12
298 199 120 9
276 244 120 15
305 79 120 1
193 192 120 8
293 206 120 13
47 315 120 12
44 289 120 18
111 296 120 11
297 287 120 6
7 258 120 7
54 135 120 1
290 306 120 17
88 191 120 3
225 67 120 2
204 255 120 7
8 301 120 6
155 241 120 6
284 247 120 2
226 227 120 20
283 129 120 14
137 78 120 16
294 52 120 10
274 35 120 20
228 259 120 14
269 42 120 8
200 261 120 1
25 100 120 17
34 67 120 19
235 189 120 9
91 51 120 10
100 188 120 3
139 61 120 18
272 230 120 9
175 37 120 19
144 305 120 17
52 84 120 5
156 108 120 8
184 38 120 3
38 272 120 19
14 258 120 5
119 253 120 4
198 76 120 20
119 31 120 9
179 102 120 5
290 245 120 2
126 296 120 13
222 135 120 9
314 214 120 14
156 251 120 13
82 265 120 7
58 279 120 7
222 56 120 2
25 175 120 13
162 249 120 18
230 222 120 10
287 243 120 10
8 149 120 16
152 146 120 6
229 197 120 20
157 278 120 8
27 19 120 19
150 136 120 6
243 161 120 20
263 6 120 17
172 131 120 18
222 102 120 1
147 109 120 13
206 156 120 2
59 280 120 10
163 120 120 7
110 147 120 9
232 192 120 9
94 14 120 17
129 277 120 14
309 28 120 4
79 145 120 1
303 291 120 17
255 181 120 12
36 239 120 19
225 297 120 3
59 91 120 1
227 6 120 20
111 99 120 1
259 124 120 1
204 116 120 5
280 90 120 5
140 288 120 4
217 122 120 12
132 157 120 10
11 277 120 7
221 19 120 1
261 142 120 18
284 252 120 1
108 91 120 8
1 190 120 15
237 153 120 13
301 293 120 20
24 89 120 6
139 220 120 14
177 230 120 3
91 134 120 13
95 290 120 10
316 257 120 18
216 261 120 8
239 157 120 1
170 77 120 14
190 61 120 18
77 297 120 10
86 119 120 1
148 191 120 3
170 281 120 4
106 271 120 2
184 167 120 10
197 66 120 6
196 201 120 18
68 54 120 2
305 243 120 7
202 3 120 3
187 301 120 5
76 132 120 12
90 301 120 12
133 90 120 7
150 169 120 13
4 49 120 2
117 140 120 6
283 104 120 15
312 92 120 5
194 294 120 16
160 164 120 12
37 135 120 19
104 120 120 11
31 149 120 20
229 298 120 17
173 197 120 9
287 210 120 13
76 176 120 12
235 67 120 15
3 261 120 4
198 316 120 16
61 36 120 10
55 139 120 14
245 66 120 18
209 294 120 15
25 151 120 8
313 17 120 9
109 304 120 8
8 222 120 10
315 121 120 18
74 2 120 18
313 275 120 5
267 13 120 12
24 258 120 1
141 150 120 18
239 70 120 20
10 278 120 8
94 71 120 8
249 78 120 5
155 288 120 17
216 46 120 11
65 42 120 17
58 308 120 5
189 227 120 10
69 51 120 19
242 186 120 20
42 195 120 2
173 185 120 8
292 117 120 9
213 167 120 5
41 67 120 14
83 27 120 3
295 84 120 7
204 272 120 17
53 24 120 12
264 162 120 17
123 99 120 19
156 271 120 7
47 143 120 12
228 39 120 10
64 291 120 4
261 270 120 11
79 248 120 2
101 135 120 14
34 188 120 1
125 31 120 18
85 49 120 12
135 205 120 3
54 147 120 5
301 270 120 7
294 17 120 13
250 173 120 6
232 148 120 2
193 144 120 16
110 177 120 11
263 197 120 13
260 281 120 6
252 100 120 6
198 49 120 16
182 245 120 14
204 118 120 14
96 51 120 11
46 178 120 6
139 55 120 9
50 164 120 18
149 110 120 2
173 266 120 11
246 97 120 18
103 190 120 14
107 55 120 10
276 154 120 19
145 145 120 2
83 190 120 11
64 224 120 9
293 274 120 1
174 106 120 6
251 174 120 15
293 316 120 19
14 102 120 4
203 104 120 2
216 63 120 19
31 208 120 4
108 186 120 5
46 250 120 1
39 122 120 6
195 191 120 3
252 125 120 16
259 314 120 19
257 11 120 1
129 110 120 4
162 221 120 15
33 147 120 18
48 254 120 3
252 300 120 4
260 22 120 5
225 112 120 11
191 47 120 8
15 201 120 13
49 142 120 15
185 166 120 20
109 11 120 1
307 43 120 11
292 90 120 5
146 238 120 16
250 77 120 1
54 302 120 16
261 72 120 2
276 298 120 11
288 31 120 16
206 215 120 17
234 219 120 3
166 105 120 6
244 80 120 7
156 226 120 4
51 55 120 17
179 4 120 14
102 264 120 17
284 119 120 15
34 302 120 17
137 192 120 11
301 5 120 2
159 170 120 18
168 309 120 14
267 149 120 3
182 95 120 13
70 274 120 4
259 271 120 12
100 238 120 10
238 167 120 16
90 303 120 11
264 287 120 7
25 26 120 16
207 193 120 16
152 143 120 16
218 221 120 19
22 290 120 8
41 129 120 6
220 228 120 8
306 149 120 14
169 134 120 13
223 81 120 19
281 106 120 16
88 208 120 1
99 43 120 11
155 156 120 19
305 73 120 5
96 113 120 1
157 229 120 12
36 218 120 8
82 282 120 5
10 188 120 13
224 152 120 14
148 135 120 9
160 129 120 11
314 283 120 2
269 167 120 18
93 262 120 11
45 315 120 3
224 246 120 16
27 223 120 5
279 232 120 20
191 36 120 7
105 183 120 5
225 26 120 17
284 235 120 4
181 83 120 14
151 175 120 12
129 219 120 18
19 22 120 19
22 260 120 10
202 118 120 5
41 205 120 12
243 309 120 6
159 113 120 11
203 80 120 18
214 261 120 4
288 307 120 7
203 119 120 17
12 33 120 7
66 266 120 2
27 151 120 12
116 87 120 4
135 13 120 16
125 171 120 16
247 57 120 20
288 167 120 16
308 34 120 18
186 132 120 20
178 143 120 20
192 104 120 9
46 131 120 15
17 142 120 5
88 276 120 9
151 296 120 11
10 123 120 7
161 306 120 17
152 297 120 2
133 166 120 5
128 28 120 11
155 115 120 15
27 160 120 1
49 72 120 14
53 159 120 9
69 309 120 13
151 215 120 15
186 59 120 4
282 107 120 17
96 135 120 6
252 263 120 5
131 313 120 8
9 24 120 19
17 284 120 11
166 21 120 5
66 301 120 6
262 32 120 4
160 217 120 14
48 78 120 4
232 69 120 3
265 5 120 1
118 31 120 5
85 39 120 8
211 55 120 12
201 116 120 4
34 77 120 12
71 235 120 15
6 78 120 3
211 125 120 13
207 40 120 17
233 201 120 1
205 214 120 7
173 298 120 9
273 88 120 7
128 289 120 6
111 6 120 15
78 76 120 17
289 293 120 18
83 187 120 11
167 289 120 14
4 205 120 14
160 93 120 15
139 162 120 16
155 14 120 20
122 141 120 12
99 147 120 1
49 120 120 12
233 304 120 8
179 283 120 14
145 133 120 3
46 136 120 7
148 192 120 20
146 14 120 5
22 64 120 10
197 81 120 18
132 180 120 4
180 124 120 19
199 41 120 19
194 219 120 17
59 259 120 5
109 304 120 5
152 135 120 16
79 177 120 5
63 94 120 20
60 290 120 1
93 1 120 12
272 76 120 7
150 274 120 7
16 47 120 17
164 105 120 19
25 214 120 19
233 261 120 1
316 235 120 1
308 297 120 14
47 252 120 3
79 28 120 19
290 195 120 2
205 28 120 7
55 256 120 1
124 315 120 18
134 23 120 3
28 151 120 11
269 150 120 17
53 141 120 13
143 84 120 20
101 162 120 19
60 32 120 1
305 236 120 4
192 290 120 11
124 309 120 14
57 127 120 20
203 50 120 15
189 214 120 4
305 163 120 9
85 201 120 12
116 301 120 5
70 256 120 8
114 245 120 11
186 120 120 9
196 139 120 1
101 196 120 7
241 294 120 17
215 63 120 10
22 51 120 20
286 32 120 4
213 43 120 1
302 113 120 12
1 122 120 20
252 307 120 3
160 187 120 10
272 183 120 1
91 107 120 18
171 5 120 12
252 27 120 3
76 208 120 10
311 105 120 4
3 302 120 4
163 302 120 10
250 237 120 16
141 292 120 6
66 144 120 5
186 130 120 19
179 300 120 20
131 131 120 6
133 102 120 1
62 97 120 5
137 311 120 2
117 157 120 4
218 91 120 8
97 231 120 16
271 192 120 7
311 273 120 4
37 135 120 19
84 161 120 17
53 189 120 7
230 250 120 3
90 283 120 9
148 295 120 14
87 196 120 20
262 292 120 2
309 142 120 9
79 32 120 13
294 69 120 11
72 48 120 16
297 313 120 12
307 226 120 18
309 211 120 16
305 42 120 14
142 24 120 1
281 286 120 4
18 278 120 2
158 253 120 5
42 230 120 17
169 302 120 17
140 282 120 9
299 168 120 6
288 160 120 20
139 44 120 18
284 82 120 1
308 46 120 10
308 276 120 8
241 117 120 12
205 55 120 17
134 223 120 10
110 46 120 11
294 240 120 6
71 108 120 17
270 246 120 13
195 110 120 10
40 101 120 3
169 304 120 18
156 228 120 15
291 117 120 13
24 250 120 7
269 255 120 20
164 232 120 19
17 198 120 18
30 151 120 16
86 242 120 5
119 177 120 17
93 29 120 1
27 81 120 12
77 267 120 12
77 290 120 17
299 243 120 3
146 302 120 10
128 2 120 7
6 31 120 10
237 12 120 19
49 26 120 7
173 15 120 3
181 253 120 15
205 225 120 14
