1000 333
33 77 36 10
220 82 36 13
279 55 36 11
51 15 36 5
116 46 36 12
239 52 36 3
186 208 36 12
189 236 36 12
36 247 36 18
252 225 36 20
217 153 36 12
287 268 36 13
303 230 36 3
61 177 36 1
225 292 36 10
100 110 36 14
154 296 36 5
61 64 36 12
1 312 36 6
230 247 36 7
62 148 36 11
181 14 36 7
174 212 36 8
220 169 36 4
281 77 36 20
178 177 36 17
127 226 36 16
179 183 36 8
47 183 36 15
160 96 36 17
78 157 36 4
45 234 36 5
279 303 36 5
110 206 36 13
14 66 36 5
209 244 36 1
93 266 36 19
169 25 36 17
308 71 36 11
126 126 36 6
190 100 36 7
194 144 36 4
210 106 36 10
18 111 36 19
206 124 36 17
155 228 36 8
175 5 36 9
105 173 36 17
113 164 36 19
303 289 36 5
169 58 36 12
191 147 36 7
26 253 36 12
59 166 36 2
297 56 36 14
285 210 36 17
96 68 36 1
277 69 36 9
273 77 36 12
128 276 36 12
4 128 36 18
295 214 36 12
309 135 36 12
112 193 36 14
237 69 36 5
170 38 36 14
119 133 36 1
179 305 36 17
96 262 36 10
175 285 36 17
123 184 36 16
24 162 36 17
283 50 36 19
163 57 36 3
208 293 36 3
204 147 36 20
305 161 36 17
157 23 36 1
186 118 36 18
291 293 36 2
39 311 36 5
126 230 36 10
110 92 36 3
228 254 36 7
118 41 36 4
76 140 36 10
284 128 36 10
308 285 36 8
112 50 36 2
282 24 36 6
211 62 36 12
112 83 36 5
69 192 36 12
288 315 36 2
34 116 36 2
285 87 36 6
50 266 36 17
187 257 36 9
31 265 36 18
204 230 36 13
37 20 36 2
76 131 36 20
240 96 36 15
179 67 36 13
268 312 36 20
294 281 36 7
247 226 36 16
223 97 36 5
168 23 36 13
57 226 36 10
74 158 36 17
259 129 36 12
315 52 36 11
37 126 36 1
178 290 36 16
13 267 36 12
147 197 36 2
231 103 36 2
151 166 36 12
19 223 36 1
12 192 36 18
24 134 36 14
167 28 36 5
301 65 36 2
185 138 36 7
65 46 36 5
120 89 36 17
85 3 36 16
254 49 36 9
129 67 36 3
125 78 36 6
278 101 36 8
243 164 36 19
259 148 36 3
193 17 36 8
203 81 36 10
60 96 36 18
8 77 36 20
271 14 36 20
68 39 36 14
298 163 36 11
88 125 36 7
223 51 36 18
281 206 36 6
300 82 36 6
35 180 36 18
132 135 36 5
1 143 36 17
188 309 36 19
3 60 36 9
200 254 36 11
266 25 36 3
221 143 36 18
234 3 36 15
291 198 36 12
152 233 36 11
201 48 36 14
30 49 36 20
146 132 36 4
172 135 36 8
236 230 36 13
147 76 36 5
77 296 36 15
270 109 36 17
36 296 36 11
95 27 36 19
18 228 36 6
75 153 36 10
170 194 36 10
153 50 36 8
196 285 36 17
176 11 36 8
76 88 36 19
118 253 36 20
59 289 36 15
197 279 36 1
147 296 36 8
144 266 36 20
86 15 36 14
55 168 36 19
158 259 36 7
70 119 36 18
270 194 36 5
132 208 36 5
315 162 36 5
161 42 36 16
246 84 36 19
241 227 36 9
285 208 36 11
206 262 36 14
72 315 36 13
222 281 36 11
279 234 36 12
107 49 36 3
188 48 36 20
136 104 36 5
259 33 36 16
258 274 36 11
206 138 36 18
64 27 36 16
302 310 36 6
166 111 36 2
148 74 36 3
115 180 36 8
290 263 36 7
205 295 36 2
162 237 36 19
97 178 36 20
259 279 36 1
209 27 36 19
316 12 36 20
105 177 36 6
71 220 36 19
57 18 36 11
304 203 36 5
178 92 36 19
156 149 36 20
166 245 36 5
29 188 36 4
29 292 36 10
267 291 36 17
182 291 36 9
103 45 36 8
98 314 36 5
168 197 36 4
184 59 36 7
75 214 36 7
98 63 36 11
298 303 36 2
41 15 36 5
22 281 36 7
226 42 36 18
290 144 36 6
153 137 36 7
246 304 36 8
121 68 36 18
87 38 36 7
97 135 36 17
139 12 36 19
265 265 36 9
49 286 36 1
20 196 36 14
177 65 36 1
274 218 36 18
53 43 36 9
240 59 36 12
169 41 36 5
207 137 36 11
203 275 36 15
185 119 36 19
77 64 36 4
249 295 36 11
42 155 36 16
190 112 36 17
55 60 36 19
224 299 36 5
39 151 36 13
104 253 36 1
198 139 36 7
304 7 36 14
42 83 36 9
278 227 36 7
288 268 36 9
151 38 36 8
23 92 36 16
253 211 36 10
121 250 36 5
29 249 36 1
73 130 36 8
288 118 36 18
305 55 36 17
281 228 36 11
131 200 36 7
135 246 36 16
146 165 36 3
5 313 36 2
59 118 36 3
159 146 36 11
195 219 36 20
54 190 36 13
132 74 36 20
292 250 36 3
258 64 36 18
176 94 36 20
27 239 36 4
182 140 36 20
231 94 36 13
109 252 36 19
23 26 36 5
174 80 36 6
127 107 36 11
30 82 36 16
56 23 36 7
282 95 36 12
229 17 36 10
128 198 36 1
235 8 36 10
144 116 36 5
198 138 36 7
50 208 36 14
303 18 36 4
209 259 36 5
48 210 36 7
162 71 36 17
265 299 36 2
290 6 36 15
139 241 36 19
292 68 36 6
65 161 36 20
75 106 36 19
60 92 36 8
151 196 36 6
7 243 36 15
97 300 36 18
178 144 36 8
275 117 36 14
149 151 36 6
135 127 36 17
133 87 36 5
164 57 36 6
86 116 36 17
237 266 36 8
14 272 36 6
212 264 36 17
165 21 36 12
313 191 36 4
150 24 36 3
227 54 36 1
267 82 36 11
47 245 36 3
36 14 36 10
224 250 36 19
79 159 36 2
284 267 36 17
156 11 36 14
171 7 36 12
198 52 36 11
272 278 36 9
156 124 36 10
22 170 36 7
48 205 36 20
85 112 36 18
283 86 36 16
120 265 36 10
117 104 36 1
30 170 36 3
29 264 36 3
52 219 36 4
24 271 36 16
289 292 36 1
271 236 36 18
59 216 36 1
96 183 36 11
83 198 36 11
125 210 36 11
285 135 36 20
135 164 36 11
37 111 36 10
113 30 36 16
312 2 36 19
48 169 36 14
305 227 36 10
150 218 36 8
292 300 36 9
170 4 36 19
260 184 36 1
204 3 36 20
306 39 36 14
207 47 36 15
62 42 36 9
1 90 36 5
174 78 36 15
247 123 36 4
294 98 36 11
223 164 36 7
257 107 36 10
109 206 36 16
125 196 36 3
146 298 36 1
197 256 36 3
249 256 36 12
49 113 36 17
75 256 36 20
214 233 36 13
232 35 36 16
150 291 36 3
40 296 36 12
143 104 36 15
181 145 36 13
162 237 36 12
288 65 36 11
187 113 36 15
271 83 36 2
162 296 36 11
151 108 36 13
198 257 36 16
248 296 36 11
188 19 36 10
218 95 36 6
126 152 36 19
77 123 36 11
179 205 36 20
290 160 36 10
127 217 36 18
93 263 36 13
94 41 36 13
281 288 36 1
131 55 36 11
192 169 36 17
185 294 36 1
311 267 36 15
82 25 36 20
281 314 36 15
246 125 36 11
191 217 36 10
139 206 36 10
28 66 36 5
108 92 36 16
102 283 36 8
190 48 36 5
10 254 36 7
165 19 36 20
312 299 36 13
94 229 36 13
92 315 36 10
249 138 36 15
234 61 36 17
299 168 36 16
206 269 36 19
177 38 36 14
21 48 36 19
236 108 36 18
55 103 36 16
83 92 36 20
236 79 36 15
185 12 36 16
235 141 36 16
35 123 36 7
243 224 36 3
101 84 36 8
218 105 36 7
272 236 36 14
29 186 36 20
297 164 36 19
160 83 36 6
234 163 36 5
25 294 36 1
192 12 36 16
314 254 36 7
180 250 36 15
188 151 36 3
138 107 36 18
196 31 36 3
251 223 36 18
294 279 36 9
99 196 36 11
127 117 36 4
295 308 36 16
270 202 36 17
49 65 36 3
227 252 36 13
89 74 36 19
82 165 36 18
260 99 36 8
181 288 36 10
185 70 36 10
248 196 36 2
287 175 36 5
22 24 36 14
223 72 36 3
41 194 36 10
221 282 36 11
300 259 36 19
197 98 36 6
212 279 36 9
190 43 36 7
259 290 36 2
128 157 36 16
304 178 36 4
50 296 36 15
72 232 36 13
29 33 36 10
272 16 36 5
258 212 36 10
239 3 36 16
296 88 36 11
214 30 36 4
11 157 36 12
195 145 36 2
298 90 36 9
156 161 36 9
208 85 36 13
18 252 36 20
190 194 36 19
39 12 36 9
63 307 36 1
129 100 36 14
64 111 36 3
156 201 36 3
217 182 36 16
45 21 36 16
1 125 36 16
305 142 36 4
308 15 36 1
102 265 36 12
215 11 36 19
311 139 36 6
224 99 36 8
190 150 36 8
300 50 36 1
79 306 36 14
18 307 36 6
42 295 36 19
213 183 36 9
261 284 36 17
216 182 36 8
162 72 36 14
104 192 36 20
155 65 36 5
303 261 36 2
103 23 36 12
136 253 36 14
189 294 36 20
171 190 36 2
275 30 36 10
224 245 36 3
183 303 36 15
280 302 36 6
56 36 36 10
192 22 36 14
166 125 36 1
25 156 36 17
190 29 36 10
125 95 36 3
31 54 36 16
116 173 36 4
278 39 36 6
196 2 36 7
305 269 36 19
59 41 36 4
284 206 36 16
216 126 36 20
296 211 36 12
37 19 36 18
75 261 36 11
246 60 36 7
138 234 36 5
227 9 36 11
302 314 36 3
96 268 36 7
227 235 36 4
63 31 36 1
54 222 36 7
73 155 36 14
186 229 36 14
249 55 36 10
63 192 36 15
20 102 36 11
190 299 36 16
104 78 36 19
163 305 36 18
6 263 36 12
291 316 36 17
153 72 36 15
246 153 36 8
284 85 36 2
65 44 36 13
187 63 36 6
105 148 36 1
233 251 36 6
207 97 36 14
100 103 36 12
235 289 36 11
172 125 36 2
50 55 36 15
53 22 36 19
110 298 36 2
42 168 36 20
184 168 36 3
96 296 36 2
297 187 36 6
279 182 36 20
310 101 36 4
25 168 36 17
126 113 36 11
276 166 36 20
91 275 36 9
264 213 36 20
184 80 36 15
146 71 36 19
255 263 36 1
41 225 36 10
140 219 36 18
316 139 36 1
196 264 36 18
26 120 36 11
89 210 36 17
29 157 36 9
32 236 36 12
202 278 36 18
36 112 36 1
56 152 36 17
154 292 36 7
35 187 36 1
296 278 36 13
37 199 36 16
155 183 36 13
127 107 36 5
312 138 36 5
51 23 36 2
177 271 36 1
145 222 36 1
21 59 36 20
224 306 36 14
36 181 36 7
220 113 36 13
207 267 36 19
87 289 36 17
232 284 36 18
296 19 36 12
5 91 36 14
37 235 36 20
117 255 36 10
172 162 36 7
309 94 36 11
303 313 36 7
179 100 36 9
133 186 36 14
193 313 36 1
74 292 36 3
190 192 36 17
155 125 36 15
130 241 36 6
60 97 36 15
294 301 36 16
185 184 36 9
291 46 36 4
244 75 36 13
65 163 36 14
169 237 36 5
84 6 36 5
192 160 36 1
115 186 36 17
292 245 36 9
106 118 36 6
14 302 36 1
234 173 36 18
133 312 36 16
113 60 36 7
90 124 36 3
255 207 36 8
191 295 36 19
39 93 36 4
23 280 36 16
316 69 36 2
173 82 36 19
1 211 36 19
298 239 36 2
38 36 36 17
256 21 36 9
290 171 36 11
225 45 36 9
215 83 36 1
75 2 36 20
178 213 36 13
295 69 36 14
294 281 36 5
148 158 36 19
314 195 36 2
118 30 36 7
46 3 36 17
181 227 36 10
189 22 36 16
290 96 36 13
37 273 36 9
65 148 36 13
279 21 36 5
283 168 36 3
313 61 36 5
171 179 36 7
49 224 36 9
97 300 36 4
86 173 36 9
158 146 36 20
126 78 36 4
203 143 36 3
31 1 36 15
36 283 36 11
94 175 36 15
30 29 36 1
208 289 36 13
177 70 36 8
164 51 36 8
172 208 36 5
275 230 36 7
18 116 36 9
121 42 36 13
139 289 36 15
9 66 36 5
256 308 36 18
48 199 36 6
276 271 36 19
68 118 36 6
135 289 36 13
244 247 36 2
10 161 36 13
234 177 36 11
142 315 36 11
16 8 36 13
276 263 36 4
249 206 36 2
91 62 36 5
213 129 36 18
174 159 36 11
135 86 36 1
112 95 36 9
101 224 36 13
131 49 36 12
133 276 36 3
97 132 36 5
52 64 36 18
206 50 36 15
210 263 36 11
15 16 36 18
5 46 36 19
138 158 36 2
114 154 36 5
163 180 36 18
210 208 36 9
160 305 36 12
268 252 36 16
265 141 36 17
220 34 36 3
198 261 36 15
19 265 36 12
138 86 36 9
35 96 36 10
51 154 36 5
12 259 36 9
249 102 36 1
196 265 36 16
207 213 36 9
164 12 36 2
278 210 36 14
304 124 36 15
164 261 36 8
288 295 36 3
250 242 36 12
286 149 36 10
214 81 36 7
26 173 36 19
90 275 36 16
190 18 36 19
115 296 36 4
89 283 36 8
223 26 36 20
22 314 36 15
233 247 36 16
176 216 36 20
62 114 36 9
260 35 36 13
91 124 36 11
30 209 36 17
192 8 36 4
144 308 36 10
7 214 36 16
26 235 36 1
236 47 36 7
267 223 36 6
235 284 36 11
75 123 36 10
87 213 36 9
57 138 36 18
45 226 36 5
224 53 36 20
54 59 36 13
121 296 36 7
185 112 36 14
179 62 36 16
284 192 36 15
187 266 36 5
20 248 36 6
188 305 36 15
249 245 36 20
213 153 36 16
168 102 36 2
20 222 36 10
215 90 36 13
244 164 36 10
179 131 36 10
293 213 36 3
109 128 36 3
138 316 36 19
305 248 36 19
276 41 36 19
300 208 36 16
65 124 36 9
234 22 36 6
302 265 36 9
224 23 36 20
125 211 36 4
187 3 36 12
77 141 36 19
59 25 36 6
182 300 36 18
36 283 36 14
96 244 36 17
272 161 36 6
118 147 36 2
126 54 36 20
161 74 36 6
305 156 36 16
260 233 36 4
214 187 36 8
207 264 36 8
29 300 36 2
58 291 36 1
106 142 36 6
71 155 36 20
300 281 36 13
131 21 36 14
276 9 36 17
215 164 36 17
83 61 36 20
186 164 36 7
273 192 36 10
11 145 36 4
307 146 36 6
132 216 36 4
315 95 36 8
131 225 36 17
232 80 36 17
277 294 36 9
29 60 36 1
72 142 36 20
275 98 36 3
40 108 36 7
96 99 36 16
189 230 36 19
224 125 36 5
120 151 36 5
248 67 36 16
280 239 36 6
264 267 36 5
101 235 36 14
204 193 36 12
79 128 36 19
97 223 36 17
157 95 36 3
115 215 36 15
64 230 36 13
24 161 36 3
276 20 36 5
85 284 36 12
269 68 36 6
279 167 36 6
70 141 36 1
284 238 36 8
177 290 36 10
299 88 36 12
125 151 36 5
313 71 36 13
40 242 36 5
216 10 36 8
239 278 36 7
284 240 36 1
313 309 36 14
154 173 36 3
217 33 36 4
166 227 36 7
118 35 36 18
194 31 36 20
11 282 36 5
59 78 36 14
178 212 36 15
156 180 36 19
196 72 36 19
61 225 36 15
163 21 36 11
134 187 36 13
89 200 36 15
194 289 36 10
265 195 36 11
261 253 36 12
162 10 36 8
24 61 36 3
22 257 36 14
225 1 36 11
283 60 36 15
270 89 36 13
270 177 36 12
97 266 36 13
270 214 36 11
304 54 36 8
100 215 36 13
3 239 36 18
297 156 36 18
30 64 36 2
200 243 36 13
75 196 36 14
31 149 36 2
187 245 36 20
211 94 36 1
113 82 36 15
164 77 36 13
225 291 36 3
30 271 36 15
91 300 36 14
260 184 36 12
173 154 36 15
174 184 36 20
247 266 36 20
270 56 36 6
87 169 36 19
61 16 36 19
145 240 36 17
48 165 36 7
106 255 36 18
123 95 36 17
279 267 36 18
101 20 36 14
180 162 36 15
188 12 36 19
185 310 36 15
263 266 36 10
313 94 36 10
21 37 36 10
315 38 36 1
172 57 36 3
109 19 36 1
198 15 36 16
51 195 36 5
66 278 36 16
136 146 36 9
58 304 36 10
207 196 36 4
176 216 36 12
310 110 36 14
174 177 36 10
236 285 36 4
144 63 36 2
283 9 36 4
163 74 36 13
55 209 36 10
255 162 36 9
301 53 36 16
124 124 36 11
195 13 36 20
304 186 36 1
153 1 36 1
232 144 36 3
114 6 36 16
85 169 36 5
230 223 36 14
307 57 36 3
164 41 36 15
215 60 36 7
166 255 36 11
121 242 36 17
253 291 36 5
250 206 36 9
308 215 36 2
59 196 36 2
96 109 36 4
25 311 36 1
115 54 36 17
154 269 36 1
212 118 36 15
178 134 36 20
14 283 36 6
63 216 36 20
255 103 36 2
136 162 36 9
82 257 36 13
37 177 36 4
157 291 36 5
106 128 36 9
10 235 36 10
64 97 36 16
43 6 36 18
313 68 36 9
264 218 36 19
113 38 36 16
266 15 36 4
210 51 36 16
45 104 36 7
250 209 36 18
90 114 36 9
260 177 36 13
143 115 36 14
308 7 36 10
268 270 36 19
14 279 36 4
134 228 36 6
193 17 36 1
9 62 36 8
115 311 36 16
244 296 36 17
188 135 36 5
228 277 36 19
