1000 250
212 45 48 19
169 225 48 15
121 122 48 11
132 254 48 20
52 267 48 16
15 39 48 4
142 93 48 15
285 126 48 1
48 65 48 14
141 99 48 7
270 310 48 11
12 59 48 3
158 179 48 4
120 207 48 5
55 258 48 3
239 272 48 17
30 310 48 17
172 278 48 18
21 222 48 3
2 46 48 17
176 211 48 10
78 222 48 20
100 63 48 3
139 78 48 17
115 29 48 6
253 267 48 6
10 192 48 3
174 48 48 8
148 280 48 5
82 281 48 18
114 36 48 16
247 9 48 9
227 4 48 7
177 142 48 17
17 152 48 17
114 300 48 11
275 309 48 6
113 167 48 9
229 210 48 8
145 291 48 20
3 300 48 11
70 230 48 15
43 36 48 10
289 212 48 3
193 228 48 6
125 238 48 6
7 92 48 14
293 205 48 20
309 117 48 5
185 157 48 7
24 55 48 18
111 125 48 16
205 63 48 19
199 247 48 15
17 124 48 6
199 248 48 11
48 151 48 15
205 23 48 11
109 227 48 19
221 95 48 15
204 119 48 18
169 229 48 6
156 13 48 8
283 211 48 10
97 228 48 1
138 6 48 9
313 53 48 11
263 153 48 9
101 261 48 7
163 62 48 6
65 161 48 4
22 225 48 16
315 65 48 4
250 243 48 3
12 23 48 10
316 160 48 7
28 156 48 19
206 314 48 7
90 310 48 16
201 156 48 9
90 221 48 13
309 138 48 17
20 137 48 17
59 282 48 3
309 189 48 9
154 189 48 1
216 112 48 20
226 2 48 2
177 91 48 3
180 291 48 15
244 276 48 3
152 164 48 12
284 183 48 20
165 242 48 14
183 130 48 2
12 180 48 18
212 79 48 10
147 305 48 19
80 61 48 13
7 240 48 12
301 167 48 19
183 214 48 11
202 181 48 1
254 241 48 6
167 108 48 8
268 15 48 7
138 226 48 1
15 268 48 9
313 32 48 17
281 250 48 4
120 234 48 6
131 100 48 15
305 301 48 20
137 134 48 4
211 196 48 3
98 148 48 9
60 181 48 18
100 91 48 18
237 87 48 13
117 263 48 10
237 279 48 15
314 93 48 6
77 293 48 18
128 113 48 12
207 7 48 7
290 316 48 18
70 271 48 10
288 267 48 16
141 187 48 14
237 303 48 9
266 223 48 11
212 117 48 11
153 89 48 11
290 216 48 3
245 106 48 2
80 291 48 13
273 45 48 20
227 228 48 18
270 264 48 8
296 184 48 18
268 133 48 5
202 240 48 13
124 76 48 9
126 261 48 4
32 190 48 17
261 165 48 8
70 17 48 4
149 139 48 3
178 93 48 6
77 284 48 1
174 235 48 13
178 16 48 16
194 139 48 3
298 160 48 7
301 191 48 20
306 136 48 8
285 205 48 17
308 249 48 19
138 110 48 3
231 82 48 14
87 255 48 16
75 13 48 3
94 102 48 5
292 296 48 16
14 176 48 15
138 165 48 6
109 133 48 2
309 20 48 2
16 53 48 3
26 179 48 16
4 265 48 6
215 235 48 18
22 12 48 20
282 199 48 7
70 109 48 14
260 246 48 11
269 250 48 3
62 243 48 7
315 258 48 3
45 283 48 10
172 286 48 18
133 81 48 1
3 314 48 20
290 279 48 15
136 244 48 19
157 187 48 16
27 35 48 1
138 308 48 15
268 306 48 16
134 34 48 19
75 101 48 16
281 130 48 16
301 132 48 1
228 1 48 20
38 32 48 15
168 188 48 6
227 111 48 4
116 144 48 16
142 95 48 17
110 228 48 7
152 199 48 19
163 59 48 8
151 255 48 3
135 166 48 7
294 100 48 14
277 267 48 2
130 74 48 20
229 85 48 11
216 226 48 1
297 231 48 4
203 66 48 2
209 125 48 20
241 275 48 10
191 305 48 4
250 179 48 15
23 139 48 9
196 164 48 18
163 288 48 2
169 188 48 16
269 64 48 6
177 162 48 12
282 266 48 8
130 190 48 2
127 277 48 2
186 210 48 20
28 232 48 2
137 112 48 13
110 170 48 9
64 235 48 12
243 187 48 15
232 47 48 12
183 13 48 13
154 38 48 7
83 164 48 7
1 34 48 12
308 61 48 15
18 93 48 10
102 99 48 16
158 162 48 6
297 300 48 12
183 215 48 7
126 294 48 3
123 131 48 4
205 214 48 7
247 110 48 16
182 313 48 9
244 226 48 13
314 12 48 19
133 169 48 16
186 46 48 3
109 228 48 6
79 250 48 15
273 56 48 5
188 156 48 2
163 86 48 7
66 163 48 12
242 302 48 17
91 299 48 8
37 11 48 5
41 196 48 10
27 201 48 5
228 175 48 14
198 132 48 9
299 215 48 12
192 273 48 17
195 235 48 15
90 160 48 13
106 146 48 19
134 183 48 10
226 223 48 13
47 249 48 1
307 57 48 8
185 254 48 19
13 236 48 5
313 112 48 18
173 202 48 20
300 187 48 3
308 292 48 1
298 109 48 3
195 230 48 13
184 276 48 9
56 163 48 5
315 31 48 19
73 255 48 14
258 251 48 13
83 108 48 18
38 303 48 16
48 190 48 8
204 67 48 8
226 262 48 10
154 25 48 5
123 292 48 3
251 291 48 17
109 259 48 16
203 200 48 2
91 178 48 13
289 111 48 3
144 159 48 8
187 46 48 7
235 272 48 20
196 5 48 12
12 127 48 3
95 274 48 1
103 66 48 4
262 268 48 19
40 255 48 13
136 227 48 7
115 266 48 17
282 137 48 11
304 267 48 14
63 146 48 6
58 157 48 1
29 147 48 10
185 146 48 15
284 91 48 19
163 26 48 5
115 162 48 19
177 276 48 12
82 241 48 8
32 125 48 6
149 83 48 7
166 141 48 16
310 169 48 14
307 249 48 3
266 217 48 6
176 275 48 3
132 285 48 8
102 145 48 7
129 226 48 8
293 153 48 16
90 197 48 14
245 47 48 6
136 252 48 10
69 139 48 11
44 300 48 11
109 159 48 9
199 186 48 9
31 287 48 5
137 311 48 19
64 287 48 19
11 61 48 8
41 201 48 14
210 232 48 17
128 196 48 19
294 239 48 14
256 31 48 12
176 230 48 17
276 260 48 19
100 292 48 10
46 40 48 16
41 262 48 16
232 302 48 16
49 196 48 19
117 7 48 3
220 300 48 9
305 239 48 16
129 310 48 13
137 165 48 20
12 160 48 3
93 102 48 2
248 142 48 12
44 57 48 17
251 105 48 16
270 117 48 6
168 20 48 13
304 221 48 7
155 245 48 16
27 277 48 12
158 184 48 8
265 276 48 5
202 208 48 14
85 147 48 10
270 293 48 2
17 142 48 14
299 309 48 6
247 297 48 14
14 31 48 6
301 58 48 10
17 215 48 6
312 59 48 13
288 157 48 4
89 241 48 10
158 194 48 3
15 211 48 16
200 193 48 9
193 19 48 5
198 244 48 7
131 125 48 12
25 141 48 15
206 32 48 13
242 215 48 17
66 199 48 10
247 40 48 11
193 266 48 13
73 149 48 17
49 238 48 4
217 119 48 3
311 146 48 19
147 170 48 15
93 59 48 10
97 196 48 12
258 157 48 10
239 88 48 17
97 176 48 2
62 248 48 3
218 192 48 12
289 304 48 6
288 299 48 11
94 129 48 8
253 221 48 14
126 213 48 2
214 50 48 6
183 288 48 5
300 281 48 17
153 238 48 4
51 35 48 16
82 8 48 7
128 191 48 17
106 180 48 5
150 12 48 17
147 138 48 6
24 247 48 19
166 9 48 19
78 308 48 3
166 145 48 8
294 91 48 10
297 69 48 5
287 196 48 15
260 197 48 7
256 30 48 18
53 177 48 11
274 96 48 5
16 261 48 2
258 23 48 17
44 84 48 5
67 273 48 8
125 253 48 16
189 224 48 7
236 167 48 3
250 2 48 5
171 266 48 5
230 223 48 4
114 239 48 13
111 76 48 15
312 16 48 18
24 82 48 7
39 206 48 7
122 291 48 18
296 106 48 8
35 39 48 10
119 105 48 3
275 230 48 10
106 28 48 12
198 138 48 15
104 133 48 6
94 53 48 4
40 303 48 17
238 5 48 11
240 300 48 4
91 18 48 2
156 136 48 15
171 306 48 20
304 96 48 15
43 189 48 1
69 293 48 17
215 70 48 9
234 109 48 12
142 242 48 4
237 165 48 7
120 152 48 1
254 307 48 16
176 57 48 18
11 44 48 13
190 298 48 1
86 51 48 9
10 161 48 14
303 78 48 14
162 219 48 4
25 35 48 4
83 155 48 11
55 92 48 18
163 267 48 6
156 173 48 14
140 46 48 7
100 131 48 17
249 141 48 5
254 23 48 10
160 184 48 13
95 104 48 3
302 186 48 9
133 241 48 12
166 299 48 14
47 138 48 19
288 277 48 20
195 272 48 19
151 204 48 11
60 38 48 1
149 197 48 16
249 187 48 3
68 172 48 20
40 200 48 16
316 261 48 10
121 308 48 11
99 279 48 11
123 157 48 11
173 204 48 2
259 263 48 7
51 307 48 3
238 240 48 1
212 307 48 9
55 242 48 4
35 137 48 17
312 154 48 4
307 252 48 6
261 270 48 15
67 22 48 14
289 176 48 12
19 122 48 6
158 255 48 13
62 150 48 15
138 101 48 13
310 31 48 5
110 238 48 10
217 228 48 18
286 69 48 7
304 31 48 5
209 3 48 4
60 234 48 6
114 75 48 16
302 32 48 10
61 66 48 6
61 59 48 20
93 168 48 5
279 68 48 5
84 249 48 17
54 237 48 7
258 129 48 14
110 85 48 7
295 94 48 9
102 79 48 12
271 139 48 13
224 199 48 7
103 188 48 14
220 150 48 5
248 233 48 18
240 182 48 14
262 124 48 2
183 129 48 14
21 107 48 15
145 104 48 2
301 59 48 16
205 178 48 15
64 281 48 2
301 184 48 19
290 115 48 15
107 250 48 16
56 195 48 15
29 62 48 19
87 294 48 5
133 123 48 1
258 107 48 15
206 207 48 12
144 166 48 16
57 151 48 19
15 20 48 9
101 126 48 14
52 77 48 17
23 105 48 6
225 191 48 7
10 220 48 13
110 161 48 11
268 50 48 10
183 89 48 3
63 145 48 17
21 55 48 8
306 155 48 13
207 103 48 5
199 125 48 18
148 245 48 16
75 254 48 7
123 259 48 8
174 106 48 17
115 289 48 10
117 247 48 18
270 163 48 13
125 152 48 15
106 255 48 17
58 33 48 9
115 77 48 14
259 47 48 7
305 65 48 10
196 238 48 19
33 248 48 3
170 49 48 1
135 2 48 16
51 126 48 3
18 127 48 17
86 185 48 10
175 299 48 6
296 241 48 12
146 230 48 12
255 5 48 10
154 249 48 1
236 102 48 13
37 237 48 10
108 183 48 16
14 96 48 2
175 78 48 2
160 252 48 9
221 127 48 17
224 168 48 14
79 107 48 7
68 156 48 3
201 75 48 13
65 7 48 5
143 114 48 11
242 128 48 7
151 198 48 20
141 253 48 11
113 157 48 1
221 276 48 12
139 38 48 10
273 2 48 9
127 98 48 8
295 162 48 10
279 200 48 4
130 125 48 7
288 276 48 12
207 312 48 16
61 108 48 16
253 224 48 3
296 258 48 20
26 214 48 17
226 237 48 14
185 111 48 16
47 74 48 11
22 203 48 20
20 70 48 11
215 276 48 18
242 20 48 9
109 168 48 12
251 147 48 14
222 68 48 15
195 294 48 15
160 58 48 14
287 104 48 7
298 21 48 17
225 40 48 10
111 150 48 9
308 75 48 12
296 183 48 11
87 13 48 9
136 131 48 17
295 221 48 2
269 64 48 15
142 35 48 3
300 228 48 3
240 136 48 11
249 246 48 16
217 133 48 19
100 112 48 1
150 94 48 18
243 126 48 8
299 316 48 20
120 268 48 7
210 306 48 17
300 289 48 8
307 109 48 3
37 41 48 20
232 154 48 16
294 253 48 11
223 299 48 9
60 121 48 10
27 103 48 5
110 118 48 4
44 223 48 17
121 103 48 6
212 93 48 14
231 129 48 6
74 256 48 15
154 234 48 12
136 140 48 6
212 95 48 6
97 121 48 8
89 230 48 13
137 169 48 19
69 289 48 9
186 81 48 13
307 207 48 5
257 280 48 1
255 117 48 18
86 253 48 17
111 44 48 15
256 141 48 19
83 229 48 12
239 261 48 20
302 226 48 9
258 307 48 1
95 298 48 7
167 134 48 10
75 284 48 3
216 266 48 11
76 60 48 2
30 316 48 2
316 82 48 11
199 5 48 11
43 202 48 20
175 143 48 3
71 133 48 16
69 196 48 5
30 270 48 4
4 170 48 9
126 245 48 17
292 275 48 8
177 274 48 13
187 53 48 13
38 307 48 2
113 165 48 5
75 131 48 17
230 199 48 8
202 124 48 14
38 24 48 3
138 149 48 11
298 20 48 5
141 93 48 3
278 279 48 15
314 212 48 5
236 9 48 13
300 295 48 7
76 209 48 5
260 306 48 20
185 27 48 3
279 165 48 8
197 146 48 15
74 183 48 7
120 40 48 18
114 37 48 17
202 168 48 17
246 47 48 20
208 19 48 4
264 278 48 1
127 146 48 20
226 108 48 16
53 200 48 9
215 273 48 7
154 76 48 10
163 189 48 15
171 286 48 10
296 215 48 13
83 2 48 11
78 265 48 4
274 288 48 1
181 197 48 8
148 249 48 15
157 43 48 8
31 92 48 19
157 254 48 4
215 5 48 17
228 196 48 12
184 278 48 13
158 251 48 18
93 104 48 9
69 181 48 5
152 224 48 9
15 64 48 15
254 307 48 19
44 43 48 20
23 257 48 16
184 64 48 3
35 248 48 4
307 301 48 10
108 290 48 6
196 42 48 10
60 90 48 9
68 104 48 5
119 253 48 3
157 296 48 13
28 215 48 1
220 294 48 20
290 12 48 11
218 214 48 16
291 6 48 1
152 97 48 2
193 157 48 3
246 120 48 14
154 134 48 18
52 290 48 10
308 214 48 16
84 117 48 5
135 302 48 4
118 99 48 9
85 74 48 10
133 225 48 3
222 102 48 15
85 243 48 14
262 292 48 20
60 27 48 5
153 230 48 18
40 209 48 18
220 27 48 12
307 144 48 14
291 124 48 11
281 256 48 4
263 162 48 1
85 142 48 11
238 87 48 2
209 146 48 16
50 298 48 13
103 233 48 9
169 32 48 19
8 234 48 19
157 209 48 10
276 69 48 18
303 227 48 3
223 311 48 8
173 128 48 18
310 21 48 12
53 282 48 9
25 68 48 6
205 132 48 9
307 139 48 11
237 192 48 3
291 47 48 15
180 33 48 9
126 151 48 11
109 7 48 14
282 212 48 10
285 160 48 15
166 184 48 15
175 72 48 18
111 62 48 17
69 299 48 8
27 169 48 10
53 244 48 18
201 265 48 12
27 57 48 14
193 22 48 17
274 203 48 16
5 264 48 15
15 122 48 14
156 128 48 11
16 93 48 5
279 119 48 5
272 68 48 12
297 268 48 4
52 191 48 20
129 67 48 10
209 24 48 12
236 28 48 7
26 254 48 12
203 306 48 15
234 5 48 11
246 180 48 18
7 135 48 13
10 116 48 16
278 63 48 6
181 192 48 8
2 296 48 16
129 216 48 11
99 241 48 9
86 24 48 18
201 257 48 6
91 82 48 1
312 88 48 4
72 310 48 3
208 271 48 9
5 31 48 8
81 33 48 16
180 57 48 19
202 52 48 11
162 137 48 6
7 233 48 18
173 8 48 12
97 3 48 19
156 287 48 16
14 74 48 6
147 78 48 1
154 158 48 9
37 21 48 13
135 119 48 20
54 176 48 5
207 183 48 1
197 251 48 12
268 243 48 15
6 83 48 13
54 308 48 2
55 138 48 7
195 188 48 1
51 224 48 5
176 255 48 11
247 204 48 19
139 94 48 17
160 290 48 11
187 137 48 1
113 143 48 3
221 196 48 3
86 146 48 4
241 25 48 19
237 287 48 15
149 146 48 17
76 77 48 8
282 111 48 5
146 270 48 7
260 141 48 3
196 149 48 17
215 54 48 4
225 35 48 10
268 171 48 18
287 91 48 4
5 136 48 2
293 211 48 14
152 72 48 12
316 217 48 10
138 56 48 10
309 251 48 14
201 45 48 7
289 269 48 10
102 221 48 8
255 87 48 15
274 303 48 2
123 279 48 12
48 10 48 15
296 9 48 19
181 43 48 2
206 247 48 8
275 131 48 1
294 315 48 1
31 100 48 17
150 250 48 7
44 208 48 5
73 14 48 11
312 274 48 12
202 253 48 17
308 13 48 19
153 218 48 5
41 72 48 3
77 49 48 6
277 291 48 5
66 125 48 7
152 168 48 18
121 137 48 19
51 28 48 4
307 230 48 8
151 117 48 20
249 166 48 1
277 206 48 17
119 282 48 1
172 138 48 20
9 203 48 16
307 251 48 7
76 55 48 15
174 105 48 19
126 307 48 16
225 37 48 12
21 181 48 1
33 141 48 2
13 156 48 11
254 11 48 17
153 231 48 11
72 117 48 1
54 192 48 15
173 262 48 12
215 283 48 2
170 191 48 7
241 211 48 11
58 140 48 4
79 48 48 7
278 301 48 5
298 33 48 4
100 316 48 4
49 54 48 12
51 122 48 5
266 20 48 11
156 189 48 9
82 9 48 8
84 278 48 3
123 253 48 6
1 214 48 3
102 91 48 19
13 86 48 15
40 134 48 8
51 81 48 1
111 30 48 16
33 81 48 16
42 58 48 12
49 142 48 2
303 160 48 2
76 161 48 7
46 158 48 1
261 66 48 18
159 1 48 16
110 52 48 4
78 162 48 1
277 91 48 2
32 132 48 3
7 76 48 8
260 62 48 20
29 33 48 16
11 291 48 9
295 235 48 6
