1000 333
111 294 36 17
31 103 36 1
259 150 36 19
300 187 36 9
151 305 36 17
235 270 36 13
258 90 36 16
75 207 36 13
206 214 36 18
308 5 36 9
232 115 36 18
237 41 36 20
5 299 36 9
167 179 36 16
183 225 36 20
83 143 36 17
147 297 36 14
259 55 36 4
295 261 36 9
52 148 36 18
12 64 36 20
265 300 36 5
200 200 36 15
181 50 36 1
244 232 36 10
295 210 36 12
195 253 36 20
80 195 36 7
171 173 36 11
160 120 36 14
49 131 36 17
52 291 36 16
96 70 36 11
19 250 36 12
15 177 36 19
236 51 36 9
180 245 36 13
207 8 36 11
81 75 36 3
215 130 36 6
181 178 36 12
1 125 36 6
121 117 36 11
123 31 36 13
71 45 36 1
145 177 36 16
113 40 36 8
229 142 36 8
223 119 36 6
285 17 36 15
46 93 36 20
253 94 36 20
14 214 36 12
161 232 36 10
137 198 36 7
185 27 36 11
284 139 36 18
208 264 36 7
139 66 36 5
40 35 36 2
282 292 36 14
69 229 36 7
296 138 36 16
220 298 36 12
277 14 36 9
171 199 36 7
241 166 36 6
34 57 36 9
77 91 36 14
25 26 36 16
202 307 36 20
52 59 36 16
310 251 36 13
46 154 36 3
225 10 36 16
73 181 36 6
160 105 36 20
281 35 36 4
33 111 36 19
166 31 36 8
230 129 36 11
269 76 36 13
116 69 36 15
100 10 36 20
66 234 36 10
258 307 36 10
15 46 36 14
254 10 36 8
26 42 36 2
204 103 36 1
303 228 36 17
77 76 36 4
18 191 36 20
312 187 36 10
24 252 36 15
165 89 36 17
66 104 36 14
283 253 36 11
219 278 36 16
264 61 36 3
132 48 36 18
24 20 36 2
95 37 36 20
27 245 36 6
72 268 36 14
246 116 36 18
307 77 36 9
96 43 36 6
107 261 36 11
54 105 36 4
316 132 36 15
174 156 36 14
107 146 36 3
126 172 36 11
120 243 36 14
157 69 36 5
282 271 36 5
195 50 36 15
256 52 36 20
174 2 36 20
49 213 36 7
287 70 36 6
21 72 36 16
211 198 36 11
121 1 36 6
86 53 36 14
62 18 36 16
10 108 36 5
212 47 36 13
255 117 36 14
298 61 36 10
157 244 36 4
66 264 36 15
121 54 36 8
32 174 36 16
293 259 36 4
94 216 36 2
61 225 36 9
289 16 36 12
253 167 36 20
114 148 36 16
84 200 36 7
19 162 36 6
129 178 36 7
229 105 36 20
12 81 36 10
164 174 36 9
229 130 36 13
189 103 36 17
304 251 36 15
219 261 36 14
195 28 36 2
309 46 36 19
159 70 36 16
273 194 36 17
245 206 36 5
158 53 36 7
287 281 36 16
219 49 36 2
63 37 36 5
73 151 36 1
127 241 36 16
276 234 36 9
270 288 36 14
125 140 36 20
297 68 36 13
22 226 36 5
28 92 36 9
163 310 36 13
85 269 36 13
153 25 36 8
165 47 36 20
100 6 36 1
292 171 36 16
133 192 36 12
168 172 36 11
92 89 36 12
280 116 36 3
12 279 36 17
5 47 36 13
245 95 36 5
4 155 36 16
216 254 36 9
240 125 36 12
236 257 36 3
267 109 36 14
261 96 36 15
165 60 36 2
159 283 36 20
147 183 36 14
299 112 36 8
160 11 36 14
279 122 36 19
87 46 36 11
278 177 36 8
28 127 36 16
162 283 36 3
68 131 36 18
89 290 36 5
73 16 36 15
210 211 36 2
230 54 36 13
299 228 36 10
202 314 36 7
16 172 36 7
299 199 36 5
270 256 36 12
21 7 36 18
42 96 36 19
242 64 36 11
309 273 36 5
66 82 36 18
46 277 36 5
148 162 36 6
294 73 36 13
301 268 36 20
225 117 36 19
220 137 36 10
242 75 36 9
132 316 36 12
38 204 36 20
154 270 36 2
219 211 36 6
91 42 36 19
277 232 36 11
213 112 36 14
244 20 36 11
215 136 36 3
192 61 36 5
160 192 36 17
87 126 36 8
286 279 36 5
147 78 36 8
284 64 36 1
162 236 36 16
9 133 36 19
122 272 36 7
248 170 36 18
195 257 36 2
215 312 36 1
131 82 36 14
251 52 36 17
219 198 36 6
82 166 36 5
303 223 36 13
18 127 36 13
161 249 36 4
219 76 36 10
200 270 36 18
137 169 36 18
161 299 36 11
311 233 36 18
107 136 36 4
88 217 36 1
236 99 36 7
200 13 36 18
296 69 36 6
244 287 36 1
45 66 36 19
210 202 36 15
159 46 36 13
190 252 36 6
167 254 36 17
26 25 36 13
262 157 36 16
301 40 36 16
150 232 36 12
143 55 36 18
211 311 36 7
233 204 36 16
107 47 36 1
176 132 36 17
57 298 36 10
73 220 36 19
201 61 36 15
8 257 36 14
143 90 36 9
242 128 36 3
207 23 36 17
133 151 36 9
260 258 36 7
117 13 36 10
121 69 36 19
62 141 36 18
28 25 36 15
46 33 36 11
316 71 36 13
184 209 36 16
3 311 36 6
235 128 36 1
251 71 36 14
209 83 36 2
86 99 36 2
53 161 36 6
238 84 36 10
64 26 36 18
147 25 36 1
215 104 36 5
94 106 36 3
104 25 36 18
52 171 36 1
257 64 36 11
54 45 36 6
131 309 36 18
136 231 36 13
61 190 36 2
231 20 36 14
51 234 36 2
79 224 36 7
101 11 36 19
147 274 36 18
263 110 36 17
41 163 36 1
130 189 36 18
63 8 36 16
80 280 36 9
229 90 36 1
191 140 36 10
152 218 36 13
218 3 36 19
309 149 36 16
46 307 36 9
162 243 36 11
6 57 36 3
55 119 36 2
18 94 36 6
67 219 36 15
135 93 36 11
16 140 36 20
17 41 36 2
239 245 36 10
103 290 36 4
179 135 36 15
210 37 36 15
112 91 36 5
22 5 36 19
107 71 36 17
281 101 36 5
279 12 36 4
179 28 36 4
292 163 36 5
238 265 36 10
281 23 36 13
251 232 36 1
173 240 36 15
110 157 36 19
36 263 36 5
180 227 36 13
312 190 36 1
267 52 36 4
262 239 36 2
82 160 36 14
88 21 36 17
228 271 36 4
300 24 36 19
146 29 36 15
209 64 36 9
237 139 36 16
50 134 36 5
86 84 36 20
149 29 36 2
271 7 36 14
24 94 36 18
12 217 36 20
232 200 36 7
270 241 36 3
149 133 36 10
289 266 36 4
236 315 36 1
268 84 36 16
247 128 36 5
253 82 36 11
210 2 36 12
187 13 36 16
14 244 36 11
181 94 36 11
271 242 36 20
109 110 36 1
84 242 36 19
193 193 36 14
280 124 36 9
292 272 36 11
310 61 36 20
105 143 36 4
224 156 36 20
226 232 36 5
153 187 36 18
4 191 36 15
120 170 36 4
234 258 36 1
11 222 36 4
127 197 36 7
9 191 36 15
104 191 36 5
316 311 36 8
247 220 36 4
271 268 36 6
220 271 36 4
174 286 36 9
54 203 36 15
126 109 36 8
113 236 36 20
267 140 36 6
165 244 36 17
205 139 36 7
84 69 36 18
91 23 36 10
180 138 36 4
143 311 36 2
172 48 36 12
246 69 36 17
121 77 36 8
88 27 36 3
142 191 36 6
282 79 36 8
204 59 36 12
137 45 36 2
126 121 36 15
178 263 36 10
199 14 36 17
106 155 36 14
18 275 36 10
165 259 36 17
32 296 36 3
37 261 36 18
181 44 36 8
76 180 36 16
102 306 36 12
52 63 36 19
209 261 36 4
310 262 36 15
59 280 36 17
304 24 36 3
156 267 36 18
95 304 36 2
8 64 36 9
295 139 36 9
310 240 36 2
26 188 36 4
4 292 36 4
207 181 36 17
249 239 36 12
146 123 36 16
300 174 36 10
14 164 36 5
303 171 36 8
216 149 36 3
308 143 36 10
285 64 36 5
8 67 36 1
203 169 36 13
131 102 36 16
131 247 36 18
154 126 36 19
127 139 36 11
196 22 36 1
115 237 36 18
69 228 36 8
159 196 36 15
15 99 36 13
59 301 36 13
284 11 36 18
223 141 36 4
72 190 36 18
202 213 36 8
284 92 36 17
117 102 36 1
98 171 36 4
117 225 36 7
199 135 36 13
31 194 36 17
139 57 36 20
33 279 36 8
68 246 36 2
229 131 36 10
213 311 36 9
113 111 36 14
146 104 36 8
301 220 36 4
20 102 36 7
48 28 36 16
61 166 36 4
84 198 36 10
247 266 36 11
180 178 36 5
9 286 36 3
245 295 36 9
267 124 36 20
38 108 36 7
246 23 36 20
272 71 36 15
71 131 36 5
138 110 36 18
167 40 36 19
233 116 36 17
113 124 36 10
200 265 36 4
80 215 36 3
276 148 36 19
270 77 36 1
154 32 36 15
276 102 36 17
248 135 36 6
102 301 36 2
12 217 36 5
312 226 36 8
266 109 36 8
197 84 36 10
148 255 36 2
102 209 36 18
78 46 36 18
125 5 36 3
93 253 36 10
275 250 36 18
76 157 36 7
204 153 36 16
139 102 36 4
235 194 36 3
228 237 36 6
53 22 36 18
167 312 36 11
312 16 36 19
34 108 36 19
311 278 36 20
153 249 36 1
107 136 36 9
286 171 36 6
257 89 36 15
207 316 36 8
96 265 36 5
193 115 36 8
19 6 36 3
274 39 36 19
44 34 36 8
64 82 36 5
240 84 36 4
148 53 36 2
53 205 36 10
151 307 36 6
170 87 36 2
3 279 36 4
250 194 36 5
93 151 36 3
43 194 36 12
166 153 36 9
10 76 36 20
202 119 36 12
143 171 36 8
69 6 36 11
310 71 36 9
79 285 36 7
174 115 36 20
274 103 36 18
308 145 36 20
272 206 36 4
316 216 36 4
128 313 36 6
99 35 36 9
275 315 36 18
21 308 36 20
169 282 36 13
279 35 36 11
163 204 36 1
196 92 36 1
215 47 36 18
175 46 36 9
106 69 36 17
155 168 36 16
271 22 36 14
288 254 36 10
272 106 36 11
224 280 36 18
186 22 36 1
38 114 36 4
246 12 36 10
239 186 36 8
28 291 36 8
128 26 36 15
159 192 36 4
189 164 36 9
106 15 36 18
200 238 36 18
225 107 36 7
138 40 36 16
37 181 36 4
87 103 36 5
182 26 36 12
241 154 36 9
48 208 36 8
191 292 36 19
272 293 36 1
141 73 36 18
82 297 36 20
149 14 36 7
224 51 36 11
311 33 36 2
268 110 36 19
95 34 36 16
159 293 36 4
98 168 36 3
201 123 36 12
213 159 36 4
147 241 36 8
294 285 36 6
269 192 36 8
3 83 36 20
52 34 36 5
127 24 36 14
250 182 36 3
161 279 36 6
48 59 36 16
227 272 36 18
58 314 36 14
185 291 36 18
222 139 36 10
205 38 36 4
220 89 36 1
240 111 36 8
294 45 36 1
8 101 36 19
205 148 36 2
104 58 36 13
57 115 36 10
147 196 36 12
308 313 36 19
137 98 36 20
48 213 36 20
204 137 36 7
67 114 36 19
219 121 36 19
18 221 36 11
87 220 36 16
7 172 36 19
136 2 36 6
239 206 36 6
61 26 36 15
132 286 36 16
292 173 36 8
142 136 36 9
36 250 36 9
242 267 36 13
280 249 36 20
272 255 36 15
62 74 36 17
259 209 36 10
136 269 36 15
7 85 36 20
302 272 36 13
101 97 36 20
13 28 36 5
257 165 36 8
301 129 36 8
144 84 36 3
158 41 36 8
174 299 36 20
79 14 36 17
222 232 36 17
229 217 36 12
93 1 36 16
304 13 36 3
133 165 36 19
228 45 36 19
151 84 36 6
13 242 36 14
161 311 36 4
200 74 36 6
192 191 36 5
60 103 36 10
199 196 36 14
14 183 36 11
172 315 36 7
75 122 36 8
105 273 36 11
115 181 36 4
164 237 36 15
196 121 36 12
137 208 36 2
309 268 36 12
66 46 36 19
36 60 36 2
18 127 36 16
272 201 36 2
255 306 36 6
6 104 36 10
209 163 36 7
91 254 36 7
258 74 36 14
299 279 36 9
23 240 36 11
153 171 36 18
46 188 36 20
254 40 36 9
163 294 36 14
136 195 36 1
77 88 36 3
151 178 36 17
29 16 36 6
11 314 36 12
259 232 36 12
133 69 36 18
66 114 36 14
22 263 36 5
282 5 36 18
7 140 36 17
151 113 36 16
141 263 36 9
69 188 36 20
283 198 36 10
38 36 36 13
33 169 36 1
199 234 36 15
132 255 36 9
104 116 36 18
265 122 36 5
93 168 36 13
220 309 36 20
105 273 36 11
216 239 36 8
113 173 36 15
138 205 36 19
126 87 36 9
228 114 36 7
277 217 36 3
226 62 36 8
314 50 36 4
303 166 36 4
30 166 36 12
260 65 36 19
267 74 36 15
309 107 36 3
204 232 36 10
228 144 36 7
86 316 36 12
60 225 36 1
52 222 36 2
107 104 36 11
154 29 36 16
157 184 36 9
191 134 36 6
81 23 36 4
176 122 36 3
253 245 36 10
23 14 36 13
10 74 36 9
270 21 36 15
52 127 36 14
210 280 36 7
218 16 36 14
290 103 36 16
119 183 36 6
54 254 36 11
116 86 36 15
218 109 36 20
2 118 36 13
223 72 36 9
141 19 36 15
162 124 36 10
108 25 36 2
238 314 36 16
185 12 36 10
262 277 36 8
144 77 36 5
270 294 36 1
93 191 36 19
98 309 36 18
122 133 36 20
273 295 36 19
282 298 36 4
307 219 36 17
14 299 36 1
116 244 36 13
155 71 36 9
175 236 36 2
304 225 36 13
234 6 36 13
131 127 36 14
258 83 36 12
296 261 36 13
151 147 36 4
4 57 36 2
184 172 36 10
8 222 36 12
121 80 36 12
106 279 36 20
282 196 36 9
135 10 36 11
16 163 36 10
191 39 36 6
243 189 36 12
198 192 36 16
136 59 36 19
213 279 36 8
44 83 36 8
111 188 36 10
86 50 36 14
278 184 36 7
281 199 36 10
262 285 36 12
83 211 36 16
154 305 36 4
178 20 36 10
56 232 36 12
52 275 36 10
23 70 36 6
272 51 36 3
297 13 36 14
16 189 36 16
109 134 36 8
240 112 36 6
243 265 36 6
122 22 36 17
272 290 36 20
171 237 36 7
261 155 36 20
118 6 36 18
128 303 36 18
217 214 36 14
84 6 36 15
23 245 36 6
280 67 36 11
210 189 36 4
54 144 36 9
234 210 36 9
268 154 36 3
267 271 36 13
316 294 36 7
274 90 36 8
207 173 36 13
66 91 36 5
139 55 36 11
269 160 36 15
105 109 36 18
229 238 36 16
170 189 36 5
264 35 36 4
48 247 36 13
30 204 36 3
225 306 36 3
217 55 36 6
137 90 36 8
124 254 36 15
194 42 36 3
92 167 36 5
199 20 36 17
39 283 36 12
46 227 36 14
243 256 36 13
213 61 36 6
39 277 36 5
168 310 36 10
247 13 36 19
169 206 36 1
96 193 36 11
260 75 36 10
192 10 36 4
159 267 36 14
268 193 36 10
52 301 36 18
38 236 36 10
290 87 36 11
211 230 36 3
173 82 36 13
285 73 36 17
35 228 36 4
16 104 36 17
176 158 36 7
245 110 36 20
254 161 36 20
115 94 36 7
253 279 36 18
67 173 36 3
106 242 36 16
246 210 36 13
262 245 36 16
249 156 36 15
245 15 36 13
192 260 36 2
227 93 36 6
246 208 36 12
185 144 36 14
106 106 36 11
256 107 36 16
67 248 36 17
267 194 36 13
275 22 36 1
69 267 36 19
21 142 36 18
82 264 36 15
304 89 36 18
95 273 36 9
60 274 36 6
198 109 36 9
261 176 36 16
114 22 36 9
106 296 36 11
254 261 36 17
313 281 36 6
314 47 36 9
304 246 36 13
185 24 36 18
209 295 36 11
235 177 36 16
51 121 36 11
10 130 36 16
163 236 36 12
233 69 36 12
253 277 36 20
310 171 36 10
314 158 36 19
302 27 36 10
247 235 36 17
46 49 36 1
165 311 36 9
143 5 36 7
142 63 36 10
229 191 36 18
48 127 36 11
44 16 36 17
85 225 36 10
56 210 36 12
49 37 36 19
233 294 36 7
277 142 36 18
22 284 36 18
212 5 36 16
5 234 36 2
78 177 36 16
8 220 36 3
212 305 36 3
154 256 36 8
121 304 36 8
219 117 36 13
262 289 36 10
87 310 36 5
24 205 36 18
23 105 36 11
212 183 36 3
107 86 36 19
17 194 36 7
47 31 36 18
74 47 36 13
34 162 36 9
286 107 36 2
48 89 36 15
304 112 36 12
249 134 36 8
111 29 36 14
46 31 36 20
200 259 36 13
134 305 36 15
111 274 36 5
287 203 36 14
160 69 36 20
217 116 36 8
55 315 36 7
310 248 36 4
250 254 36 8
55 299 36 14
262 78 36 16
30 107 36 8
40 217 36 6
309 84 36 12
106 139 36 8
10 39 36 15
1 305 36 18
316 195 36 17
131 128 36 2
187 182 36 5
168 24 36 18
92 53 36 17
3 305 36 9
84 193 36 8
52 298 36 2
87 307 36 16
134 308 36 13
179 203 36 7
263 17 36 2
284 99 36 15
184 267 36 14
58 42 36 3
142 44 36 15
234 24 36 15
94 75 36 8
303 161 36 15
235 294 36 14
51 52 36 12
61 314 36 4
94 178 36 7
308 45 36 17
230 102 36 18
100 139 36 1
170 57 36 12
116 150 36 2
255 136 36 19
69 266 36 8
190 316 36 8
93 272 36 13
225 49 36 6
139 41 36 3
3 166 36 4
