1000 250
301 219 48 7
191 118 48 20
208 30 48 18
292 74 48 2
98 250 48 7
185 191 48 12
140 231 48 16
193 196 48 10
206 18 48 16
232 281 48 17
258 161 48 15
124 36 48 17
39 139 48 6
244 114 48 20
41 211 48 9
103 291 48 12
194 114 48 6
277 202 48 13
150 91 48 14
281 218 48 10
85 55 48 18
212 178 48 13
36 216 48 15
101 39 48 12
240 79 48 6
313 181 48 20
156 271 48 13
229 231 48 2
181 277 48 8
150 241 48 17
191 10 48 3
180 117 48 8
101 48 48 15
159 148 48 9
227 72 48 15
84 280 48 16
128 119 48 18
284 31 48 16
222 107 48 8
145 152 48 13
286 26 48 6
164 101 48 2
116 97 48 9
282 256 48 12
67 62 48 15
245 41 48 14
184 168 48 12
77 32 48 18
201 149 48 12
284 293 48 11
84 262 48 20
209 6 48 13
134 121 48 9
2 298 48 4
122 48 48 5
104 189 48 6
154 56 48 9
217 133 48 16
207 229 48 4
302 92 48 17
233 176 48 6
84 68 48 3
36 202 48 19
85 203 48 9
284 220 48 8
229 220 48 8
110 57 48 12
158 169 48 16
134 59 48 12
257 45 48 3
253 277 48 14
91 44 48 2
37 80 48 15
212 60 48 13
52 27 48 9
151 151 48 20
123 260 48 20
46 314 48 20
313 27 48 11
72 179 48 7
26 116 48 15
52 206 48 10
145 138 48 13
19 245 48 12
307 192 48 15
79 27 48 13
70 45 48 5
13 302 48 2
229 298 48 20
83 265 48 10
297 290 48 13
51 237 48 14
60 277 48 8
45 295 48 12
192 182 48 8
262 156 48 14
63 122 48 6
123 134 48 19
180 258 48 16
55 236 48 20
212 216 48 13
277 162 48 6
230 118 48 14
217 162 48 5
29 37 48 10
32 195 48 17
61 153 48 2
30 275 48 20
300 138 48 5
131 192 48 17
122 299 48 12
190 259 48 6
287 69 48 11
133 285 48 20
169 209 48 16
282 240 48 14
130 196 48 6
100 121 48 8
99 316 48 13
39 130 48 20
111 251 48 11
83 21 48 17
216 203 48 13
46 19 48 18
37 83 48 2
276 260 48 18
78 74 48 17
243 69 48 6
51 63 48 13
207 101 48 15
135 108 48 9
45 190 48 9
109 89 48 16
138 30 48 6
135 66 48 1
24 25 48 4
261 314 48 17
62 241 48 9
299 187 48 3
219 77 48 4
61 107 48 7
154 151 48 4
162 156 48 12
57 189 48 13
183 7 48 6
75 242 48 6
226 187 48 4
31 144 48 12
115 126 48 10
262 240 48 14
193 301 48 5
127 138 48 3
250 195 48 6
41 252 48 6
177 118 48 20
274 192 48 14
291 101 48 20
306 27 48 19
37 142 48 16
58 87 48 3
264 175 48 3
48 197 48 8
90 26 48 7
288 66 48 6
253 138 48 19
225 307 48 10
122 177 48 10
101 63 48 17
11 99 48 2
154 157 48 8
220 316 48 18
167 47 48 14
146 32 48 7
4 215 48 20
113 152 48 9
235 60 48 15
232 77 48 19
226 177 48 1
142 83 48 4
199 236 48 8
238 35 48 7
31 201 48 17
20 243 48 20
34 246 48 7
9 43 48 18
121 277 48 9
119 193 48 1
293 314 48 5
214 139 48 11
129 21 48 6
200 154 48 20
270 184 48 1
178 99 48 15
221 28 48 20
59 36 48 14
260 52 48 15
100 66 48 11
120 254 48 12
212 47 48 6
70 175 48 6
59 270 48 7
187 119 48 10
307 296 48 8
141 97 48 15
116 51 48 14
134 207 48 1
8 306 48 6
286 110 48 15
141 217 48 18
238 183 48 20
147 241 48 18
209 111 48 20
34 101 48 20
273 137 48 12
223 253 48 18
104 70 48 20
248 289 48 6
37 154 48 7
79 294 48 19
64 215 48 13
224 257 48 6
233 149 48 8
44 182 48 9
47 34 48 17
146 256 48 9
296 255 48 2
231 82 48 10
156 118 48 11
86 92 48 8
233 156 48 18
245 63 48 6
78 191 48 2
22 234 48 15
278 281 48 12
38 6 48 7
263 301 48 17
136 112 48 10
298 267 48 15
296 249 48 15
272 165 48 18
253 305 48 16
279 67 48 6
32 88 48 19
179 49 48 3
42 298 48 13
57 244 48 5
221 64 48 12
151 45 48 19
197 236 48 3
231 87 48 15
208 24 48 15
39 302 48 1
60 229 48 12
315 303 48 16
113 241 48 10
233 193 48 5
234 97 48 4
29 247 48 16
199 128 48 12
89 42 48 10
251 146 48 9
190 80 48 6
194 140 48 3
78 34 48 1
9 146 48 5
134 63 48 13
187 192 48 14
94 116 48 4
46 315 48 3
233 299 48 5
86 234 48 18
279 107 48 17
36 196 48 12
22 169 48 9
207 178 48 3
315 311 48 9
88 77 48 12
65 171 48 15
288 216 48 9
7 28 48 16
191 9 48 17
204 183 48 11
192 219 48 18
4 136 48 3
164 26 48 16
50 25 48 2
314 8 48 7
33 284 48 1
184 255 48 4
228 157 48 7
255 31 48 11
95 130 48 6
253 218 48 20
187 221 48 15
289 280 48 13
148 14 48 9
1 223 48 8
39 256 48 3
247 123 48 1
250 34 48 14
176 185 48 8
111 279 48 2
124 216 48 11
251 86 48 19
197 270 48 2
277 101 48 15
65 313 48 18
284 36 48 13
258 282 48 15
279 112 48 12
244 287 48 4
31 81 48 19
264 100 48 14
294 34 48 3
228 127 48 8
22 87 48 12
144 48 48 20
173 15 48 11
141 273 48 5
127 235 48 16
43 58 48 2
142 300 48 7
204 144 48 14
61 121 48 16
215 245 48 18
6 162 48 4
213 305 48 11
313 162 48 18
27 198 48 18
23 9 48 20
26 263 48 13
316 88 48 12
54 188 48 11
207 248 48 12
290 43 48 12
183 48 48 13
163 157 48 1
189 49 48 18
230 75 48 4
19 310 48 4
42 19 48 10
122 18 48 17
82 71 48 8
184 174 48 12
91 43 48 18
138 226 48 17
242 284 48 17
123 52 48 5
272 178 48 16
91 196 48 1
130 238 48 19
115 43 48 1
84 20 48 15
239 204 48 16
222 190 48 19
247 224 48 4
216 149 48 15
24 167 48 10
93 123 48 19
132 213 48 11
268 239 48 12
214 249 48 18
282 228 48 2
213 151 48 17
316 268 48 2
42 95 48 1
205 310 48 6
231 229 48 20
97 217 48 18
35 32 48 7
169 195 48 17
224 93 48 9
114 270 48 13
127 166 48 15
239 62 48 18
224 315 48 8
13 100 48 5
266 14 48 14
53 6 48 2
175 41 48 18
193 105 48 8
29 225 48 16
113 22 48 10
109 148 48 7
255 282 48 12
145 85 48 19
232 97 48 10
209 258 48 7
310 311 48 17
311 65 48 5
28 257 48 1
152 181 48 9
51 293 48 6
116 86 48 5
31 236 48 10
218 64 48 15
300 296 48 11
165 84 48 5
256 289 48 7
36 283 48 15
68 207 48 7
100 42 48 19
145 304 48 3
210 316 48 20
3 30 48 8
288 143 48 15
130 127 48 18
177 291 48 1
269 126 48 1
147 161 48 12
193 124 48 18
287 224 48 11
33 52 48 14
283 157 48 1
199 55 48 18
34 27 48 17
248 52 48 19
22 228 48 9
194 180 48 3
235 10 48 11
242 98 48 19
139 68 48 10
289 312 48 1
6 175 48 17
39 57 48 8
100 302 48 18
200 233 48 5
110 254 48 1
207 28 48 20
113 158 48 10
75 83 48 15
57 117 48 11
262 301 48 10
98 202 48 12
303 240 48 20
246 236 48 1
111 119 48 10
27 125 48 15
171 15 48 18
179 23 48 19
304 97 48 1
210 50 48 1
80 311 48 9
262 305 48 19
197 291 48 14
85 116 48 13
61 122 48 12
166 148 48 8
105 3 48 14
70 77 48 20
193 64 48 8
189 169 48 17
302 145 48 16
294 302 48 8
68 182 48 18
294 266 48 5
122 223 48 6
281 284 48 17
248 72 48 11
125 142 48 11
236 230 48 14
128 314 48 15
68 299 48 19
215 173 48 12
34 136 48 9
251 113 48 11
267 235 48 17
88 199 48 12
57 27 48 8
239 47 48 5
182 283 48 10
83 94 48 7
49 57 48 18
159 272 48 10
150 201 48 13
7 136 48 10
25 86 48 16
161 70 48 10
264 22 48 20
19 260 48 3
231 21 48 13
40 316 48 2
59 260 48 14
272 103 48 9
237 148 48 2
21 154 48 13
130 74 48 14
157 130 48 11
175 290 48 4
6 308 48 20
308 223 48 4
48 158 48 7
305 216 48 7
91 67 48 1
255 303 48 20
304 220 48 6
172 33 48 7
234 86 48 1
48 260 48 10
200 161 48 1
295 153 48 11
202 96 48 17
213 85 48 8
167 71 48 3
15 9 48 13
10 313 48 20
159 64 48 17
174 297 48 6
106 29 48 9
223 124 48 9
15 102 48 5
30 303 48 13
202 95 48 5
169 157 48 15
99 171 48 19
16 181 48 15
47 235 48 15
111 92 48 11
260 93 48 15
248 315 48 14
81 226 48 7
277 255 48 18
253 36 48 4
209 100 48 1
235 199 48 11
270 110 48 15
92 156 48 18
294 267 48 9
57 106 48 18
59 250 48 16
185 226 48 5
307 186 48 7
312 19 48 6
96 227 48 14
248 146 48 8
254 311 48 17
21 298 48 16
234 172 48 6
222 124 48 12
199 182 48 1
71 262 48 6
167 149 48 19
98 144 48 5
63 135 48 12
128 66 48 1
287 216 48 3
239 236 48 12
243 49 48 15
92 166 48 2
47 261 48 20
147 15 48 1
156 77 48 9
247 174 48 17
251 133 48 3
166 260 48 17
122 127 48 8
284 49 48 3
8 187 48 19
218 279 48 16
24 221 48 4
119 52 48 10
159 207 48 11
32 33 48 12
260 284 48 12
306 29 48 16
314 151 48 10
221 14 48 2
259 233 48 9
241 135 48 19
177 54 48 11
268 172 48 18
58 14 48 17
32 45 48 13
179 200 48 4
143 190 48 13
262 83 48 19
87 200 48 4
276 38 48 1
232 279 48 7
150 139 48 12
185 302 48 19
58 255 48 16
246 286 48 17
255 149 48 16
126 187 48 9
130 28 48 12
76 114 48 19
248 285 48 4
20 201 48 6
242 246 48 12
97 114 48 18
123 68 48 20
162 313 48 2
38 251 48 6
114 61 48 12
274 86 48 7
201 58 48 20
11 305 48 4
71 8 48 20
92 249 48 14
148 29 48 19
189 151 48 2
64 208 48 3
225 142 48 9
218 255 48 1
81 212 48 11
183 309 48 16
82 215 48 12
266 285 48 3
17 273 48 11
226 104 48 3
233 188 48 5
202 147 48 4
168 56 48 17
281 273 48 3
33 250 48 11
187 116 48 11
294 198 48 13
73 43 48 14
175 59 48 18
209 181 48 1
63 97 48 20
279 194 48 14
71 258 48 17
215 222 48 14
298 254 48 19
172 21 48 14
250 314 48 15
14 71 48 5
275 245 48 16
72 34 48 20
288 96 48 8
271 59 48 1
297 25 48 14
165 239 48 7
202 116 48 1
172 287 48 5
154 220 48 6
16 130 48 20
133 300 48 17
204 56 48 6
243 239 48 13
170 90 48 3
78 70 48 11
140 130 48 2
106 16 48 1
222 83 48 20
254 236 48 7
284 148 48 8
67 176 48 4
307 63 48 3
160 305 48 17
5 54 48 6
119 131 48 15
258 166 48 9
3 272 48 12
75 73 48 14
14 11 48 2
69 294 48 17
252 256 48 8
103 143 48 2
221 198 48 6
262 202 48 19
75 5 48 1
274 262 48 3
286 160 48 14
209 130 48 10
214 144 48 4
35 108 48 13
107 43 48 9
250 42 48 15
139 262 48 20
228 207 48 18
54 282 48 14
223 135 48 15
241 316 48 18
110 104 48 11
263 213 48 18
111 248 48 5
43 250 48 12
231 184 48 9
245 218 48 10
141 130 48 17
134 79 48 2
131 301 48 16
285 121 48 3
178 230 48 18
304 177 48 6
50 183 48 9
6 225 48 15
113 140 48 2
49 280 48 19
247 316 48 4
127 133 48 3
76 159 48 19
267 23 48 4
245 200 48 13
222 84 48 17
199 133 48 19
4 34 48 4
58 147 48 11
295 195 48 2
13 21 48 10
177 147 48 2
315 118 48 1
17 68 48 15
260 208 48 19
209 113 48 6
17 208 48 14
8 211 48 11
119 164 48 5
53 142 48 8
162 50 48 16
271 122 48 11
197 120 48 20
177 33 48 4
179 188 48 11
65 80 48 12
246 97 48 15
31 316 48 5
274 118 48 4
134 66 48 17
85 123 48 10
269 78 48 4
283 274 48 3
310 30 48 7
89 208 48 11
76 169 48 6
71 98 48 2
273 25 48 5
265 298 48 2
104 11 48 3
296 308 48 10
117 260 48 15
164 226 48 8
123 219 48 1
217 204 48 20
183 279 48 12
125 245 48 6
58 97 48 2
95 257 48 15
40 256 48 17
51 131 48 8
80 247 48 15
82 95 48 4
41 217 48 11
29 13 48 6
120 92 48 12
276 216 48 12
213 273 48 8
70 263 48 20
224 199 48 7
284 249 48 9
20 224 48 15
14 305 48 1
130 29 48 17
44 269 48 6
265 284 48 13
240 243 48 8
143 139 48 12
38 208 48 3
189 11 48 1
279 191 48 1
183 210 48 12
229 223 48 20
54 248 48 4
306 291 48 12
255 239 48 7
191 58 48 18
26 96 48 12
242 133 48 20
88 5 48 10
132 179 48 8
4 257 48 13
311 170 48 12
290 119 48 7
297 108 48 2
152 259 48 12
290 133 48 2
39 55 48 9
139 296 48 14
26 279 48 6
135 306 48 1
223 205 48 9
99 199 48 2
94 172 48 4
21 48 48 4
26 199 48 14
61 172 48 10
50 107 48 20
239 141 48 15
140 62 48 17
45 196 48 10
25 314 48 10
262 309 48 12
247 86 48 3
35 106 48 10
246 27 48 16
295 300 48 16
56 33 48 6
188 271 48 2
194 94 48 11
59 35 48 6
228 59 48 4
182 216 48 12
17 147 48 17
236 181 48 3
289 110 48 9
17 300 48 8
232 39 48 13
133 226 48 3
174 316 48 13
172 58 48 19
49 181 48 9
136 46 48 17
215 275 48 15
276 194 48 15
22 166 48 12
110 182 48 15
182 309 48 9
182 125 48 19
32 298 48 6
188 49 48 11
62 98 48 11
207 129 48 1
251 240 48 19
125 95 48 20
179 116 48 5
238 225 48 11
280 302 48 11
256 167 48 16
142 95 48 13
27 282 48 6
77 28 48 11
96 130 48 3
268 64 48 2
186 188 48 8
193 262 48 3
49 183 48 8
195 42 48 17
18 297 48 8
281 123 48 2
105 45 48 3
190 122 48 2
56 113 48 7
263 64 48 6
288 249 48 5
196 21 48 6
114 281 48 12
153 160 48 1
282 177 48 18
157 37 48 12
126 141 48 12
272 15 48 5
130 282 48 5
116 228 48 4
166 200 48 8
194 291 48 8
272 300 48 1
111 137 48 8
308 102 48 8
169 154 48 20
48 175 48 16
287 130 48 2
228 259 48 8
280 59 48 7
80 120 48 2
23 313 48 20
303 164 48 20
231 275 48 4
110 266 48 13
269 14 48 14
44 61 48 16
275 243 48 13
313 154 48 8
104 118 48 18
18 93 48 17
240 115 48 13
119 101 48 1
298 227 48 3
193 20 48 12
189 184 48 13
234 227 48 1
33 82 48 15
66 78 48 5
253 77 48 14
182 306 48 6
126 229 48 8
278 32 48 1
278 13 48 11
236 206 48 11
143 290 48 14
63 104 48 5
151 136 48 18
270 97 48 15
122 33 48 3
303 110 48 12
260 131 48 1
227 93 48 12
295 54 48 16
274 290 48 17
64 12 48 19
37 287 48 14
237 121 48 5
310 74 48 2
144 91 48 18
266 77 48 12
62 232 48 2
298 143 48 14
249 17 48 16
212 290 48 5
173 249 48 20
107 286 48 6
40 206 48 3
4 96 48 16
277 239 48 19
267 85 48 3
50 42 48 19
175 23 48 1
77 271 48 9
244 62 48 7
280 234 48 3
115 236 48 4
133 275 48 6
59 175 48 5
270 135 48 7
256 297 48 15
215 242 48 12
301 101 48 10
213 73 48 8
37 212 48 6
151 175 48 11
198 185 48 11
109 1 48 9
226 271 48 3
122 121 48 2
49 272 48 6
163 66 48 20
215 50 48 20
288 158 48 16
212 195 48 3
197 241 48 5
99 122 48 1
237 127 48 2
126 36 48 8
188 54 48 4
281 102 48 12
39 160 48 1
38 270 48 15
33 138 48 20
100 33 48 10
170 125 48 19
98 223 48 20
210 40 48 18
115 165 48 10
291 248 48 19
270 213 48 20
101 251 48 3
210 288 48 1
52 4 48 10
263 315 48 2
37 168 48 2
263 265 48 12
190 54 48 11
244 169 48 11
17 39 48 3
55 204 48 19
90 201 48 9
180 94 48 20
224 41 48 3
301 303 48 13
94 235 48 16
223 77 48 4
259 267 48 17
229 194 48 1
48 106 48 3
10 56 48 15
184 145 48 19
292 8 48 16
267 128 48 4
141 112 48 18
225 102 48 5
160 220 48 9
151 162 48 15
195 287 48 8
92 230 48 13
238 239 48 4
272 106 48 4
86 81 48 16
309 243 48 19
256 279 48 6
190 187 48 7
254 242 48 7
290 76 48 16
277 270 48 6
36 257 48 19
217 75 48 9
32 242 48 2
308 12 48 10
171 4 48 12
