1000 250
153 217 48 10
96 49 48 3
78 178 48 1
71 316 48 17
294 123 48 18
110 187 48 5
83 299 48 9
84 108 48 10
9 230 48 11
14 3 48 7
116 155 48 19
249 251 48 4
143 12 48 1
263 83 48 20
47 272 48 2
280 277 48 5
116 44 48 15
37 23 48 3
246 243 48 4
21 256 48 3
55 267 48 1
202 199 48 7
81 237 48 11
33 183 48 13
196 125 48 16
166 88 48 16
6 204 48 19
252 240 48 14
78 169 48 4
242 85 48 12
196 36 48 6
200 133 48 1
139 109 48 5
301 141 48 12
125 20 48 8
220 81 48 20
275 298 48 3
58 234 48 18
75 311 48 14
18 132 48 15
9 11 48 18
55 107 48 2
91 141 48 2
47 21 48 10
82 145 48 5
242 48 48 10
69 218 48 19
203 275 48 8
52 245 48 11
281 159 48 2
279 167 48 13
104 117 48 15
165 103 48 7
230 150 48 11
119 231 48 11
136 52 48 2
233 120 48 11
311 218 48 10
307 165 48 18
297 130 48 4
314 304 48 15
134 92 48 11
164 152 48 2
230 66 48 3
316 80 48 9
230 111 48 9
87 27 48 20
58 22 48 6
303 12 48 6
56 204 48 7
284 97 48 11
258 231 48 18
244 78 48 17
121 204 48 14
43 203 48 18
92 13 48 12
88 311 48 19
203 52 48 20
116 250 48 11
194 306 48 18
84 169 48 18
174 6 48 16
39 249 48 18
268 266 48 9
245 204 48 3
198 295 48 19
262 66 48 10
248 269 48 17
255 68 48 19
169 261 48 16
286 241 48 12
183 98 48 13
207 33 48 17
204 300 48 2
88 124 48 18
174 6 48 4
169 163 48 14
262 306 48 14
198 244 48 1
172 96 48 14
243 277 48 18
166 143 48 7
306 245 48 7
275 132 48 18
88 219 48 2
209 77 48 7
205 141 48 13
162 86 48 2
71 179 48 13
155 35 48 16
184 173 48 8
33 235 48 18
296 224 48 3
170 78 48 10
28 62 48 13
9 270 48 9
103 54 48 5
147 215 48 6
76 181 48 20
144 20 48 18
307 99 48 15
10 132 48 13
171 7 48 4
261 176 48 18
63 99 48 15
83 3 48 4
75 105 48 10
207 147 48 8
4 222 48 1
295 261 48 12
201 251 48 14
175 260 48 13
171 11 48 19
182 167 48 11
271 229 48 13
105 207 48 20
105 177 48 16
54 67 48 7
217 282 48 4
141 157 48 1
296 253 48 11
234 111 48 7
302 177 48 5
273 42 48 15
103 313 48 12
31 101 48 14
278 101 48 15
314 154 48 17
76 267 48 15
59 91 48 11
303 71 48 19
62 200 48 5
292 185 48 13
216 37 48 18
306 139 48 14
205 66 48 19
207 27 48 3
69 236 48 1
209 311 48 7
315 266 48 5
261 252 48 7
143 209 48 6
31 184 48 7
95 83 48 19
201 285 48 10
302 69 48 15
296 171 48 13
75 239 48 1
7 132 48 11
101 26 48 4
181 287 48 4
16 113 48 8
261 40 48 20
271 134 48 6
2 18 48 2
83 216 48 7
229 195 48 17
85 269 48 20
285 171 48 11
268 271 48 16
95 32 48 6
70 259 48 11
254 99 48 14
201 54 48 11
230 267 48 9
124 33 48 20
298 157 48 14
10 137 48 19
277 106 48 1
151 269 48 12
155 259 48 15
24 13 48 1
218 162 48 3
135 46 48 20
186 171 48 14
150 190 48 2
13 171 48 10
282 181 48 3
188 37 48 20
161 188 48 16
88 26 48 10
258 261 48 10
54 163 48 11
160 297 48 16
108 166 48 11
113 211 48 4
151 119 48 7
28 85 48 15
254 168 48 7
269 224 48 6
236 207 48 19
146 148 48 12
279 97 48 18
154 257 48 18
73 260 48 8
271 56 48 2
27 102 48 5
269 26 48 17
271 279 48 16
205 232 48 20
11 151 48 14
53 192 48 18
40 155 48 18
189 308 48 2
3 276 48 9
90 127 48 13
71 153 48 14
171 1 48 15
251 271 48 10
79 55 48 5
130 65 48 19
71 118 48 3
268 53 48 1
246 242 48 20
163 140 48 15
132 229 48 17
156 195 48 13
177 262 48 17
12 92 48 15
233 170 48 14
53 195 48 2
235 162 48 19
293 113 48 8
189 42 48 5
184 101 48 20
139 232 48 12
115 71 48 14
244 247 48 19
56 154 48 15
35 282 48 8
280 18 48 7
273 253 48 8
280 229 48 4
235 102 48 10
219 181 48 14
238 215 48 9
65 14 48 15
86 153 48 17
53 208 48 11
7 138 48 20
130 313 48 6
28 270 48 10
87 129 48 14
155 47 48 11
160 161 48 12
53 82 48 18
285 42 48 19
271 127 48 11
83 75 48 7
261 81 48 12
89 107 48 1
250 134 48 14
243 117 48 14
148 271 48 4
51 114 48 12
134 62 48 9
11 242 48 6
218 196 48 8
260 174 48 15
90 119 48 7
270 103 48 9
130 36 48 3
155 174 48 11
308 5 48 5
87 267 48 6
26 84 48 19
258 95 48 12
3 312 48 19
298 151 48 8
36 241 48 2
67 90 48 8
203 219 48 3
53 269 48 16
19 260 48 5
151 242 48 19
188 267 48 3
286 208 48 13
309 106 48 20
107 87 48 14
79 19 48 14
168 85 48 11
256 183 48 13
62 132 48 5
254 150 48 12
134 197 48 17
176 68 48 3
198 250 48 2
210 242 48 7
113 33 48 10
167 7 48 12
144 174 48 4
107 113 48 14
183 71 48 5
108 8 48 19
291 37 48 19
296 108 48 10
38 306 48 11
96 95 48 5
46 208 48 9
191 58 48 3
38 97 48 8
181 203 48 17
191 282 48 11
227 285 48 14
309 259 48 6
271 238 48 13
93 172 48 10
163 163 48 13
159 208 48 20
83 295 48 9
13 16 48 1
13 197 48 20
21 283 48 5
99 193 48 17
80 186 48 3
97 36 48 1
221 128 48 8
19 291 48 14
123 133 48 17
118 112 48 7
170 124 48 7
214 32 48 3
145 52 48 17
253 46 48 5
13 125 48 10
244 221 48 18
292 126 48 9
91 40 48 19
156 58 48 8
220 175 48 19
263 240 48 10
109 137 48 2
259 178 48 13
163 114 48 3
259 127 48 15
17 266 48 16
230 241 48 9
150 15 48 12
45 66 48 1
284 181 48 7
2 127 48 18
55 235 48 14
36 73 48 15
69 235 48 17
147 74 48 7
245 90 48 16
36 3 48 8
164 152 48 18
227 92 48 15
135 59 48 3
9 272 48 2
122 11 48 8
268 46 48 5
274 10 48 19
290 156 48 4
116 297 48 1
103 16 48 19
14 76 48 7
151 198 48 2
249 229 48 17
316 237 48 16
89 43 48 2
308 206 48 16
72 59 48 9
283 33 48 17
146 44 48 13
203 43 48 4
53 268 48 19
267 103 48 9
257 247 48 5
305 142 48 5
204 230 48 15
10 222 48 8
73 189 48 3
249 51 48 11
57 197 48 14
161 295 48 8
177 243 48 8
267 194 48 14
135 134 48 20
231 18 48 2
248 117 48 11
202 126 48 16
258 94 48 1
56 239 48 15
98 295 48 15
79 140 48 9
103 212 48 12
290 162 48 5
263 193 48 6
62 107 48 19
3 250 48 15
174 32 48 5
145 289 48 14
201 240 48 4
308 233 48 11
294 311 48 10
155 97 48 5
258 282 48 6
134 228 48 2
143 186 48 1
169 188 48 14
207 257 48 9
267 86 48 5
1 182 48 4
76 173 48 16
130 47 48 7
115 97 48 15
311 38 48 9
37 67 48 12
166 209 48 5
86 273 48 13
256 59 48 13
36 10 48 14
1 10 48 16
204 297 48 4
8 7 48 18
18 121 48 14
20 12 48 15
92 260 48 5
184 109 48 9
144 91 48 17
292 242 48 4
65 277 48 13
134 173 48 18
69 61 48 2
73 280 48 20
122 297 48 17
164 316 48 4
242 304 48 3
283 171 48 19
3 314 48 1
208 290 48 14
155 250 48 19
7 67 48 19
80 136 48 11
133 104 48 18
193 121 48 10
269 284 48 10
40 106 48 1
70 72 48 3
104 286 48 12
125 73 48 1
70 227 48 2
292 129 48 9
267 104 48 8
301 237 48 15
195 9 48 15
68 277 48 15
153 316 48 20
225 281 48 15
259 280 48 12
291 300 48 17
191 54 48 15
25 29 48 20
137 295 48 11
280 176 48 3
210 54 48 3
260 17 48 19
174 170 48 6
297 290 48 6
71 129 48 6
131 103 48 9
263 189 48 2
201 109 48 19
164 245 48 13
231 208 48 16
217 101 48 5
212 257 48 10
62 114 48 3
124 307 48 4
149 61 48 16
34 87 48 2
219 245 48 11
140 130 48 15
302 189 48 16
127 103 48 19
234 4 48 20
79 111 48 12
152 68 48 13
78 191 48 11
85 24 48 4
221 57 48 10
142 275 48 11
148 311 48 4
263 296 48 16
306 2 48 15
136 236 48 6
279 210 48 20
258 45 48 19
35 18 48 10
13 102 48 9
52 218 48 9
74 44 48 16
24 87 48 18
315 245 48 17
162 130 48 15
112 266 48 18
173 124 48 3
132 278 48 11
55 208 48 12
168 220 48 13
304 272 48 11
180 241 48 18
123 264 48 4
60 262 48 1
293 3 48 18
107 11 48 7
260 183 48 15
202 211 48 8
188 265 48 15
87 116 48 18
87 103 48 13
305 178 48 9
42 301 48 16
182 256 48 1
250 232 48 8
131 22 48 14
174 177 48 20
236 274 48 10
259 41 48 2
173 23 48 9
202 110 48 15
187 310 48 13
95 36 48 9
163 217 48 12
175 150 48 8
86 280 48 9
7 33 48 10
7 268 48 11
4 210 48 4
162 278 48 18
118 164 48 7
73 246 48 5
309 24 48 4
5 186 48 4
272 257 48 13
35 26 48 8
32 245 48 17
101 251 48 4
23 254 48 10
302 311 48 7
288 113 48 14
278 185 48 3
262 73 48 3
177 289 48 12
204 140 48 20
64 175 48 18
100 102 48 6
64 202 48 16
83 120 48 9
104 106 48 8
87 77 48 12
128 38 48 16
311 196 48 12
305 268 48 4
276 156 48 19
292 219 48 5
229 214 48 6
306 277 48 19
105 256 48 7
53 43 48 12
208 25 48 4
159 49 48 9
190 43 48 12
189 31 48 12
160 202 48 7
271 177 48 13
135 301 48 7
101 290 48 15
59 78 48 14
241 27 48 5
108 130 48 1
51 289 48 9
140 58 48 11
107 247 48 1
26 302 48 11
100 152 48 11
289 287 48 20
271 283 48 9
1 25 48 19
199 162 48 17
123 269 48 10
283 216 48 10
176 39 48 16
110 145 48 6
287 67 48 3
33 166 48 19
271 34 48 17
74 304 48 7
63 201 48 15
129 83 48 8
117 101 48 1
130 279 48 16
116 34 48 2
159 144 48 2
28 114 48 8
198 42 48 18
100 312 48 11
288 282 48 19
126 28 48 15
201 52 48 13
16 64 48 9
312 193 48 3
191 308 48 9
4 150 48 8
174 177 48 1
93 271 48 10
286 54 48 17
197 26 48 10
95 47 48 1
89 143 48 16
273 159 48 3
241 50 48 4
171 241 48 15
31 140 48 5
246 313 48 9
154 302 48 11
207 271 48 9
48 151 48 10
169 141 48 20
2 125 48 7
97 81 48 9
256 5 48 6
291 72 48 6
1 314 48 18
73 140 48 14
218 293 48 11
316 184 48 10
48 127 48 20
17 295 48 13
245 296 48 9
299 289 48 6
91 228 48 18
36 202 48 9
14 202 48 3
131 275 48 14
244 176 48 14
239 71 48 5
84 15 48 3
79 31 48 2
111 171 48 17
164 153 48 1
297 243 48 8
226 175 48 17
15 84 48 15
225 214 48 9
46 141 48 8
55 275 48 2
248 42 48 4
146 121 48 19
23 127 48 17
92 290 48 10
132 166 48 12
84 76 48 6
132 302 48 5
170 106 48 10
274 151 48 3
133 101 48 5
63 244 48 11
6 74 48 7
192 308 48 5
233 295 48 19
218 7 48 12
233 302 48 3
215 117 48 20
279 183 48 9
137 140 48 3
135 169 48 16
303 231 48 15
197 132 48 20
107 8 48 8
144 136 48 14
262 37 48 20
229 165 48 5
168 275 48 6
303 238 48 20
228 58 48 3
198 88 48 15
269 74 48 9
268 271 48 13
235 273 48 8
90 312 48 15
240 257 48 15
291 66 48 7
116 129 48 14
269 115 48 15
288 238 48 16
26 120 48 7
145 284 48 16
177 235 48 2
25 154 48 11
196 243 48 18
82 62 48 3
216 37 48 8
199 48 48 8
140 212 48 18
214 79 48 16
29 316 48 11
143 144 48 10
226 5 48 9
264 241 48 10
258 17 48 20
247 98 48 6
73 210 48 14
280 92 48 5
299 231 48 12
13 128 48 18
280 52 48 1
142 90 48 1
75 315 48 13
139 262 48 5
252 99 48 1
188 242 48 19
185 314 48 12
114 174 48 19
90 52 48 5
173 64 48 12
18 239 48 11
74 64 48 8
274 139 48 6
58 173 48 12
83 109 48 14
123 296 48 19
157 60 48 13
84 173 48 14
314 158 48 17
142 226 48 5
309 139 48 19
211 212 48 15
98 170 48 9
196 123 48 1
135 101 48 5
172 224 48 20
31 276 48 11
99 256 48 15
24 149 48 4
212 291 48 13
148 283 48 19
219 74 48 15
37 67 48 8
205 158 48 2
125 188 48 15
154 44 48 6
57 286 48 13
232 68 48 8
262 303 48 9
30 198 48 19
126 30 48 13
257 248 48 2
179 180 48 1
270 68 48 10
167 88 48 10
61 137 48 5
74 90 48 14
47 5 48 13
170 162 48 15
126 191 48 4
268 213 48 9
61 49 48 16
138 227 48 15
178 180 48 10
60 242 48 14
129 303 48 2
137 60 48 15
10 2 48 15
162 172 48 5
300 193 48 19
3 145 48 3
264 205 48 7
35 238 48 17
198 100 48 16
111 55 48 10
112 183 48 4
250 215 48 3
56 224 48 13
183 281 48 16
155 264 48 16
213 162 48 8
168 5 48 8
170 252 48 6
83 133 48 5
174 243 48 3
87 39 48 1
198 184 48 11
265 239 48 10
17 1 48 10
152 51 48 17
163 264 48 2
3 115 48 7
154 180 48 18
227 262 48 2
83 16 48 4
205 314 48 10
193 92 48 5
291 40 48 12
192 56 48 4
161 207 48 19
185 53 48 6
159 267 48 8
33 105 48 3
158 227 48 1
99 206 48 16
178 94 48 17
296 183 48 12
280 157 48 3
83 245 48 14
99 89 48 8
165 170 48 5
178 224 48 19
97 152 48 3
195 309 48 14
239 303 48 3
194 60 48 16
43 39 48 2
86 3 48 15
65 297 48 3
98 79 48 7
234 139 48 4
106 316 48 19
140 308 48 6
175 187 48 6
120 5 48 20
270 199 48 12
93 241 48 2
311 222 48 16
53 286 48 9
251 68 48 19
117 197 48 14
257 302 48 1
95 125 48 17
189 195 48 19
170 314 48 11
34 163 48 9
273 256 48 17
130 146 48 11
306 94 48 4
146 28 48 19
276 144 48 15
229 296 48 16
78 75 48 5
234 159 48 15
156 12 48 17
82 257 48 15
207 109 48 6
151 239 48 11
1 228 48 8
137 57 48 15
235 228 48 15
110 141 48 18
285 218 48 8
269 31 48 18
28 186 48 6
312 267 48 10
126 157 48 11
92 204 48 13
202 204 48 20
90 236 48 4
4 51 48 3
170 160 48 3
104 128 48 4
219 293 48 2
177 216 48 7
42 211 48 14
163 232 48 18
289 7 48 9
233 209 48 1
192 298 48 4
315 197 48 10
34 51 48 5
104 50 48 13
76 164 48 1
77 24 48 16
160 277 48 2
193 20 48 5
174 308 48 4
43 225 48 12
115 312 48 13
106 207 48 5
44 136 48 15
140 239 48 8
260 314 48 16
40 287 48 7
35 130 48 8
136 218 48 11
153 287 48 2
72 13 48 10
199 127 48 14
307 129 48 8
191 68 48 15
22 207 48 9
5 151 48 7
48 190 48 17
11 121 48 18
250 256 48 7
192 304 48 9
21 59 48 6
287 257 48 8
232 143 48 8
279 230 48 19
41 251 48 6
145 151 48 20
143 199 48 1
7 105 48 9
316 38 48 5
210 229 48 20
287 145 48 11
164 115 48 7
275 242 48 6
303 204 48 19
293 244 48 13
174 285 48 7
101 7 48 9
114 14 48 5
246 225 48 6
2 119 48 10
62 301 48 11
76 148 48 1
30 2 48 3
127 304 48 2
33 177 48 18
293 246 48 18
284 243 48 8
52 40 48 5
241 181 48 18
150 79 48 12
80 140 48 20
154 111 48 7
26 140 48 20
140 163 48 20
38 195 48 16
75 68 48 1
292 247 48 19
199 298 48 6
16 222 48 19
57 268 48 17
112 243 48 12
151 80 48 14
233 1 48 13
316 141 48 3
283 74 48 14
110 148 48 1
79 123 48 19
289 217 48 8
119 232 48 18
129 184 48 13
113 295 48 3
236 25 48 10
49 257 48 6
1 257 48 14
116 119 48 15
5 229 48 10
277 203 48 16
163 175 48 1
242 189 48 8
227 213 48 8
59 9 48 2
133 140 48 11
182 188 48 3
232 189 48 19
1 200 48 10
264 100 48 2
149 272 48 16
157 118 48 2
65 43 48 7
100 166 48 19
107 224 48 16
201 253 48 11
3 14 48 15
61 245 48 3
168 246 48 18
181 89 48 13
2 237 48 20
237 77 48 17
14 37 48 11
192 137 48 20
55 139 48 8
138 23 48 16
44 237 48 13
34 194 48 10
