1000 142
204 149 84 5
171 285 84 8
160 91 84 11
135 208 84 9
290 14 84 10
236 270 84 7
273 277 84 20
146 267 84 16
312 286 84 5
168 44 84 17
96 248 84 1
52 314 84 6
151 158 84 16
149 292 84 7
9 161 84 20
23 81 84 13
149 37 84 18
196 79 84 16
84 74 84 1
184 137 84 12
161 129 84 3
181 76 84 9
66 227 84 10
42 59 84 1
224 280 84 9
212 302 84 5
152 30 84 6
53 122 84 16
220 205 84 9
252 284 84 9
12 24 84 9
230 205 84 9
130 270 84 7
83 311 84 17
223 115 84 16
208 222 84 17
272 57 84 7
269 110 84 4
136 225 84 12
76 57 84 19
49 280 84 3
149 89 84 15
9 219 84 20
307 197 84 7
32 104 84 13
247 311 84 18
28 162 84 6
50 11 84 7
193 146 84 4
120 222 84 12
118 270 84 19
36 314 84 3
54 7 84 9
26 209 84 14
100 136 84 13
288 279 84 19
65 202 84 4
110 251 84 18
265 127 84 12
224 142 84 17
239 259 84 2
113 191 84 15
75 140 84 17
152 165 84 6
109 160 84 5
65 131 84 15
15 91 84 16
22 201 84 10
40 149 84 4
99 56 84 9
63 190 84 16
88 198 84 18
110 168 84 9
139 215 84 2
168 219 84 1
120 283 84 12
247 193 84 18
258 215 84 18
204 150 84 18
67 248 84 5
72 206 84 10
19 189 84 11
52 298 84 3
120 16 84 5
37 183 84 12
10 303 84 6
113 129 84 15
306 70 84 5
68 169 84 14
189 132 84 1
50 203 84 18
207 221 84 14
34 168 84 7
240 287 84 3
28 220 84 17
35 125 84 7
9 237 84 7
71 122 84 5
31 189 84 17
36 274 84 12
184 219 84 18
117 109 84 2
238 142 84 9
24 277 84 12
142 305 84 11
23 23 84 7
205 243 84 3
200 313 84 4
160 239 84 1
184 170 84 10
24 249 84 8
169 49 84 16
115 286 84 14
123 206 84 14
314 31 84 14
92 53 84 9
206 154 84 11
240 249 84 20
292 304 84 6
216 171 84 8
97 194 84 12
92 259 84 1
195 269 84 6
20 75 84 15
122 285 84 2
107 60 84 10
11 162 84 3
158 297 84 3
301 272 84 6
262 171 84 9
77 163 84 6
37 150 84 4
257 29 84 8
130 260 84 3
105 277 84 15
110 280 84 14
63 290 84 19
170 131 84 20
208 11 84 11
130 273 84 6
222 245 84 20
191 177 84 18
315 117 84 18
74 143 84 9
120 247 84 2
134 252 84 13
104 314 84 2
234 63 84 9
29 271 84 15
308 296 84 19
125 201 84 8
316 75 84 12
25 285 84 17
290 255 84 15
183 58 84 5
248 88 84 16
64 191 84 1
277 108 84 12
93 33 84 2
132 24 84 17
22 44 84 17
157 43 84 19
49 280 84 8
57 253 84 14
103 15 84 15
291 262 84 2
202 221 84 20
218 182 84 4
85 170 84 8
118 301 84 19
26 219 84 6
134 59 84 20
1 107 84 7
48 59 84 16
33 161 84 18
287 135 84 12
313 232 84 12
212 134 84 13
115 114 84 11
50 128 84 3
220 153 84 9
221 287 84 16
57 183 84 18
275 230 84 13
10 262 84 13
76 232 84 4
299 228 84 15
110 20 84 16
103 134 84 18
265 184 84 13
203 299 84 9
148 100 84 3
47 156 84 13
264 10 84 18
224 20 84 3
241 307 84 3
288 289 84 10
146 82 84 5
138 80 84 3
243 240 84 2
55 127 84 12
231 170 84 7
62 216 84 18
286 163 84 4
212 283 84 11
190 207 84 17
296 74 84 13
314 219 84 10
34 40 84 18
100 178 84 1
245 128 84 15
57 43 84 20
283 316 84 3
245 285 84 2
216 76 84 8
102 162 84 6
294 141 84 19
38 138 84 5
75 68 84 9
88 63 84 18
129 308 84 6
191 260 84 4
107 122 84 15
237 50 84 19
6 161 84 11
161 262 84 20
314 135 84 12
224 68 84 14
37 143 84 5
101 126 84 15
238 254 84 10
83 25 84 9
182 131 84 11
280 263 84 4
243 269 84 13
281 9 84 10
60 7 84 1
191 230 84 8
248 162 84 14
164 158 84 16
247 80 84 5
112 58 84 17
25 240 84 3
59 203 84 10
250 129 84 14
74 305 84 6
56 260 84 4
68 135 84 6
147 278 84 15
265 126 84 13
192 268 84 16
56 63 84 1
157 299 84 20
71 253 84 11
248 187 84 19
61 260 84 12
95 211 84 15
134 174 84 5
195 217 84 3
206 165 84 16
270 252 84 19
309 307 84 9
89 43 84 20
109 114 84 12
227 45 84 6
53 2 84 18
80 96 84 16
51 125 84 2
155 4 84 18
117 105 84 14
204 58 84 13
138 50 84 15
31 34 84 10
222 38 84 11
33 160 84 19
31 213 84 16
80 188 84 11
23 238 84 16
36 77 84 19
265 89 84 3
238 189 84 12
146 10 84 5
257 252 84 2
306 53 84 12
256 86 84 15
42 12 84 3
250 91 84 7
28 113 84 4
35 45 84 8
257 309 84 13
163 127 84 5
230 272 84 2
138 108 84 14
80 97 84 2
271 248 84 19
93 186 84 10
236 119 84 20
38 42 84 9
289 77 84 17
197 229 84 13
89 76 84 11
273 201 84 15
258 235 84 6
179 314 84 19
153 268 84 2
211 256 84 15
177 175 84 5
128 108 84 3
192 293 84 15
196 69 84 19
89 157 84 6
211 9 84 3
81 266 84 1
59 129 84 14
29 177 84 13
246 71 84 12
17 143 84 7
13 167 84 6
155 42 84 10
165 134 84 18
88 222 84 2
297 12 84 18
287 305 84 20
299 47 84 20
204 75 84 12
168 4 84 6
176 232 84 1
254 141 84 19
123 191 84 8
285 40 84 17
198 127 84 18
164 3 84 14
241 290 84 18
60 168 84 8
7 268 84 6
26 119 84 1
116 294 84 9
244 231 84 17
222 250 84 19
137 218 84 6
82 311 84 20
247 158 84 7
4 83 84 12
277 38 84 3
68 257 84 6
41 282 84 13
18 293 84 6
226 220 84 1
154 21 84 18
272 54 84 11
10 135 84 1
189 65 84 11
267 281 84 9
2 241 84 6
221 205 84 10
286 245 84 16
258 262 84 16
104 67 84 16
76 116 84 12
193 284 84 17
315 293 84 19
11 61 84 12
181 12 84 4
13 225 84 8
95 25 84 8
220 311 84 17
207 148 84 2
67 147 84 9
146 118 84 12
141 310 84 19
190 204 84 19
56 215 84 20
199 291 84 19
306 200 84 19
234 294 84 4
261 197 84 10
217 300 84 17
15 262 84 4
195 303 84 1
70 127 84 19
125 212 84 14
155 164 84 20
246 258 84 3
244 144 84 18
151 273 84 15
82 217 84 11
7 14 84 2
79 28 84 19
194 118 84 13
111 83 84 20
21 207 84 7
134 258 84 2
42 187 84 12
240 115 84 15
217 161 84 3
171 242 84 3
217 248 84 4
143 222 84 19
13 100 84 4
82 210 84 15
277 230 84 5
263 259 84 18
309 300 84 13
296 119 84 7
6 231 84 11
92 85 84 20
290 198 84 3
186 236 84 8
108 144 84 11
44 225 84 20
62 81 84 17
182 28 84 16
244 232 84 3
176 107 84 18
118 112 84 4
116 203 84 9
143 72 84 10
313 257 84 5
72 261 84 8
247 200 84 17
210 157 84 17
299 22 84 8
14 161 84 11
240 20 84 9
269 33 84 16
213 44 84 6
137 82 84 2
154 78 84 10
90 46 84 10
169 188 84 5
265 293 84 13
230 275 84 15
117 184 84 3
132 108 84 11
40 272 84 3
272 168 84 11
285 200 84 4
54 37 84 18
292 126 84 19
157 191 84 2
118 139 84 14
234 264 84 17
268 65 84 12
147 92 84 7
257 131 84 7
83 298 84 6
165 267 84 2
13 216 84 14
254 191 84 20
120 32 84 6
173 45 84 8
202 278 84 4
298 126 84 12
50 272 84 3
120 108 84 17
42 86 84 3
132 251 84 5
1 263 84 16
10 96 84 19
253 215 84 14
266 283 84 6
314 64 84 19
97 46 84 8
52 95 84 19
98 110 84 14
274 48 84 4
224 179 84 10
124 179 84 20
240 84 84 19
126 233 84 17
43 78 84 19
216 75 84 14
34 67 84 11
190 118 84 13
196 215 84 7
310 69 84 18
89 292 84 12
222 312 84 14
197 235 84 17
163 44 84 1
131 298 84 15
173 197 84 17
66 126 84 20
217 315 84 5
145 91 84 20
79 296 84 20
60 68 84 7
115 289 84 6
244 65 84 12
141 227 84 7
165 253 84 12
267 109 84 16
128 70 84 6
55 286 84 12
311 11 84 14
46 301 84 9
165 257 84 16
52 55 84 8
37 195 84 12
153 231 84 10
207 79 84 18
31 242 84 14
158 265 84 12
199 215 84 5
31 209 84 7
268 151 84 12
169 211 84 8
136 262 84 18
288 299 84 16
83 135 84 10
1 25 84 13
170 267 84 18
240 5 84 6
63 99 84 12
171 129 84 4
186 81 84 2
185 249 84 17
20 280 84 14
225 251 84 12
205 230 84 2
202 230 84 11
70 295 84 5
179 218 84 1
236 280 84 12
191 31 84 20
147 216 84 4
40 296 84 20
40 315 84 4
302 119 84 14
229 7 84 3
187 105 84 4
65 174 84 3
105 37 84 16
150 168 84 16
293 255 84 6
144 85 84 5
76 20 84 4
151 60 84 18
190 257 84 20
272 169 84 3
54 39 84 19
174 315 84 12
272 104 84 20
271 253 84 8
130 125 84 18
231 268 84 6
231 239 84 1
106 74 84 4
191 159 84 8
79 114 84 17
185 64 84 19
79 237 84 18
146 88 84 1
42 42 84 5
209 68 84 17
210 298 84 12
191 213 84 19
191 214 84 16
251 89 84 6
146 167 84 4
210 247 84 3
105 9 84 7
102 50 84 10
98 91 84 7
242 195 84 18
90 300 84 4
309 174 84 12
31 49 84 13
38 195 84 9
204 236 84 7
275 26 84 1
93 130 84 13
43 127 84 3
80 120 84 13
54 257 84 20
96 30 84 3
15 22 84 1
42 265 84 13
282 198 84 15
295 85 84 14
53 255 84 19
270 31 84 20
178 73 84 2
136 152 84 17
293 102 84 1
116 197 84 2
134 107 84 8
222 148 84 4
42 9 84 13
268 303 84 14
310 252 84 8
164 205 84 19
256 66 84 3
157 98 84 19
282 74 84 4
242 85 84 8
232 114 84 6
139 20 84 17
206 61 84 1
258 225 84 12
187 218 84 19
159 277 84 15
57 216 84 8
27 57 84 17
45 234 84 2
60 55 84 2
271 182 84 4
168 216 84 7
108 105 84 15
57 259 84 3
204 25 84 12
286 183 84 17
256 135 84 4
187 58 84 16
112 314 84 5
109 58 84 12
87 224 84 17
178 288 84 9
76 291 84 13
142 243 84 3
13 26 84 12
204 311 84 6
148 250 84 1
308 17 84 14
103 128 84 15
132 132 84 20
7 218 84 16
63 79 84 15
19 50 84 9
188 88 84 16
298 100 84 9
117 199 84 20
15 31 84 9
47 22 84 17
32 124 84 4
14 151 84 20
54 53 84 9
213 116 84 4
239 30 84 5
239 217 84 16
62 199 84 3
227 211 84 6
70 225 84 12
58 271 84 17
275 198 84 16
198 212 84 7
253 265 84 19
210 57 84 2
141 295 84 12
121 217 84 4
85 175 84 10
147 85 84 1
304 154 84 13
279 107 84 20
67 277 84 13
295 159 84 20
149 95 84 12
55 200 84 12
77 24 84 18
24 41 84 15
83 21 84 5
25 167 84 13
73 155 84 2
133 13 84 20
256 80 84 5
261 270 84 3
160 314 84 13
8 52 84 5
123 24 84 4
217 47 84 4
107 130 84 4
171 50 84 7
215 122 84 17
308 150 84 5
191 302 84 12
247 246 84 13
145 301 84 6
34 204 84 18
18 11 84 5
25 123 84 16
285 125 84 9
36 191 84 2
62 89 84 19
242 80 84 20
15 270 84 9
182 201 84 10
95 241 84 3
4 170 84 10
177 187 84 16
58 212 84 6
197 76 84 18
149 7 84 16
46 69 84 4
276 206 84 11
127 220 84 1
176 298 84 17
49 76 84 13
11 291 84 11
73 152 84 5
144 105 84 12
234 301 84 15
131 29 84 10
219 286 84 2
78 245 84 19
229 55 84 19
229 126 84 20
9 175 84 19
29 81 84 9
219 153 84 12
280 193 84 12
27 110 84 12
270 136 84 16
99 38 84 13
100 116 84 13
202 240 84 8
208 152 84 5
91 160 84 19
49 188 84 20
194 91 84 20
173 266 84 4
153 188 84 1
12 141 84 9
216 239 84 14
72 234 84 13
173 16 84 16
224 119 84 15
296 210 84 10
227 154 84 2
134 31 84 20
193 204 84 9
129 252 84 16
281 159 84 1
41 58 84 7
51 26 84 17
175 94 84 20
223 213 84 2
1 192 84 7
151 314 84 1
172 131 84 3
179 8 84 18
31 32 84 17
70 312 84 12
146 249 84 9
145 299 84 10
169 53 84 11
208 171 84 15
261 172 84 11
208 218 84 16
308 73 84 19
18 251 84 2
144 177 84 9
204 246 84 20
107 76 84 16
176 116 84 18
269 180 84 3
140 71 84 5
118 227 84 12
288 118 84 13
36 5 84 1
126 235 84 3
119 62 84 19
39 265 84 17
270 268 84 4
14 127 84 3
267 79 84 10
257 114 84 20
102 232 84 2
117 99 84 8
246 30 84 12
26 51 84 6
57 169 84 19
159 207 84 20
191 57 84 7
194 70 84 13
208 232 84 7
85 173 84 13
244 274 84 12
314 286 84 10
81 111 84 12
168 33 84 14
70 89 84 3
32 247 84 13
259 18 84 1
17 211 84 18
113 103 84 14
288 83 84 14
52 11 84 3
47 8 84 4
140 88 84 11
159 255 84 7
125 220 84 15
259 252 84 13
179 194 84 18
156 107 84 17
97 219 84 11
166 86 84 9
91 137 84 3
81 183 84 14
41 219 84 13
7 273 84 20
5 81 84 11
303 235 84 18
215 98 84 12
41 149 84 10
289 141 84 12
7 307 84 2
123 293 84 6
146 270 84 13
175 310 84 19
292 316 84 7
139 216 84 12
309 202 84 6
311 100 84 15
86 36 84 7
283 8 84 4
66 14 84 6
147 33 84 6
261 74 84 3
241 248 84 4
123 119 84 15
277 257 84 2
92 146 84 3
246 140 84 19
288 225 84 18
267 191 84 10
282 152 84 15
79 299 84 3
272 243 84 16
211 63 84 12
246 185 84 10
73 41 84 15
114 133 84 4
41 274 84 7
279 245 84 19
236 91 84 5
97 268 84 20
184 30 84 6
302 198 84 8
74 92 84 18
305 233 84 6
22 305 84 7
312 103 84 3
11 143 84 4
269 105 84 20
15 236 84 15
163 229 84 6
251 96 84 12
112 293 84 1
216 262 84 12
65 250 84 12
311 168 84 9
177 163 84 11
175 70 84 5
130 22 84 17
225 249 84 16
95 307 84 12
233 137 84 11
296 249 84 20
136 148 84 1
171 108 84 11
18 314 84 18
170 174 84 8
4 32 84 5
192 57 84 7
64 282 84 11
172 60 84 1
191 188 84 10
202 63 84 14
189 198 84 17
121 264 84 12
199 178 84 2
24 243 84 15
12 143 84 15
68 18 84 3
42 294 84 12
160 149 84 8
165 235 84 15
94 120 84 18
167 204 84 15
283 221 84 11
86 315 84 16
203 23 84 2
178 34 84 8
292 313 84 2
250 251 84 19
70 94 84 7
161 258 84 5
19 247 84 9
152 309 84 4
167 171 84 16
237 153 84 11
168 39 84 17
25 112 84 14
237 87 84 6
46 21 84 8
148 302 84 10
82 42 84 15
250 60 84 14
14 212 84 18
298 274 84 5
169 90 84 9
39 257 84 11
143 177 84 11
176 97 84 17
206 38 84 17
169 185 84 2
122 266 84 15
17 96 84 7
266 109 84 10
191 90 84 19
287 259 84 4
115 193 84 12
298 20 84 8
276 91 84 17
236 296 84 6
217 45 84 11
78 166 84 8
297 78 84 7
155 27 84 12
120 114 84 1
42 296 84 7
265 95 84 16
216 288 84 11
135 247 84 17
255 166 84 13
205 278 84 13
127 40 84 18
210 232 84 8
73 70 84 2
44 85 84 19
316 126 84 15
111 74 84 9
98 185 84 12
316 3 84 6
204 154 84 7
72 42 84 13
300 64 84 8
274 273 84 15
9 29 84 4
298 72 84 4
281 284 84 13
31 78 84 18
299 71 84 10
10 282 84 16
179 169 84 5
305 241 84 2
181 224 84 17
308 77 84 10
34 85 84 6
41 279 84 10
132 139 84 9
244 65 84 14
9 47 84 20
274 56 84 5
18 130 84 17
230 14 84 1
64 195 84 17
276 186 84 13
25 116 84 10
223 52 84 16
284 80 84 14
312 7 84 10
313 228 84 8
68 81 84 3
316 98 84 20
204 12 84 5
125 75 84 11
269 34 84 17
173 59 84 16
58 177 84 19
117 144 84 2
314 35 84 9
259 31 84 16
250 98 84 4
88 309 84 10
55 92 84 9
36 216 84 19
106 168 84 20
46 237 84 2
313 294 84 2
212 307 84 9
293 304 84 3
173 143 84 9
280 76 84 18
256 60 84 14
225 114 84 6
205 45 84 5
155 151 84 5
138 92 84 13
76 301 84 2
297 196 84 16
30 68 84 4
112 241 84 10
225 204 84 5
226 39 84 8
220 159 84 18
305 259 84 6
289 97 84 8
21 235 84 8
305 206 84 12
