1000 142
310 196 84 11
289 138 84 2
209 272 84 20
60 36 84 4
214 134 84 6
44 67 84 1
77 180 84 11
218 16 84 18
142 227 84 5
273 307 84 14
203 196 84 13
174 64 84 14
175 168 84 9
282 228 84 20
41 125 84 14
219 64 84 16
235 140 84 7
89 253 84 19
239 78 84 9
147 35 84 15
169 133 84 7
177 306 84 10
111 60 84 14
211 238 84 13
31 278 84 9
300 76 84 17
215 310 84 12
205 295 84 1
211 113 84 10
23 259 84 8
246 7 84 13
140 184 84 18
201 190 84 6
10 84 84 3
46 10 84 16
103 309 84 20
223 103 84 17
274 204 84 19
50 98 84 3
12 121 84 18
7 262 84 16
31 85 84 19
257 181 84 16
226 191 84 4
12 236 84 13
75 22 84 10
110 140 84 16
35 98 84 3
253 43 84 9
164 266 84 1
17 169 84 6
88 199 84 10
239 35 84 2
158 156 84 20
161 63 84 4
70 34 84 1
287 143 84 5
186 177 84 14
289 10 84 8
69 173 84 14
285 85 84 14
238 68 84 4
275 202 84 3
72 44 84 18
60 100 84 1
179 169 84 18
215 35 84 20
287 117 84 5
140 89 84 10
248 157 84 2
305 21 84 6
214 258 84 9
113 112 84 15
47 183 84 14
137 138 84 5
185 212 84 10
54 111 84 16
173 293 84 16
153 13 84 8
38 260 84 4
95 144 84 8
236 253 84 1
25 49 84 16
15 96 84 7
260 128 84 20
184 312 84 12
277 49 84 14
301 117 84 2
124 270 84 18
36 203 84 1
315 298 84 8
299 113 84 8
119 33 84 9
51 47 84 20
165 202 84 3
312 70 84 10
143 242 84 6
192 226 84 2
218 34 84 15
255 281 84 14
132 175 84 19
47 53 84 19
3 172 84 12
115 118 84 2
6 282 84 4
24 173 84 5
37 316 84 2
310 87 84 16
67 200 84 17
202 139 84 9
11 166 84 3
13 212 84 12
127 110 84 3
274 224 84 4
260 125 84 13
131 148 84 9
71 184 84 16
148 73 84 7
135 36 84 6
51 237 84 16
247 247 84 5
198 259 84 9
201 281 84 14
167 135 84 14
38 78 84 18
298 208 84 18
202 278 84 5
2 109 84 14
100 140 84 17
81 190 84 1
97 121 84 15
173 214 84 13
145 98 84 1
123 264 84 3
220 197 84 20
125 178 84 7
74 63 84 20
207 276 84 1
308 271 84 4
128 248 84 17
184 240 84 1
170 96 84 18
206 137 84 11
206 155 84 2
129 58 84 14
24 182 84 11
127 256 84 14
86 42 84 17
154 33 84 20
257 160 84 15
234 27 84 2
14 92 84 17
220 193 84 9
206 82 84 11
36 210 84 8
61 130 84 10
160 256 84 13
217 25 84 2
233 75 84 14
100 15 84 13
110 248 84 3
43 158 84 18
72 61 84 10
28 266 84 11
243 197 84 17
198 154 84 6
127 209 84 9
311 109 84 5
116 25 84 15
269 21 84 6
161 130 84 13
79 69 84 18
196 36 84 10
293 63 84 12
52 305 84 4
20 83 84 9
13 105 84 1
261 100 84 13
9 111 84 14
148 64 84 2
301 224 84 11
281 199 84 15
315 290 84 2
92 267 84 1
135 2 84 13
271 233 84 15
139 245 84 20
216 85 84 19
84 93 84 13
293 240 84 8
314 120 84 16
149 297 84 10
263 295 84 7
201 70 84 17
97 101 84 14
297 267 84 2
160 301 84 10
127 200 84 14
193 284 84 11
265 156 84 18
85 154 84 10
24 198 84 2
57 144 84 8
275 240 84 13
232 20 84 9
297 1 84 7
279 160 84 20
188 286 84 19
78 58 84 6
60 218 84 10
281 302 84 7
202 221 84 4
103 173 84 11
298 132 84 15
39 259 84 14
195 135 84 14
198 309 84 9
185 77 84 10
55 154 84 15
105 213 84 13
310 177 84 6
248 63 84 11
67 61 84 19
29 255 84 6
127 293 84 20
245 67 84 7
258 264 84 7
115 28 84 3
152 83 84 8
143 187 84 16
35 76 84 13
124 7 84 19
14 73 84 15
289 313 84 1
274 20 84 1
98 264 84 12
56 205 84 3
6 215 84 15
245 51 84 5
4 89 84 3
292 19 84 6
20 142 84 4
22 52 84 8
296 236 84 8
297 193 84 15
169 290 84 10
108 241 84 19
207 143 84 9
229 71 84 3
121 74 84 15
307 261 84 1
252 176 84 3
203 93 84 2
122 73 84 13
249 53 84 17
80 117 84 11
281 121 84 7
55 223 84 5
44 135 84 19
190 255 84 17
213 141 84 13
45 76 84 5
19 174 84 5
256 191 84 1
96 123 84 5
129 98 84 6
243 63 84 18
69 13 84 20
250 56 84 18
184 246 84 8
88 38 84 12
149 294 84 19
281 313 84 20
293 252 84 14
274 32 84 20
306 56 84 14
35 298 84 4
200 262 84 8
271 195 84 8
56 275 84 5
95 258 84 6
170 302 84 11
4 266 84 3
223 243 84 7
316 200 84 10
112 85 84 5
5 120 84 18
172 215 84 19
247 170 84 6
274 225 84 4
230 216 84 1
119 281 84 15
198 285 84 4
272 87 84 18
282 87 84 17
219 94 84 6
211 98 84 13
184 165 84 3
315 307 84 8
220 265 84 5
187 178 84 20
307 193 84 8
97 74 84 8
153 241 84 11
30 207 84 9
215 109 84 14
272 4 84 11
240 83 84 11
210 293 84 5
142 196 84 13
298 278 84 15
249 269 84 11
164 261 84 20
260 309 84 16
126 235 84 18
186 133 84 3
127 88 84 18
61 223 84 20
55 116 84 9
39 153 84 12
288 134 84 2
294 278 84 2
176 126 84 14
239 69 84 15
14 90 84 1
208 275 84 9
90 297 84 16
187 253 84 14
50 203 84 17
102 241 84 14
246 212 84 19
139 189 84 13
196 260 84 14
93 182 84 14
299 92 84 11
211 195 84 17
151 284 84 5
74 154 84 5
7 99 84 7
164 201 84 7
261 130 84 11
71 164 84 11
159 255 84 19
268 243 84 4
129 226 84 7
291 16 84 1
307 167 84 20
199 240 84 5
27 143 84 4
269 306 84 8
224 146 84 9
182 112 84 20
12 167 84 10
102 118 84 8
270 143 84 5
212 117 84 5
245 4 84 7
244 202 84 6
81 125 84 16
228 77 84 17
155 196 84 2
107 61 84 18
222 73 84 8
171 70 84 17
46 235 84 7
147 27 84 12
159 271 84 7
21 198 84 20
230 174 84 4
266 297 84 17
290 31 84 8
252 137 84 5
9 254 84 1
36 108 84 14
288 50 84 9
155 92 84 3
34 250 84 17
128 166 84 14
107 79 84 20
211 28 84 16
287 214 84 15
138 149 84 15
154 157 84 5
34 88 84 16
300 59 84 5
168 109 84 8
274 142 84 1
18 269 84 18
275 272 84 9
182 166 84 16
174 32 84 13
92 169 84 9
146 219 84 1
34 148 84 12
30 131 84 7
74 194 84 11
106 151 84 17
70 64 84 13
96 23 84 8
96 204 84 17
123 273 84 8
48 260 84 9
16 90 84 3
37 123 84 14
144 152 84 17
206 122 84 18
273 123 84 1
165 88 84 12
9 183 84 18
21 174 84 18
93 297 84 6
93 28 84 2
261 255 84 19
15 291 84 1
128 15 84 5
268 116 84 14
286 72 84 20
34 236 84 3
161 141 84 14
207 57 84 11
36 149 84 19
33 137 84 14
290 81 84 13
4 95 84 19
53 119 84 5
149 70 84 17
262 39 84 12
181 284 84 4
187 129 84 12
60 231 84 20
3 162 84 12
137 90 84 9
299 64 84 17
295 67 84 12
161 15 84 6
254 163 84 19
146 4 84 18
5 184 84 1
100 55 84 13
231 10 84 11
102 224 84 20
18 45 84 2
70 239 84 13
202 217 84 15
9 273 84 18
146 210 84 16
37 251 84 4
178 256 84 11
182 39 84 5
315 270 84 7
153 55 84 18
153 72 84 10
242 141 84 4
78 27 84 16
192 247 84 5
5 77 84 18
89 9 84 1
280 82 84 16
234 263 84 6
139 157 84 7
157 310 84 14
294 146 84 1
160 71 84 14
159 44 84 12
59 235 84 6
231 136 84 10
88 224 84 18
300 83 84 3
31 316 84 18
221 138 84 6
155 190 84 11
248 168 84 12
205 223 84 18
302 65 84 17
109 123 84 8
270 249 84 11
296 21 84 14
121 216 84 8
132 247 84 7
89 47 84 17
98 201 84 2
313 29 84 5
40 129 84 15
50 114 84 4
102 222 84 10
285 71 84 19
75 262 84 7
196 67 84 14
187 198 84 20
74 182 84 18
310 279 84 19
315 171 84 15
172 211 84 7
42 156 84 20
81 257 84 17
35 226 84 3
237 196 84 1
39 288 84 7
268 158 84 4
112 127 84 13
213 16 84 7
95 227 84 10
5 82 84 4
43 123 84 7
90 100 84 7
42 30 84 12
65 266 84 4
245 200 84 15
279 47 84 4
90 54 84 19
82 163 84 2
248 257 84 20
165 262 84 17
292 200 84 8
154 290 84 7
273 15 84 4
92 291 84 9
107 115 84 8
305 289 84 6
29 62 84 12
91 39 84 6
64 183 84 18
264 31 84 19
124 219 84 19
3 56 84 8
297 224 84 10
200 316 84 9
264 2 84 7
211 307 84 12
101 231 84 17
256 217 84 16
257 176 84 2
198 123 84 8
297 143 84 18
67 145 84 6
234 22 84 13
99 221 84 8
255 169 84 10
106 275 84 20
245 271 84 2
25 106 84 18
160 46 84 17
57 140 84 4
197 120 84 14
238 82 84 18
231 315 84 11
132 97 84 20
243 248 84 12
252 249 84 14
251 177 84 17
164 97 84 18
189 257 84 16
286 209 84 19
189 89 84 18
130 223 84 19
111 33 84 1
114 164 84 5
21 303 84 8
204 238 84 12
29 173 84 16
125 232 84 9
11 1 84 17
154 182 84 1
120 54 84 14
205 79 84 12
55 189 84 20
115 302 84 4
271 218 84 10
255 105 84 11
170 134 84 15
158 258 84 15
242 164 84 7
58 1 84 8
82 120 84 13
195 220 84 15
110 274 84 15
270 72 84 13
277 239 84 10
166 177 84 11
188 30 84 16
67 83 84 5
285 220 84 5
187 277 84 13
270 43 84 17
302 133 84 16
308 139 84 10
186 92 84 17
50 264 84 3
28 113 84 19
110 300 84 5
221 262 84 15
273 230 84 11
173 100 84 19
286 53 84 1
98 250 84 10
129 241 84 8
14 111 84 7
287 56 84 18
61 83 84 2
12 88 84 13
204 308 84 15
162 161 84 12
236 17 84 4
167 198 84 4
139 191 84 6
140 216 84 6
279 229 84 8
193 199 84 4
266 260 84 6
239 167 84 6
304 54 84 5
102 111 84 13
25 243 84 14
48 93 84 19
20 127 84 6
241 267 84 13
178 229 84 1
226 2 84 4
225 267 84 19
306 86 84 5
55 73 84 2
8 174 84 20
120 94 84 18
145 142 84 18
52 161 84 9
45 297 84 3
253 158 84 15
57 67 84 16
272 291 84 15
10 177 84 20
230 127 84 16
83 30 84 9
259 150 84 10
148 190 84 3
238 137 84 3
242 181 84 3
92 13 84 1
66 282 84 15
42 133 84 18
284 143 84 10
295 268 84 12
62 247 84 14
110 189 84 19
39 232 84 20
6 153 84 9
132 290 84 1
135 65 84 2
83 27 84 19
309 68 84 19
90 35 84 13
47 13 84 5
27 286 84 15
36 291 84 7
194 13 84 6
121 230 84 15
289 258 84 8
114 76 84 1
267 54 84 7
281 46 84 6
215 32 84 8
84 290 84 16
116 316 84 13
78 35 84 11
228 124 84 19
189 245 84 13
199 113 84 14
183 226 84 13
231 176 84 14
201 36 84 11
238 147 84 14
309 230 84 20
288 29 84 3
132 2 84 18
266 125 84 1
308 313 84 5
264 92 84 10
57 274 84 7
137 188 84 7
270 284 84 18
29 205 84 12
134 93 84 1
109 276 84 13
84 91 84 14
305 252 84 18
229 243 84 3
186 191 84 18
151 143 84 7
25 280 84 2
287 233 84 5
269 261 84 5
80 291 84 5
17 83 84 16
193 62 84 14
55 262 84 9
40 175 84 3
234 44 84 17
203 90 84 4
129 114 84 19
138 297 84 3
114 249 84 4
190 224 84 14
42 136 84 12
169 13 84 2
178 279 84 11
226 2 84 1
97 132 84 8
53 230 84 1
48 43 84 7
6 76 84 3
93 86 84 7
20 275 84 10
237 1 84 14
116 65 84 14
269 243 84 12
156 48 84 17
216 40 84 4
112 305 84 18
200 36 84 4
298 254 84 19
60 30 84 4
282 49 84 7
96 181 84 7
45 192 84 15
114 145 84 1
249 196 84 9
177 307 84 16
237 102 84 12
210 302 84 12
121 179 84 1
107 239 84 14
75 204 84 18
1 299 84 6
139 239 84 9
25 36 84 9
50 180 84 16
122 253 84 3
129 173 84 8
125 66 84 1
156 82 84 20
20 188 84 10
229 158 84 5
170 158 84 20
83 296 84 6
187 5 84 18
16 266 84 5
251 71 84 9
161 95 84 13
173 219 84 2
277 58 84 11
244 289 84 11
133 201 84 4
122 266 84 18
93 32 84 1
94 115 84 17
131 26 84 18
244 172 84 4
292 17 84 11
197 85 84 1
62 257 84 19
221 185 84 3
251 1 84 12
122 18 84 9
47 6 84 13
268 100 84 15
72 230 84 20
38 53 84 7
73 29 84 11
99 121 84 7
28 78 84 20
226 298 84 20
80 232 84 4
135 250 84 10
140 296 84 7
176 143 84 2
118 111 84 4
189 148 84 8
11 220 84 4
62 215 84 4
300 242 84 14
59 151 84 19
214 230 84 15
54 49 84 12
227 188 84 11
89 259 84 2
263 60 84 4
246 144 84 11
281 50 84 10
137 111 84 12
216 307 84 9
269 261 84 3
200 159 84 5
46 212 84 17
37 122 84 20
219 106 84 14
228 264 84 17
31 89 84 16
297 266 84 13
259 86 84 16
118 197 84 14
7 46 84 18
153 245 84 8
1 186 84 19
109 118 84 16
300 20 84 2
221 248 84 5
309 278 84 14
224 155 84 15
189 309 84 12
264 110 84 20
225 12 84 13
234 165 84 1
298 165 84 6
256 170 84 15
232 153 84 15
313 270 84 10
237 262 84 15
38 66 84 1
316 254 84 17
47 97 84 7
291 5 84 10
51 134 84 10
164 115 84 3
145 267 84 4
244 182 84 16
46 178 84 1
307 98 84 19
109 32 84 4
278 31 84 1
226 290 84 13
180 264 84 5
250 314 84 6
63 57 84 17
253 202 84 3
296 25 84 12
176 282 84 17
220 272 84 2
210 276 84 1
161 237 84 12
49 43 84 5
245 222 84 12
233 51 84 17
251 114 84 14
67 262 84 15
149 242 84 19
96 101 84 12
116 216 84 11
129 110 84 2
70 166 84 11
41 111 84 1
197 39 84 2
300 168 84 13
84 102 84 6
137 168 84 3
287 316 84 20
145 307 84 4
284 2 84 16
274 26 84 5
120 95 84 6
202 31 84 8
222 227 84 7
147 106 84 14
19 86 84 7
4 118 84 2
147 89 84 13
2 129 84 19
66 309 84 20
29 162 84 13
101 281 84 12
234 62 84 10
58 179 84 1
236 10 84 6
265 28 84 15
79 244 84 1
272 74 84 9
44 287 84 9
122 36 84 1
201 64 84 19
305 60 84 11
84 190 84 9
210 247 84 7
142 166 84 12
75 114 84 12
198 88 84 19
18 255 84 8
138 298 84 2
70 103 84 14
207 199 84 17
85 187 84 13
243 167 84 2
43 60 84 4
22 97 84 17
9 171 84 2
132 264 84 17
286 177 84 3
93 314 84 4
83 68 84 2
108 170 84 4
92 254 84 14
136 180 84 16
265 223 84 7
8 140 84 7
232 44 84 6
45 176 84 17
261 41 84 2
99 30 84 19
130 112 84 10
159 219 84 15
70 310 84 16
64 26 84 12
223 290 84 10
22 298 84 13
128 109 84 8
89 154 84 19
210 310 84 16
87 93 84 9
65 118 84 16
7 277 84 2
13 30 84 7
273 93 84 12
292 316 84 2
113 233 84 19
285 44 84 11
288 29 84 8
151 134 84 10
266 220 84 18
94 284 84 15
245 186 84 15
298 95 84 5
28 263 84 5
312 134 84 16
253 142 84 12
283 110 84 12
105 81 84 12
293 127 84 9
158 288 84 4
11 277 84 7
85 205 84 9
16 186 84 3
292 214 84 9
240 105 84 14
84 253 84 3
263 219 84 4
66 219 84 8
1 195 84 3
281 248 84 18
148 258 84 19
195 239 84 11
111 254 84 9
17 125 84 10
185 260 84 18
66 27 84 2
88 290 84 4
115 39 84 2
222 252 84 9
36 112 84 12
138 260 84 14
200 138 84 16
46 144 84 5
182 160 84 9
7 240 84 20
252 201 84 7
13 184 84 12
308 298 84 6
86 99 84 13
58 31 84 1
173 168 84 4
230 263 84 13
209 308 84 4
21 70 84 11
169 76 84 6
49 224 84 10
167 236 84 9
258 228 84 2
179 313 84 12
36 266 84 10
216 18 84 5
127 248 84 15
283 36 84 11
54 269 84 20
196 121 84 15
157 65 84 14
106 231 84 6
134 68 84 17
39 247 84 9
254 178 84 10
288 77 84 7
280 99 84 10
115 65 84 6
257 14 84 18
152 105 84 18
230 261 84 15
216 262 84 5
17 79 84 5
45 13 84 7
281 266 84 4
46 133 84 20
144 309 84 18
282 107 84 10
139 47 84 19
264 94 84 19
