1000 250
156 184 48 19
92 290 48 13
63 36 48 2
225 113 48 2
22 95 48 6
271 88 48 15
235 182 48 9
239 182 48 14
123 88 48 4
238 233 48 5
299 284 48 13
297 272 48 2
313 230 48 5
175 139 48 6
260 160 48 8
265 10 48 8
184 141 48 13
180 63 48 7
254 81 48 6
29 3 48 2
38 197 48 6
126 177 48 1
83 174 48 2
76 244 48 20
77 83 48 16
172 32 48 9
251 111 48 17
196 290 48 4
6 227 48 4
115 152 48 14
37 85 48 6
242 210 48 11
298 188 48 20
55 263 48 7
59 235 48 13
222 303 48 8
290 237 48 14
183 116 48 20
138 17 48 2
69 132 48 13
215 168 48 9
28 305 48 14
126 286 48 10
81 24 48 12
71 82 48 19
248 199 48 5
35 173 48 1
145 39 48 9
16 176 48 17
221 140 48 4
262 38 48 19
70 278 48 11
88 299 48 20
189 276 48 20
132 30 48 9
310 173 48 4
158 208 48 4
139 248 48 10
131 159 48 1
139 63 48 8
279 8 48 14
165 78 48 15
144 61 48 1
303 145 48 4
66 276 48 2
123 270 48 14
166 7 48 1
277 41 48 16
110 171 48 10
14 206 48 5
269 168 48 16
246 16 48 13
80 55 48 1
109 42 48 9
96 3 48 1
113 125 48 6
303 186 48 16
279 146 48 17
187 151 48 3
252 60 48 4
276 13 48 3
204 258 48 11
104 234 48 9
65 238 48 10
65 17 48 5
129 130 48 9
254 116 48 3
174 78 48 16
242 264 48 19
164 96 48 14
292 267 48 2
166 50 48 12
160 154 48 13
105 114 48 14
302 178 48 10
186 203 48 15
91 140 48 18
181 209 48 4
312 134 48 3
174 194 48 2
96 169 48 5
29 18 48 6
116 74 48 11
120 74 48 12
257 59 48 18
95 141 48 12
61 127 48 15
143 203 48 8
198 94 48 17
96 268 48 14
302 47 48 14
142 75 48 20
31 191 48 1
286 206 48 2
125 43 48 20
38 137 48 20
153 197 48 6
304 235 48 16
31 12 48 18
207 108 48 1
157 305 48 7
274 130 48 1
305 56 48 15
305 25 48 13
62 46 48 7
90 83 48 19
153 132 48 3
27 119 48 2
314 149 48 13
167 251 48 4
79 91 48 16
141 261 48 5
70 249 48 5
84 134 48 17
304 91 48 18
250 76 48 1
16 229 48 12
191 151 48 14
284 148 48 14
284 211 48 4
76 185 48 15
171 222 48 3
292 291 48 7
48 58 48 8
144 46 48 11
286 295 48 10
194 207 48 18
25 81 48 4
290 260 48 12
283 227 48 10
210 198 48 18
228 53 48 15
86 240 48 13
193 287 48 15
12 114 48 16
238 295 48 10
224 68 48 16
17 92 48 20
173 65 48 3
160 31 48 18
149 241 48 7
110 48 48 7
189 134 48 6
241 222 48 16
247 233 48 6
194 155 48 12
120 274 48 8
147 186 48 3
151 42 48 4
97 201 48 2
166 245 48 2
117 39 48 18
15 123 48 15
49 47 48 8
52 190 48 8
277 67 48 14
269 82 48 15
224 229 48 13
270 275 48 2
65 55 48 11
103 117 48 3
276 129 48 17
77 39 48 7
223 87 48 18
62 35 48 15
242 311 48 1
259 159 48 11
130 66 48 11
186 20 48 1
283 296 48 15
265 294 48 11
72 150 48 3
128 226 48 2
307 133 48 12
216 90 48 14
210 15 48 9
166 170 48 3
204 299 48 1
50 168 48 20
170 134 48 11
29 295 48 9
215 50 48 14
110 73 48 15
147 63 48 7
166 174 48 9
220 67 48 15
268 129 48 4
266 228 48 2
118 278 48 9
97 131 48 19
56 55 48 13
308 166 48 6
77 275 48 14
71 105 48 17
306 270 48 2
314 173 48 5
232 20 48 17
4 286 48 8
73 299 48 13
310 292 48 20
260 31 48 6
188 22 48 3
165 98 48 13
110 64 48 9
118 265 48 11
300 262 48 15
128 74 48 19
84 77 48 8
163 45 48 2
204 250 48 1
59 193 48 7
180 276 48 12
151 124 48 9
79 130 48 5
112 247 48 5
310 230 48 11
48 41 48 16
18 20 48 8
273 183 48 8
303 282 48 14
95 236 48 6
130 99 48 18
81 145 48 5
130 224 48 2
138 231 48 17
306 224 48 14
104 167 48 19
187 185 48 6
30 37 48 8
26 23 48 5
59 14 48 8
76 143 48 15
53 223 48 19
154 248 48 14
279 281 48 8
19 271 48 15
201 270 48 18
107 141 48 18
244 66 48 10
248 91 48 1
112 45 48 18
316 17 48 12
94 69 48 14
16 118 48 14
58 293 48 18
225 311 48 20
300 195 48 10
121 197 48 14
22 125 48 3
275 56 48 2
235 167 48 18
104 62 48 6
115 51 48 15
245 279 48 12
202 232 48 8
19 140 48 3
107 19 48 17
148 35 48 6
225 56 48 10
51 15 48 1
180 145 48 3
38 249 48 5
227 47 48 15
65 187 48 9
21 284 48 12
164 303 48 4
302 305 48 18
215 32 48 13
8 256 48 16
241 202 48 2
5 66 48 19
251 103 48 15
139 225 48 13
78 290 48 16
190 206 48 11
218 53 48 13
69 251 48 17
46 149 48 8
162 156 48 11
230 292 48 1
311 296 48 10
221 230 48 12
63 265 48 8
164 26 48 1
31 111 48 2
181 12 48 3
214 292 48 13
234 22 48 13
286 79 48 4
172 308 48 11
260 303 48 2
97 207 48 19
248 166 48 19
308 225 48 8
236 151 48 15
266 227 48 14
244 124 48 18
260 254 48 7
4 119 48 1
115 290 48 9
97 234 48 11
58 226 48 17
144 158 48 2
75 45 48 18
30 176 48 20
96 21 48 11
282 264 48 14
231 103 48 7
309 106 48 5
253 116 48 3
85 212 48 20
219 165 48 5
140 205 48 14
225 279 48 14
115 204 48 14
50 196 48 10
212 161 48 2
182 75 48 4
300 279 48 10
117 215 48 13
223 196 48 13
142 98 48 5
182 237 48 5
64 42 48 3
97 156 48 11
94 101 48 18
220 313 48 10
81 74 48 16
256 57 48 2
221 69 48 20
198 187 48 19
282 224 48 13
214 90 48 5
247 49 48 2
241 145 48 1
123 135 48 2
200 38 48 18
121 14 48 11
12 269 48 19
77 70 48 8
41 163 48 10
95 24 48 6
247 133 48 11
216 63 48 7
225 304 48 11
286 110 48 17
131 310 48 2
288 10 48 3
202 234 48 20
68 206 48 17
215 246 48 3
21 237 48 6
262 63 48 6
172 174 48 1
130 295 48 4
232 264 48 17
49 78 48 6
114 261 48 12
193 146 48 17
120 109 48 6
116 8 48 20
170 240 48 8
247 185 48 10
140 40 48 8
308 169 48 10
147 296 48 9
96 240 48 10
145 38 48 10
204 230 48 15
76 33 48 7
258 44 48 6
161 213 48 9
300 39 48 13
81 178 48 12
36 66 48 12
181 212 48 4
273 203 48 7
126 32 48 20
135 131 48 9
185 207 48 13
28 44 48 8
193 204 48 20
282 83 48 2
134 163 48 12
26 95 48 9
193 275 48 20
24 232 48 3
95 253 48 2
202 284 48 8
119 48 48 2
175 287 48 17
63 164 48 16
270 25 48 6
304 158 48 17
307 79 48 15
59 272 48 13
22 295 48 20
84 285 48 17
285 171 48 12
89 185 48 19
206 255 48 10
155 1 48 9
98 167 48 13
124 154 48 6
208 40 48 5
282 98 48 16
314 15 48 18
54 99 48 7
46 279 48 13
217 51 48 5
15 257 48 15
100 307 48 12
32 88 48 10
304 107 48 7
314 210 48 6
86 175 48 7
25 69 48 1
258 122 48 11
40 63 48 18
308 175 48 20
24 189 48 20
311 185 48 14
178 216 48 2
211 100 48 8
293 97 48 18
98 78 48 16
212 102 48 20
24 255 48 5
251 295 48 3
20 286 48 13
155 206 48 14
127 200 48 6
300 273 48 17
141 63 48 4
89 39 48 8
142 32 48 9
157 139 48 10
33 162 48 9
29 308 48 3
88 11 48 16
216 62 48 13
113 84 48 16
194 67 48 8
71 104 48 10
46 88 48 8
14 229 48 7
270 281 48 13
312 313 48 11
292 26 48 18
146 9 48 5
181 224 48 2
106 233 48 1
21 6 48 11
209 76 48 2
246 18 48 17
114 31 48 17
224 300 48 6
261 191 48 6
251 166 48 11
20 207 48 19
116 72 48 7
169 73 48 3
305 93 48 8
88 301 48 12
185 127 48 1
158 136 48 11
150 43 48 2
107 199 48 5
61 133 48 6
251 153 48 13
134 164 48 12
136 229 48 16
54 113 48 8
293 200 48 13
188 69 48 7
100 122 48 14
254 271 48 16
288 274 48 3
196 18 48 19
165 164 48 7
25 297 48 11
272 116 48 11
171 169 48 19
59 42 48 19
247 229 48 11
141 13 48 12
66 266 48 2
137 133 48 7
199 12 48 4
78 177 48 4
108 201 48 4
198 53 48 16
96 119 48 8
211 177 48 9
105 3 48 2
279 39 48 18
154 104 48 3
195 137 48 4
194 19 48 3
209 96 48 15
72 100 48 8
128 193 48 12
195 289 48 10
114 79 48 15
287 79 48 5
160 253 48 4
257 90 48 11
199 180 48 3
274 57 48 6
45 266 48 5
203 233 48 4
142 256 48 9
133 30 48 1
243 144 48 11
109 10 48 17
189 65 48 1
204 217 48 10
7 99 48 13
261 269 48 14
114 209 48 19
275 95 48 19
218 133 48 15
250 265 48 8
42 87 48 19
124 91 48 16
284 280 48 12
64 63 48 4
145 69 48 7
90 226 48 3
91 235 48 19
253 89 48 5
227 203 48 5
37 136 48 10
193 178 48 16
175 197 48 11
63 165 48 10
118 124 48 16
286 269 48 13
132 42 48 2
34 28 48 16
40 176 48 17
36 86 48 3
165 19 48 14
138 211 48 3
301 281 48 20
239 27 48 4
248 41 48 3
108 10 48 19
144 141 48 16
89 70 48 15
268 5 48 6
116 252 48 20
62 312 48 10
248 133 48 8
86 118 48 20
225 252 48 7
4 184 48 7
11 187 48 8
181 14 48 4
77 102 48 13
211 265 48 1
205 277 48 12
284 22 48 16
277 165 48 12
60 251 48 5
227 55 48 5
1 59 48 4
27 281 48 6
62 145 48 7
133 117 48 16
273 224 48 20
209 112 48 4
185 291 48 14
52 251 48 2
263 206 48 20
276 116 48 3
224 13 48 9
147 39 48 5
44 313 48 1
62 129 48 14
181 298 48 9
144 190 48 20
280 270 48 2
17 217 48 12
234 164 48 9
282 123 48 4
68 242 48 12
124 72 48 3
144 11 48 3
204 284 48 3
65 148 48 20
257 187 48 6
32 46 48 19
205 274 48 12
312 192 48 11
308 53 48 5
316 120 48 6
231 139 48 1
185 282 48 3
31 169 48 2
218 130 48 13
69 70 48 15
110 314 48 13
1 202 48 2
4 198 48 5
274 189 48 1
246 188 48 4
39 103 48 2
219 183 48 11
305 110 48 16
42 11 48 17
242 291 48 14
104 297 48 19
12 193 48 13
298 196 48 18
250 153 48 18
255 294 48 2
274 16 48 8
116 130 48 14
238 118 48 19
213 55 48 9
1 192 48 4
71 295 48 12
241 307 48 20
193 184 48 11
26 13 48 7
260 267 48 20
49 225 48 19
152 236 48 12
121 157 48 5
96 54 48 19
80 266 48 18
251 20 48 16
86 261 48 10
9 33 48 9
231 271 48 14
185 214 48 20
12 262 48 8
170 309 48 19
37 113 48 16
21 208 48 5
271 184 48 10
184 14 48 18
288 312 48 18
277 4 48 14
134 131 48 12
3 211 48 1
138 223 48 14
290 288 48 18
148 9 48 19
59 241 48 14
23 196 48 13
253 275 48 3
82 246 48 6
171 103 48 17
188 236 48 11
56 238 48 6
136 271 48 16
162 244 48 3
75 76 48 11
101 30 48 12
127 53 48 7
123 201 48 1
29 282 48 15
246 32 48 17
47 115 48 8
293 66 48 1
118 202 48 7
165 47 48 15
80 17 48 14
214 14 48 19
273 140 48 7
211 158 48 15
108 187 48 4
146 12 48 11
286 58 48 10
241 35 48 11
221 48 48 8
51 109 48 6
125 84 48 3
274 297 48 20
33 254 48 7
159 148 48 20
170 151 48 14
253 296 48 14
52 161 48 3
177 85 48 9
263 201 48 17
23 252 48 9
40 60 48 12
286 230 48 16
229 262 48 17
207 316 48 17
131 169 48 11
32 2 48 11
261 265 48 3
128 125 48 4
240 283 48 8
84 305 48 11
36 241 48 19
283 210 48 4
299 123 48 9
43 225 48 8
251 39 48 9
294 283 48 14
212 123 48 6
186 146 48 14
141 282 48 8
297 49 48 9
179 297 48 9
121 159 48 14
292 141 48 12
304 184 48 1
212 118 48 19
288 307 48 17
261 98 48 16
182 284 48 17
227 4 48 14
134 196 48 3
242 59 48 11
62 179 48 9
304 51 48 6
247 250 48 17
99 145 48 10
202 12 48 17
166 168 48 18
253 33 48 17
170 155 48 17
263 185 48 8
301 110 48 18
3 172 48 9
180 55 48 11
289 301 48 16
265 296 48 1
150 77 48 12
130 242 48 8
104 179 48 4
44 244 48 3
200 86 48 15
132 71 48 20
121 73 48 3
289 148 48 13
87 16 48 18
135 280 48 17
223 114 48 13
218 139 48 2
65 138 48 12
261 182 48 19
191 277 48 17
305 304 48 19
212 109 48 7
187 293 48 19
215 64 48 2
20 94 48 14
224 212 48 3
84 9 48 17
186 74 48 15
45 230 48 4
148 104 48 20
20 304 48 8
278 199 48 20
188 281 48 8
142 76 48 15
112 95 48 4
257 215 48 19
199 298 48 20
175 63 48 17
185 108 48 2
60 255 48 1
108 274 48 8
143 131 48 14
286 214 48 15
301 252 48 10
64 47 48 20
235 199 48 10
94 293 48 16
65 47 48 10
217 232 48 13
70 291 48 7
134 82 48 16
185 224 48 18
118 89 48 4
124 74 48 19
309 137 48 9
65 267 48 19
138 44 48 19
301 4 48 17
211 220 48 8
123 185 48 15
290 214 48 20
309 82 48 8
39 96 48 20
194 219 48 17
284 108 48 9
316 172 48 4
230 205 48 11
120 86 48 19
56 192 48 6
120 314 48 3
158 183 48 12
277 72 48 14
200 110 48 9
212 199 48 15
296 166 48 10
201 165 48 17
268 78 48 6
62 197 48 3
176 148 48 6
302 163 48 19
84 4 48 14
291 281 48 1
264 60 48 10
228 271 48 20
95 251 48 5
280 31 48 17
5 298 48 6
42 43 48 18
164 115 48 1
161 100 48 4
51 79 48 11
124 265 48 15
268 109 48 3
101 20 48 5
132 114 48 11
224 290 48 17
268 294 48 18
181 231 48 17
290 78 48 19
127 134 48 14
22 184 48 4
24 204 48 20
99 155 48 8
233 152 48 8
5 283 48 1
28 87 48 10
80 250 48 3
10 115 48 5
298 88 48 18
280 110 48 19
257 131 48 19
312 51 48 18
211 45 48 8
7 277 48 19
34 177 48 2
70 204 48 20
292 180 48 1
174 189 48 11
287 170 48 19
56 29 48 4
275 285 48 11
45 280 48 9
230 174 48 9
253 76 48 1
112 5 48 1
149 287 48 13
168 262 48 20
224 119 48 12
79 301 48 17
129 41 48 13
288 315 48 17
158 255 48 20
290 168 48 13
150 104 48 5
78 215 48 5
287 259 48 3
279 110 48 16
30 18 48 11
73 308 48 11
77 16 48 3
109 303 48 1
109 41 48 11
284 226 48 2
212 272 48 14
112 33 48 12
229 3 48 19
315 177 48 16
243 206 48 13
185 174 48 12
111 250 48 11
290 42 48 6
46 46 48 14
161 225 48 19
22 17 48 6
303 128 48 7
63 252 48 13
293 251 48 18
316 73 48 7
253 153 48 9
76 159 48 6
127 132 48 4
164 178 48 17
137 234 48 18
19 151 48 18
173 138 48 13
43 96 48 9
23 284 48 19
180 283 48 11
123 115 48 15
239 87 48 13
184 213 48 1
67 272 48 18
208 92 48 15
45 110 48 17
110 178 48 18
302 116 48 9
10 139 48 8
180 2 48 11
106 20 48 13
80 258 48 3
213 22 48 15
161 88 48 2
182 295 48 1
16 235 48 19
104 28 48 20
122 226 48 4
234 131 48 2
314 311 48 3
256 312 48 15
312 288 48 16
35 184 48 1
181 240 48 5
283 1 48 3
159 16 48 14
41 15 48 17
101 136 48 6
172 54 48 9
169 263 48 7
275 202 48 18
85 93 48 13
153 23 48 20
241 204 48 15
209 66 48 11
156 224 48 14
21 161 48 13
21 157 48 16
247 12 48 1
287 76 48 15
217 34 48 12
38 119 48 5
147 271 48 15
18 91 48 2
129 196 48 7
135 35 48 3
261 267 48 15
297 287 48 7
48 217 48 18
169 83 48 13
131 299 48 6
191 233 48 12
27 275 48 6
201 292 48 1
55 316 48 20
77 135 48 6
219 291 48 4
101 167 48 10
139 214 48 3
84 278 48 17
104 93 48 12
54 283 48 16
121 205 48 10
39 89 48 17
259 39 48 13
42 116 48 15
175 230 48 13
154 227 48 7
103 261 48 16
269 29 48 10
98 28 48 6
121 81 48 4
272 202 48 12
169 136 48 4
253 290 48 15
233 15 48 6
243 85 48 15
123 134 48 5
169 236 48 14
113 85 48 10
230 78 48 5
123 94 48 10
194 49 48 11
