1000 333
224 265 36 15
68 14 36 15
252 25 36 4
89 279 36 3
87 32 36 9
63 117 36 16
198 106 36 20
14 14 36 4
8 152 36 12
258 50 36 17
293 273 36 13
151 236 36 14
277 67 36 2
236 156 36 9
227 242 36 8
63 200 36 4
214 81 36 9
217 307 36 10
165 314 36 13
152 255 36 14
201 231 36 10
197 278 36 6
103 238 36 8
244 158 36 3
244 280 36 9
275 238 36 12
3 31 36 5
47 248 36 7
105 96 36 16
209 143 36 14
47 27 36 12
52 120 36 1
293 222 36 11
285 45 36 8
11 289 36 3
191 143 36 20
151 41 36 10
87 88 36 5
13 192 36 12
148 296 36 3
221 26 36 1
104 78 36 4
265 54 36 5
31 234 36 6
62 141 36 18
160 15 36 8
75 61 36 9
232 43 36 12
109 55 36 15
188 98 36 10
94 2 36 12
239 106 36 13
290 266 36 6
143 296 36 20
252 253 36 8
229 96 36 18
244 66 36 15
300 297 36 1
127 301 36 8
41 69 36 9
147 58 36 11
278 296 36 12
170 270 36 9
11 308 36 8
298 243 36 8
197 51 36 3
219 294 36 20
301 278 36 12
109 300 36 5
80 237 36 1
253 67 36 10
219 28 36 6
290 197 36 11
310 103 36 2
205 85 36 16
36 177 36 2
174 79 36 7
273 63 36 12
248 68 36 8
104 147 36 20
28 295 36 10
10 197 36 17
287 170 36 17
97 163 36 3
214 263 36 19
153 298 36 20
142 51 36 14
4 219 36 9
252 151 36 12
271 254 36 2
106 178 36 13
7 187 36 9
147 53 36 19
167 149 36 17
185 46 36 12
184 198 36 1
147 235 36 8
84 134 36 10
84 69 36 12
151 235 36 2
261 236 36 19
33 242 36 9
213 284 36 1
143 30 36 17
132 111 36 18
171 294 36 19
299 124 36 17
162 207 36 14
140 187 36 7
267 21 36 9
228 177 36 17
50 209 36 14
58 2 36 10
14 40 36 11
118 171 36 13
163 237 36 6
301 220 36 5
253 277 36 20
23 100 36 6
177 263 36 6
145 174 36 3
33 224 36 7
59 281 36 4
264 191 36 20
182 204 36 2
211 263 36 15
216 143 36 10
241 80 36 14
156 102 36 18
257 174 36 4
170 214 36 5
48 143 36 20
31 97 36 9
14 44 36 3
249 225 36 6
23 15 36 8
33 231 36 19
262 155 36 6
243 206 36 11
8 42 36 16
35 211 36 17
132 259 36 3
135 289 36 7
315 198 36 18
53 131 36 11
207 153 36 9
306 185 36 7
232 26 36 9
237 268 36 18
239 276 36 11
98 206 36 10
171 233 36 8
281 264 36 4
276 262 36 13
209 211 36 7
263 313 36 15
16 302 36 7
210 114 36 20
139 34 36 20
272 169 36 15
131 162 36 8
200 228 36 17
107 193 36 20
302 48 36 9
62 256 36 15
269 99 36 7
207 10 36 5
14 115 36 6
161 149 36 7
156 105 36 11
6 131 36 1
274 226 36 4
142 16 36 4
169 213 36 19
141 274 36 19
220 226 36 13
294 117 36 14
250 130 36 4
3 186 36 17
106 238 36 1
272 243 36 15
180 200 36 20
104 237 36 15
115 301 36 3
278 22 36 20
172 241 36 10
164 114 36 2
165 48 36 11
176 50 36 16
124 51 36 13
284 219 36 12
46 82 36 15
245 185 36 20
39 300 36 4
45 157 36 9
9 12 36 1
94 175 36 19
295 235 36 14
101 94 36 7
92 114 36 14
5 81 36 16
160 23 36 13
306 163 36 2
269 202 36 13
217 142 36 9
289 150 36 20
78 243 36 18
296 117 36 16
141 217 36 1
35 309 36 10
192 209 36 11
39 264 36 13
180 253 36 3
189 102 36 20
77 2 36 6
121 186 36 11
176 263 36 14
197 138 36 10
136 278 36 19
168 209 36 7
210 84 36 7
228 19 36 2
164 198 36 18
50 70 36 15
34 146 36 8
55 266 36 18
225 21 36 16
218 217 36 10
12 248 36 15
130 99 36 19
240 204 36 3
242 11 36 5
87 174 36 10
80 120 36 15
279 49 36 8
58 103 36 17
127 11 36 13
39 229 36 13
300 136 36 4
102 265 36 18
113 84 36 14
103 221 36 16
111 307 36 6
316 282 36 5
170 244 36 5
65 302 36 11
121 8 36 5
197 258 36 1
69 241 36 8
188 239 36 8
197 35 36 15
94 33 36 7
2 143 36 17
295 142 36 3
287 207 36 10
11 271 36 7
257 75 36 11
305 167 36 8
266 235 36 1
45 2 36 3
197 198 36 5
219 292 36 9
42 189 36 11
66 63 36 12
56 33 36 6
186 255 36 4
300 195 36 10
106 183 36 20
66 28 36 6
266 73 36 11
284 269 36 12
20 67 36 3
316 4 36 15
122 70 36 9
281 21 36 13
118 206 36 11
17 190 36 5
306 191 36 20
129 256 36 15
186 205 36 11
36 68 36 15
83 87 36 2
2 298 36 1
108 103 36 2
173 67 36 19
165 80 36 8
96 308 36 9
220 297 36 4
3 109 36 11
130 190 36 20
12 121 36 3
271 204 36 18
68 205 36 11
80 208 36 18
58 64 36 8
56 229 36 8
155 8 36 15
128 123 36 16
291 22 36 4
77 151 36 6
280 58 36 10
235 12 36 1
172 291 36 1
302 267 36 5
219 8 36 4
99 275 36 12
270 113 36 11
116 240 36 6
155 110 36 11
199 187 36 17
116 150 36 18
49 280 36 2
82 31 36 16
2 17 36 6
130 131 36 5
218 229 36 19
113 78 36 20
228 90 36 15
45 140 36 1
95 22 36 19
83 33 36 16
24 294 36 16
293 59 36 18
117 60 36 10
206 190 36 13
303 303 36 13
253 311 36 11
212 118 36 20
95 58 36 15
299 152 36 13
269 234 36 9
72 154 36 6
51 26 36 4
61 142 36 16
298 244 36 1
34 230 36 19
315 62 36 17
149 274 36 19
72 264 36 12
134 142 36 4
114 94 36 13
127 165 36 18
116 112 36 4
164 172 36 13
271 153 36 4
147 187 36 1
9 81 36 7
181 125 36 20
51 196 36 19
295 225 36 12
270 23 36 9
162 149 36 17
104 264 36 12
71 7 36 11
75 277 36 8
7 107 36 14
167 115 36 14
285 192 36 18
44 138 36 5
66 116 36 13
125 281 36 11
65 127 36 3
66 230 36 15
73 300 36 1
40 58 36 10
267 276 36 8
48 23 36 19
121 307 36 6
2 247 36 11
290 208 36 7
170 17 36 15
285 293 36 1
127 42 36 10
233 115 36 9
242 50 36 19
211 316 36 2
286 259 36 12
268 63 36 7
229 276 36 5
224 145 36 8
230 314 36 4
200 178 36 5
297 305 36 6
202 117 36 20
91 42 36 9
249 252 36 20
50 118 36 6
86 69 36 12
112 194 36 15
280 101 36 19
23 226 36 9
311 109 36 6
259 89 36 2
144 291 36 15
144 277 36 16
300 209 36 12
140 154 36 5
133 239 36 1
189 34 36 6
311 313 36 14
50 232 36 11
210 226 36 4
231 64 36 4
241 207 36 2
263 246 36 6
10 230 36 14
221 265 36 20
233 81 36 6
106 165 36 16
275 160 36 8
125 105 36 19
95 314 36 16
174 228 36 3
26 48 36 10
275 310 36 3
273 216 36 16
58 120 36 16
313 249 36 13
175 38 36 17
282 208 36 12
69 228 36 12
300 7 36 1
123 76 36 9
222 101 36 4
211 272 36 6
25 124 36 17
69 77 36 12
272 74 36 4
136 144 36 17
165 109 36 5
248 73 36 12
120 56 36 2
200 75 36 18
88 296 36 14
128 86 36 13
269 110 36 4
97 74 36 9
152 30 36 18
244 61 36 1
268 225 36 1
80 53 36 5
120 172 36 17
165 267 36 19
286 39 36 18
300 62 36 11
268 14 36 12
44 6 36 10
212 157 36 11
33 84 36 7
313 248 36 8
281 223 36 4
217 26 36 19
105 87 36 13
171 268 36 7
8 251 36 8
34 203 36 17
66 246 36 14
171 37 36 3
201 69 36 2
79 65 36 5
290 241 36 16
25 37 36 5
143 142 36 15
212 208 36 15
214 216 36 9
278 145 36 19
250 106 36 12
228 276 36 4
46 160 36 4
159 135 36 4
100 108 36 4
263 29 36 9
31 171 36 18
202 278 36 17
220 72 36 8
172 245 36 1
223 178 36 6
202 89 36 18
114 134 36 5
93 189 36 15
137 288 36 19
316 234 36 19
112 160 36 9
49 257 36 19
90 160 36 2
241 16 36 10
221 238 36 15
203 19 36 8
144 132 36 17
140 121 36 17
167 257 36 4
301 152 36 5
43 160 36 13
167 104 36 13
149 89 36 1
306 14 36 16
287 130 36 17
26 16 36 15
65 55 36 19
237 195 36 3
178 45 36 7
193 241 36 10
234 179 36 1
222 29 36 5
46 74 36 1
30 63 36 10
29 246 36 12
161 167 36 19
208 231 36 14
282 151 36 20
160 224 36 20
190 101 36 8
267 230 36 18
188 135 36 2
108 180 36 19
220 210 36 2
138 134 36 19
185 191 36 5
143 294 36 19
156 155 36 9
47 210 36 13
194 83 36 5
265 245 36 10
198 116 36 12
268 119 36 11
198 23 36 4
299 56 36 6
13 240 36 20
209 66 36 5
215 118 36 3
56 164 36 12
16 42 36 2
288 202 36 2
261 296 36 6
264 247 36 16
26 24 36 6
210 7 36 5
211 231 36 16
298 124 36 18
46 234 36 15
264 185 36 18
59 200 36 7
148 171 36 9
61 11 36 12
302 170 36 10
134 196 36 1
95 301 36 7
112 91 36 6
51 72 36 13
164 117 36 6
182 64 36 7
156 18 36 18
170 61 36 5
282 121 36 15
57 3 36 5
78 32 36 20
19 126 36 12
73 237 36 2
146 184 36 1
238 31 36 17
144 109 36 20
22 264 36 1
207 13 36 13
247 295 36 9
194 35 36 15
310 113 36 18
201 27 36 16
76 99 36 12
253 141 36 15
289 274 36 10
233 101 36 6
240 122 36 9
264 225 36 5
244 155 36 15
28 244 36 2
27 237 36 6
56 17 36 8
211 92 36 14
79 28 36 10
129 212 36 20
106 128 36 20
87 51 36 14
15 210 36 6
272 137 36 16
86 61 36 12
251 299 36 8
108 38 36 5
307 145 36 12
81 119 36 16
310 247 36 15
181 37 36 7
153 123 36 9
142 34 36 3
39 201 36 3
302 286 36 7
73 117 36 13
81 224 36 11
105 111 36 15
116 191 36 17
51 80 36 11
198 261 36 11
52 97 36 2
168 134 36 11
74 172 36 7
117 53 36 20
219 126 36 8
200 206 36 16
114 206 36 14
172 5 36 12
32 56 36 15
34 253 36 15
73 200 36 19
26 263 36 12
12 21 36 11
198 137 36 12
249 251 36 13
101 134 36 6
176 143 36 3
45 314 36 19
104 241 36 18
138 275 36 18
117 243 36 5
87 268 36 16
191 175 36 4
257 268 36 12
60 200 36 10
200 300 36 20
229 159 36 2
43 203 36 4
178 202 36 8
263 236 36 18
285 36 36 8
85 18 36 15
44 104 36 17
127 45 36 16
242 104 36 16
292 200 36 3
267 112 36 6
172 155 36 4
287 228 36 6
223 174 36 13
220 142 36 12
40 123 36 9
22 166 36 9
75 189 36 13
78 10 36 20
281 197 36 15
48 147 36 15
81 215 36 1
316 185 36 12
121 91 36 17
57 207 36 7
28 142 36 5
229 59 36 6
217 133 36 6
249 211 36 16
176 71 36 16
303 14 36 7
225 94 36 1
197 94 36 1
292 110 36 16
244 167 36 14
234 194 36 11
30 2 36 17
100 218 36 6
41 46 36 8
308 222 36 18
36 208 36 8
14 12 36 5
102 208 36 2
270 79 36 8
109 6 36 6
154 240 36 3
236 165 36 5
61 264 36 10
230 305 36 20
189 192 36 5
218 227 36 4
261 136 36 19
294 133 36 2
315 299 36 4
130 91 36 13
111 141 36 8
182 272 36 17
254 16 36 20
227 141 36 8
246 13 36 4
66 231 36 6
93 175 36 10
27 48 36 10
168 47 36 16
71 176 36 15
192 287 36 3
235 48 36 18
127 301 36 10
283 211 36 2
6 141 36 15
133 102 36 17
171 91 36 3
240 117 36 19
125 285 36 9
205 251 36 20
59 22 36 18
53 257 36 17
2 67 36 13
179 245 36 8
77 147 36 16
303 175 36 9
127 241 36 7
21 164 36 20
175 185 36 20
59 73 36 10
227 131 36 4
48 79 36 20
129 80 36 6
297 155 36 11
152 231 36 5
147 113 36 19
244 239 36 12
114 155 36 11
313 14 36 11
164 284 36 15
162 194 36 9
77 138 36 15
36 266 36 3
169 142 36 9
19 294 36 19
227 124 36 7
190 263 36 1
181 61 36 11
231 57 36 8
46 117 36 4
248 174 36 5
161 250 36 10
47 181 36 19
13 33 36 5
29 52 36 14
171 174 36 13
213 259 36 12
285 123 36 8
300 250 36 8
223 295 36 8
10 226 36 13
307 282 36 10
108 13 36 6
283 25 36 19
179 54 36 10
52 224 36 3
260 17 36 18
99 301 36 16
210 180 36 9
274 299 36 19
33 308 36 1
282 194 36 14
147 302 36 14
193 164 36 15
167 26 36 12
192 77 36 19
182 232 36 3
219 227 36 12
275 16 36 11
263 185 36 9
126 218 36 9
2 183 36 14
55 13 36 7
121 101 36 6
211 267 36 19
250 38 36 15
196 220 36 3
55 122 36 9
110 292 36 12
240 135 36 13
37 260 36 10
249 157 36 4
126 107 36 8
201 227 36 17
18 17 36 11
177 162 36 9
307 42 36 4
37 308 36 5
205 313 36 9
177 236 36 11
229 168 36 14
78 100 36 18
213 122 36 16
152 6 36 7
192 23 36 3
183 199 36 17
107 190 36 18
250 122 36 17
198 11 36 1
230 83 36 16
184 207 36 8
189 284 36 11
34 76 36 20
198 227 36 13
168 103 36 16
154 181 36 14
198 287 36 19
283 220 36 13
255 313 36 11
223 227 36 1
7 306 36 3
170 75 36 10
12 4 36 13
80 201 36 11
260 264 36 5
147 314 36 13
129 195 36 7
195 58 36 18
67 312 36 7
161 115 36 9
233 121 36 6
299 186 36 12
124 197 36 16
128 172 36 4
255 116 36 4
167 158 36 9
156 286 36 7
114 61 36 4
188 127 36 20
258 184 36 2
30 100 36 10
107 295 36 11
259 102 36 7
310 126 36 3
245 64 36 6
24 126 36 7
220 177 36 17
191 291 36 9
114 58 36 15
33 211 36 6
66 240 36 6
11 30 36 4
245 184 36 1
256 73 36 2
122 214 36 9
315 237 36 7
33 37 36 7
249 123 36 17
209 236 36 18
296 269 36 8
145 230 36 11
94 241 36 17
21 65 36 16
262 4 36 5
311 125 36 18
4 123 36 10
138 52 36 18
132 300 36 20
313 193 36 20
234 68 36 8
50 212 36 5
104 202 36 1
296 118 36 6
40 63 36 9
68 270 36 2
309 273 36 20
154 94 36 11
248 121 36 3
251 117 36 15
70 35 36 14
53 296 36 17
266 295 36 18
194 275 36 12
291 210 36 10
184 173 36 7
201 165 36 19
236 214 36 4
7 41 36 1
289 292 36 17
235 257 36 11
144 310 36 10
264 155 36 17
166 32 36 19
185 219 36 20
162 298 36 20
93 182 36 4
295 101 36 13
171 3 36 6
167 291 36 13
175 105 36 13
218 248 36 18
135 92 36 20
135 153 36 4
201 21 36 14
160 78 36 19
291 170 36 20
166 45 36 8
151 111 36 15
72 173 36 1
284 31 36 2
16 248 36 13
58 67 36 12
149 97 36 16
168 194 36 20
89 37 36 14
203 224 36 15
182 73 36 11
158 119 36 1
136 86 36 13
300 53 36 16
149 69 36 11
246 22 36 9
13 170 36 18
145 234 36 15
296 6 36 11
105 209 36 18
84 286 36 19
2 127 36 5
31 262 36 3
231 142 36 15
42 290 36 3
101 115 36 20
121 24 36 14
134 168 36 19
236 147 36 8
163 252 36 4
208 231 36 18
10 128 36 4
39 158 36 2
257 285 36 19
107 10 36 20
238 6 36 7
73 23 36 14
186 52 36 13
4 288 36 15
40 30 36 18
179 237 36 16
288 143 36 20
208 181 36 1
285 121 36 1
83 123 36 19
66 44 36 4
164 13 36 6
285 198 36 10
257 202 36 13
272 137 36 6
117 315 36 14
193 287 36 12
292 178 36 20
232 42 36 4
37 124 36 7
63 189 36 14
306 37 36 6
256 5 36 4
153 158 36 9
233 113 36 9
26 229 36 19
55 1 36 17
19 292 36 18
266 104 36 11
214 36 36 6
180 98 36 7
85 299 36 7
3 238 36 3
118 286 36 16
226 202 36 4
154 227 36 13
184 178 36 1
81 196 36 1
50 41 36 12
165 150 36 15
298 225 36 12
304 310 36 6
242 312 36 16
81 9 36 1
180 234 36 3
288 71 36 9
204 150 36 14
120 126 36 9
224 176 36 6
115 24 36 15
253 5 36 20
172 205 36 9
286 130 36 20
217 210 36 8
117 286 36 13
115 153 36 3
236 40 36 8
113 55 36 6
186 279 36 17
91 77 36 8
249 226 36 20
212 81 36 20
64 262 36 14
15 58 36 3
186 71 36 20
170 185 36 16
224 316 36 11
8 113 36 14
129 194 36 20
109 284 36 4
8 112 36 1
123 220 36 14
127 283 36 7
156 194 36 13
290 275 36 7
290 129 36 15
125 248 36 19
