1000 250
57 156 48 18
54 29 48 4
49 178 48 13
263 47 48 12
6 7 48 18
248 255 48 2
86 155 48 16
163 186 48 18
240 73 48 1
294 243 48 16
273 299 48 7
215 37 48 7
134 297 48 16
295 243 48 3
214 144 48 17
195 75 48 3
117 57 48 13
8 115 48 11
141 38 48 19
181 15 48 6
121 184 48 16
215 294 48 20
234 111 48 4
9 89 48 18
147 199 48 6
188 77 48 16
166 89 48 8
299 97 48 2
93 133 48 12
63 314 48 6
68 118 48 17
160 228 48 14
79 145 48 1
295 154 48 13
16 300 48 11
301 171 48 16
241 21 48 16
236 215 48 12
242 307 48 9
285 265 48 10
134 17 48 11
271 72 48 18
280 46 48 11
84 24 48 8
293 40 48 7
279 236 48 2
26 160 48 14
74 292 48 16
217 113 48 10
73 293 48 18
138 110 48 2
4 276 48 13
310 240 48 19
128 7 48 6
99 195 48 13
53 158 48 5
286 79 48 8
223 152 48 11
58 265 48 15
95 233 48 15
81 55 48 13
294 270 48 8
263 159 48 7
277 286 48 10
106 68 48 20
291 17 48 17
291 302 48 12
134 209 48 7
61 162 48 7
203 153 48 20
218 233 48 18
238 106 48 11
217 52 48 18
120 224 48 19
241 226 48 15
136 200 48 19
85 174 48 4
8 203 48 16
82 263 48 10
1 46 48 14
48 159 48 18
149 80 48 3
311 296 48 15
104 311 48 10
79 235 48 15
121 267 48 14
179 247 48 11
118 254 48 14
162 231 48 16
263 127 48 1
304 174 48 15
157 218 48 10
11 213 48 18
129 212 48 12
155 186 48 15
301 306 48 5
15 64 48 19
9 78 48 12
310 239 48 10
138 185 48 9
222 68 48 18
253 120 48 20
258 130 48 12
139 259 48 11
119 309 48 1
229 189 48 14
185 203 48 18
283 212 48 11
2 101 48 17
163 134 48 5
31 252 48 4
177 84 48 7
120 25 48 20
67 164 48 6
13 178 48 10
41 90 48 15
271 170 48 5
248 32 48 12
302 33 48 1
174 91 48 14
126 122 48 17
145 194 48 16
179 209 48 17
26 275 48 12
28 183 48 1
21 120 48 10
203 74 48 3
64 217 48 18
135 202 48 18
203 271 48 12
301 80 48 9
17 120 48 6
133 298 48 6
169 7 48 8
264 34 48 3
220 55 48 6
161 153 48 7
271 112 48 19
308 247 48 12
61 29 48 10
12 225 48 9
85 242 48 16
246 270 48 13
196 122 48 11
103 69 48 9
89 288 48 7
194 132 48 7
268 298 48 19
242 185 48 13
313 141 48 17
126 152 48 2
230 132 48 19
137 62 48 8
25 153 48 17
132 255 48 17
60 28 48 8
254 117 48 15
180 281 48 20
218 206 48 20
186 203 48 4
79 224 48 3
196 34 48 11
134 170 48 8
25 91 48 16
37 222 48 2
13 177 48 9
172 10 48 2
42 189 48 2
209 303 48 3
140 172 48 13
315 146 48 1
221 237 48 14
259 266 48 7
254 290 48 17
85 10 48 2
171 234 48 10
75 301 48 19
200 26 48 8
81 130 48 14
272 269 48 1
140 163 48 19
232 280 48 7
41 222 48 5
232 56 48 10
92 140 48 12
174 206 48 5
11 281 48 18
174 60 48 15
105 141 48 1
22 308 48 1
6 131 48 20
136 259 48 3
83 195 48 20
191 6 48 19
272 310 48 19
47 63 48 8
164 73 48 8
53 142 48 12
179 246 48 12
119 267 48 19
224 273 48 9
71 304 48 11
301 282 48 2
228 156 48 15
315 112 48 12
121 54 48 14
132 217 48 3
4 165 48 16
251 28 48 6
6 42 48 4
68 161 48 4
156 231 48 16
83 111 48 13
204 23 48 5
226 233 48 20
242 37 48 1
3 64 48 14
153 279 48 14
25 213 48 9
38 114 48 3
1 77 48 11
29 129 48 18
44 211 48 12
24 310 48 18
268 115 48 2
307 40 48 14
192 43 48 2
293 91 48 12
242 11 48 1
115 48 48 6
29 261 48 19
315 289 48 7
96 16 48 13
304 251 48 6
217 203 48 4
259 89 48 12
232 280 48 2
269 152 48 8
165 78 48 7
273 192 48 6
74 116 48 18
56 10 48 18
62 106 48 13
278 93 48 16
67 205 48 10
287 147 48 14
230 275 48 14
7 227 48 9
190 287 48 6
280 139 48 13
102 213 48 12
183 164 48 18
133 226 48 19
97 83 48 15
208 150 48 19
101 120 48 2
295 245 48 8
32 147 48 10
236 20 48 1
202 196 48 11
254 297 48 19
2 163 48 11
75 191 48 4
253 184 48 2
103 75 48 3
157 72 48 10
150 262 48 14
205 293 48 20
67 108 48 16
111 309 48 7
81 143 48 11
160 144 48 1
298 114 48 4
133 50 48 7
262 48 48 17
121 100 48 4
98 250 48 1
216 138 48 5
267 100 48 5
130 210 48 17
188 291 48 15
226 30 48 10
7 11 48 11
294 39 48 8
28 196 48 15
152 316 48 15
244 98 48 4
176 313 48 13
85 159 48 1
313 185 48 10
113 56 48 20
56 178 48 9
37 184 48 11
28 57 48 9
67 296 48 5
50 131 48 12
132 270 48 13
43 130 48 9
303 214 48 16
31 106 48 16
285 218 48 19
92 273 48 4
141 206 48 15
199 233 48 15
88 195 48 10
276 244 48 9
147 271 48 2
12 313 48 3
84 196 48 8
315 226 48 1
310 194 48 11
45 182 48 3
168 6 48 16
159 100 48 4
101 187 48 3
235 42 48 18
183 85 48 17
84 308 48 13
11 75 48 20
150 286 48 2
79 279 48 15
225 219 48 20
119 71 48 9
7 229 48 13
22 225 48 19
128 39 48 13
266 221 48 17
254 201 48 4
134 211 48 14
210 44 48 3
195 18 48 14
165 242 48 20
105 45 48 2
157 263 48 18
309 180 48 3
124 308 48 5
84 153 48 6
24 302 48 6
271 15 48 16
276 224 48 7
43 314 48 9
88 163 48 2
35 163 48 10
53 3 48 20
90 208 48 4
36 15 48 7
233 310 48 7
230 17 48 20
111 183 48 2
98 38 48 6
128 80 48 11
72 167 48 13
258 202 48 11
279 150 48 18
247 239 48 13
290 171 48 7
8 299 48 4
90 212 48 12
53 6 48 14
30 103 48 15
231 126 48 19
222 198 48 9
58 35 48 18
57 313 48 15
270 139 48 2
58 112 48 20
72 15 48 14
79 316 48 13
102 52 48 18
203 82 48 20
25 312 48 13
31 113 48 10
100 171 48 20
265 227 48 17
52 76 48 19
185 29 48 19
172 312 48 17
37 74 48 17
113 71 48 8
90 273 48 5
65 297 48 5
165 224 48 17
147 219 48 7
58 167 48 13
178 114 48 12
121 298 48 20
71 49 48 11
35 85 48 20
211 93 48 10
227 78 48 6
219 142 48 3
103 307 48 10
100 137 48 16
266 90 48 2
239 268 48 12
182 72 48 9
154 142 48 14
120 72 48 18
56 283 48 15
61 89 48 4
23 307 48 18
73 306 48 16
30 89 48 12
205 250 48 5
22 172 48 16
269 250 48 19
78 87 48 8
251 102 48 8
88 157 48 18
230 218 48 14
134 136 48 12
179 208 48 13
110 237 48 9
177 21 48 3
229 42 48 10
233 207 48 19
203 284 48 9
315 218 48 19
78 305 48 11
123 219 48 4
256 248 48 7
275 110 48 14
284 115 48 10
276 291 48 6
202 99 48 20
196 227 48 18
122 114 48 9
135 8 48 18
145 297 48 10
311 103 48 20
275 254 48 19
57 212 48 8
47 75 48 10
168 35 48 12
310 132 48 11
73 11 48 5
42 29 48 2
294 163 48 9
131 203 48 17
168 197 48 3
4 155 48 8
86 212 48 8
174 154 48 2
59 5 48 4
131 314 48 16
197 70 48 14
173 111 48 14
159 88 48 4
47 218 48 2
232 282 48 11
202 285 48 13
6 54 48 16
21 123 48 17
6 182 48 6
238 208 48 19
285 88 48 5
238 156 48 15
220 314 48 7
259 257 48 20
185 172 48 13
307 269 48 9
163 170 48 15
127 190 48 9
243 92 48 14
152 13 48 9
167 193 48 8
251 114 48 4
129 229 48 9
307 172 48 13
283 40 48 16
223 30 48 1
132 88 48 14
306 214 48 16
286 141 48 7
240 188 48 15
188 38 48 3
120 184 48 8
103 313 48 17
83 303 48 20
216 165 48 3
203 72 48 8
251 203 48 15
257 192 48 5
32 57 48 13
214 296 48 4
200 64 48 2
62 79 48 9
249 181 48 13
33 263 48 20
304 58 48 20
194 157 48 19
113 91 48 5
16 31 48 4
28 62 48 5
180 171 48 8
99 54 48 19
56 11 48 1
93 260 48 1
21 292 48 16
252 176 48 9
228 53 48 9
62 62 48 16
311 77 48 14
14 104 48 16
90 179 48 2
42 277 48 16
56 229 48 10
45 5 48 17
213 237 48 9
224 173 48 8
189 296 48 8
97 253 48 5
308 247 48 17
234 157 48 8
221 246 48 10
170 183 48 11
173 135 48 19
83 179 48 7
251 287 48 7
79 195 48 11
294 279 48 18
142 59 48 19
154 51 48 9
35 284 48 13
230 84 48 15
76 253 48 17
94 6 48 15
236 88 48 1
66 22 48 20
132 101 48 2
163 290 48 8
276 115 48 6
222 165 48 16
99 199 48 7
131 112 48 10
305 83 48 15
242 72 48 16
100 307 48 15
33 56 48 8
252 84 48 16
245 246 48 6
96 101 48 8
109 7 48 16
281 105 48 10
103 131 48 6
9 16 48 8
63 257 48 4
122 40 48 14
268 284 48 14
15 219 48 9
179 43 48 2
212 138 48 2
43 143 48 20
39 107 48 20
128 209 48 11
225 113 48 14
301 175 48 10
236 192 48 1
269 39 48 1
42 54 48 19
214 128 48 6
211 23 48 11
309 277 48 1
96 211 48 11
200 235 48 20
118 39 48 16
263 23 48 7
32 258 48 6
52 211 48 17
252 148 48 10
39 46 48 1
80 152 48 15
154 144 48 19
55 136 48 2
169 19 48 4
176 32 48 18
192 294 48 5
66 221 48 18
27 168 48 12
239 104 48 20
84 142 48 1
56 221 48 16
262 58 48 20
9 8 48 15
282 177 48 17
157 248 48 20
70 123 48 9
218 84 48 1
308 7 48 8
83 245 48 3
110 225 48 20
78 280 48 20
198 122 48 14
41 130 48 1
19 95 48 17
227 251 48 9
150 216 48 15
50 14 48 11
66 217 48 13
249 299 48 9
220 305 48 9
15 66 48 13
139 159 48 6
4 95 48 7
192 9 48 1
33 235 48 19
225 68 48 10
119 13 48 19
309 78 48 15
293 11 48 2
102 126 48 6
134 36 48 19
26 174 48 6
39 177 48 8
181 265 48 1
101 297 48 11
167 101 48 19
29 115 48 11
115 108 48 1
102 296 48 19
71 293 48 8
240 7 48 15
158 32 48 13
235 71 48 5
303 147 48 1
63 248 48 1
57 310 48 1
15 22 48 20
198 33 48 15
142 134 48 18
96 100 48 3
283 23 48 13
293 180 48 12
57 99 48 10
314 297 48 13
202 43 48 12
179 99 48 13
255 10 48 19
130 207 48 7
220 32 48 4
78 23 48 15
124 305 48 1
72 177 48 12
155 234 48 6
101 231 48 10
193 12 48 16
216 190 48 7
128 129 48 20
62 154 48 6
28 58 48 17
23 135 48 11
117 154 48 19
233 225 48 3
109 275 48 20
82 271 48 10
248 43 48 18
139 258 48 15
25 282 48 11
236 27 48 9
129 55 48 2
53 289 48 20
211 90 48 5
41 218 48 9
260 222 48 3
79 200 48 14
25 131 48 20
298 165 48 6
128 190 48 3
87 5 48 9
95 134 48 3
160 186 48 20
43 81 48 9
187 17 48 6
239 276 48 4
145 251 48 15
6 275 48 13
122 152 48 5
179 279 48 6
97 261 48 11
41 39 48 20
40 198 48 13
223 136 48 1
75 6 48 2
40 244 48 1
227 73 48 7
193 290 48 13
185 95 48 16
26 273 48 3
267 53 48 11
197 94 48 2
260 29 48 19
301 147 48 3
105 117 48 4
242 52 48 16
131 175 48 8
269 51 48 9
50 132 48 16
193 157 48 4
299 3 48 1
246 200 48 14
231 39 48 18
97 23 48 12
311 128 48 4
111 265 48 15
154 79 48 5
165 32 48 12
149 293 48 7
124 65 48 15
56 260 48 5
252 189 48 8
225 315 48 11
18 95 48 9
273 302 48 12
224 308 48 1
122 41 48 19
299 101 48 14
106 145 48 10
44 269 48 15
34 8 48 10
26 259 48 14
218 63 48 16
28 292 48 18
176 144 48 19
32 51 48 2
48 172 48 10
38 50 48 14
272 155 48 3
165 198 48 11
231 127 48 14
240 153 48 16
17 266 48 18
108 189 48 1
190 48 48 16
256 291 48 18
210 234 48 1
99 272 48 3
193 227 48 9
115 287 48 11
201 98 48 1
294 21 48 9
13 38 48 2
6 41 48 10
290 230 48 14
85 66 48 12
142 171 48 10
266 269 48 17
124 41 48 7
137 155 48 1
139 251 48 14
55 228 48 7
232 136 48 12
41 141 48 4
39 10 48 6
296 94 48 3
107 131 48 1
152 81 48 5
48 204 48 14
170 236 48 8
55 58 48 11
36 9 48 2
38 240 48 2
289 176 48 18
161 110 48 4
262 301 48 13
8 92 48 16
240 139 48 16
4 187 48 11
125 252 48 7
297 306 48 20
87 238 48 12
104 275 48 15
153 144 48 19
239 200 48 4
18 145 48 5
102 48 48 4
213 287 48 10
88 186 48 4
63 311 48 20
273 187 48 1
120 273 48 2
188 272 48 1
178 5 48 16
240 243 48 7
200 156 48 3
40 257 48 14
183 50 48 16
148 137 48 5
300 95 48 19
283 51 48 5
151 67 48 5
45 254 48 9
5 11 48 13
108 251 48 11
94 30 48 2
224 281 48 14
193 147 48 15
132 190 48 12
256 173 48 14
167 35 48 9
263 186 48 19
316 126 48 4
220 130 48 18
128 237 48 4
174 14 48 13
59 133 48 13
96 9 48 19
183 140 48 1
302 291 48 13
199 141 48 8
43 300 48 13
165 299 48 14
224 98 48 11
294 121 48 3
193 294 48 12
18 248 48 16
226 27 48 4
57 105 48 15
77 302 48 13
165 81 48 18
288 123 48 5
280 288 48 11
293 91 48 4
223 68 48 8
181 157 48 5
256 174 48 4
255 295 48 18
50 247 48 7
92 7 48 16
5 172 48 12
58 143 48 15
306 3 48 2
220 295 48 16
231 98 48 8
258 278 48 8
262 114 48 13
93 52 48 15
266 314 48 14
228 301 48 12
72 305 48 3
99 46 48 14
41 35 48 16
270 150 48 6
170 64 48 3
137 217 48 13
260 58 48 14
32 150 48 5
310 100 48 18
307 11 48 11
103 294 48 15
69 77 48 1
74 13 48 11
293 283 48 17
175 136 48 12
49 168 48 17
97 111 48 2
258 38 48 4
155 31 48 3
260 234 48 13
138 20 48 3
217 300 48 15
237 58 48 3
291 246 48 1
75 104 48 4
239 49 48 19
199 145 48 5
112 299 48 14
175 137 48 5
21 80 48 18
302 114 48 9
32 226 48 8
262 146 48 1
292 16 48 3
185 91 48 10
108 225 48 18
199 3 48 19
295 114 48 17
9 289 48 9
69 309 48 20
258 190 48 17
46 221 48 2
237 166 48 7
278 38 48 15
36 118 48 13
5 121 48 1
23 3 48 7
293 194 48 12
17 98 48 4
89 62 48 13
136 215 48 2
297 260 48 7
50 76 48 8
161 37 48 5
287 284 48 14
187 289 48 11
207 207 48 13
17 183 48 6
152 95 48 3
156 79 48 12
152 214 48 18
21 90 48 1
7 36 48 1
55 196 48 9
139 166 48 17
237 36 48 5
139 242 48 15
43 154 48 13
37 201 48 15
23 40 48 13
283 87 48 2
228 108 48 16
13 10 48 11
189 64 48 6
85 99 48 19
265 231 48 18
313 53 48 19
251 307 48 8
267 27 48 8
273 262 48 4
41 124 48 6
235 35 48 17
202 259 48 7
100 131 48 18
193 112 48 12
135 60 48 10
112 269 48 6
122 99 48 1
181 50 48 11
124 218 48 12
3 155 48 15
285 73 48 10
253 170 48 16
231 165 48 7
169 41 48 14
100 175 48 17
262 182 48 9
159 303 48 20
259 63 48 13
70 186 48 2
37 85 48 12
24 265 48 16
45 97 48 9
8 224 48 1
314 76 48 9
99 175 48 3
156 120 48 8
164 175 48 6
271 117 48 4
7 186 48 2
173 119 48 2
176 142 48 18
252 82 48 2
288 89 48 17
277 87 48 12
201 81 48 3
196 236 48 18
159 84 48 4
217 38 48 5
20 257 48 18
221 113 48 8
190 288 48 17
3 119 48 18
229 91 48 7
45 263 48 9
149 43 48 17
111 238 48 1
88 293 48 20
136 193 48 9
300 108 48 17
125 13 48 1
69 98 48 9
49 101 48 15
111 13 48 17
261 269 48 11
77 101 48 14
185 211 48 11
1 195 48 19
112 226 48 7
157 105 48 19
141 229 48 19
134 297 48 16
310 30 48 20
288 36 48 4
253 296 48 13
59 268 48 1
224 136 48 20
311 137 48 18
269 144 48 19
104 196 48 11
258 233 48 19
4 50 48 12
267 255 48 17
211 226 48 4
62 58 48 19
182 117 48 2
87 24 48 1
310 230 48 5
95 183 48 13
1 182 48 16
11 19 48 4
145 22 48 13
