1000 100
51 97 120 10
302 211 120 5
72 168 120 18
118 195 120 6
74 305 120 15
94 195 120 18
7 131 120 10
242 39 120 16
221 277 120 11
200 105 120 13
186 51 120 1
8 36 120 12
216 3 120 11
273 121 120 9
127 90 120 5
153 79 120 4
122 297 120 18
227 222 120 13
162 22 120 13
268 221 120 5
133 303 120 15
305 206 120 7
268 105 120 13
82 62 120 9
91 84 120 14
299 236 120 12
70 254 120 1
184 60 120 6
124 118 120 8
132 69 120 12
244 201 120 2
90 86 120 19
184 249 120 8
281 227 120 17
77 213 120 20
279 91 120 3
138 161 120 16
294 28 120 20
252 47 120 17
19 178 120 9
218 105 120 2
300 90 120 15
58 274 120 19
133 238 120 1
269 210 120 17
172 68 120 12
207 206 120 20
178 79 120 3
209 14 120 13
41 244 120 2
154 42 120 6
151 25 120 19
129 82 120 20
251 215 120 13
284 63 120 15
108 131 120 10
23 21 120 3
310 94 120 14
204 199 120 11
144 239 120 11
157 76 120 16
170 122 120 8
169 250 120 17
124 185 120 11
213 48 120 6
299 51 120 4
32 74 120 4
183 279 120 9
96 63 120 15
22 206 120 10
88 259 120 1
195 8 120 11
114 176 120 4
223 196 120 8
229 92 120 19
194 286 120 10
289 1 120 3
300 79 120 9
89 174 120 11
287 92 120 13
92 179 120 3
185 58 120 10
295 67 120 10
22 289 120 9
146 98 120 16
316 291 120 9
221 264 120 9
95 143 120 20
40 127 120 5
150 98 120 20
46 85 120 11
200 165 120 8
154 143 120 18
71 165 120 7
291 206 120 20
74 205 120 18
142 6 120 9
106 312 120 16
45 35 120 10
158 185 120 3
45 230 120 8
7 10 120 16
26 163 120 15
8 129 120 11
174 103 120 12
121 72 120 16
254 213 120 17
19 214 120 13
138 259 120 3
279 312 120 19
306 40 120 5
313 47 120 2
168 284 120 8
62 187 120 8
16 256 120 6
279 272 120 1
11 210 120 1
63 124 120 14
111 157 120 20
90 119 120 15
40 4 120 11
12 316 120 17
309 64 120 12
136 21 120 3
199 37 120 10
48 211 120 10
284 221 120 11
100 180 120 6
238 186 120 18
1 275 120 8
288 211 120 12
298 222 120 7
250 215 120 10
65 246 120 15
279 129 120 15
117 72 120 9
122 40 120 18
124 35 120 5
41 272 120 6
218 169 120 1
197 140 120 11
76 121 120 12
167 54 120 2
4 14 120 4
74 293 120 12
76 305 120 3
77 110 120 10
90 129 120 5
282 169 120 12
27 70 120 20
259 162 120 15
69 134 120 7
101 300 120 4
242 199 120 18
313 169 120 10
304 244 120 10
155 216 120 11
256 305 120 11
76 166 120 19
168 193 120 8
111 31 120 1
90 100 120 10
188 200 120 9
236 21 120 12
297 18 120 4
230 5 120 11
151 55 120 11
289 311 120 3
27 70 120 13
145 133 120 17
228 140 120 15
52 229 120 2
10 312 120 5
162 231 120 14
197 211 120 15
84 20 120 15
215 66 120 18
245 38 120 20
55 276 120 1
135 104 120 14
199 227 120 5
82 175 120 13
275 80 120 4
248 241 120 7
241 122 120 13
147 205 120 17
269 315 120 6
130 139 120 12
197 194 120 15
230 224 120 15
291 107 120 9
279 188 120 11
287 42 120 18
290 185 120 11
208 5 120 4
21 47 120 20
65 212 120 11
174 25 120 17
5 118 120 14
112 243 120 2
6 217 120 8
234 75 120 19
5 45 120 16
66 230 120 5
52 122 120 1
159 38 120 8
263 102 120 3
153 275 120 3
77 280 120 20
195 75 120 6
220 292 120 14
247 105 120 8
145 5 120 4
192 71 120 6
212 18 120 19
29 73 120 8
312 19 120 1
70 67 120 3
64 143 120 18
176 233 120 20
5 32 120 19
51 278 120 4
170 2 120 12
126 194 120 6
311 301 120 8
89 225 120 8
116 220 120 18
140 185 120 20
122 249 120 2
280 4 120 7
91 8 120 18
90 58 120 20
193 124 120 5
196 249 120 18
166 243 120 15
153 227 120 15
108 238 120 19
81 61 120 7
224 78 120 7
301 41 120 18
295 132 120 14
5 117 120 11
204 309 120 6
88 84 120 6
274 145 120 16
128 193 120 6
206 300 120 15
84 64 120 11
43 183 120 1
145 168 120 1
251 42 120 12
48 46 120 4
10 249 120 12
200 233 120 20
113 86 120 12
165 213 120 9
126 314 120 8
221 82 120 16
271 20 120 6
83 164 120 9
252 98 120 3
27 41 120 16
23 51 120 9
118 146 120 5
297 258 120 18
201 106 120 6
85 128 120 7
60 244 120 20
203 198 120 11
5 281 120 11
289 112 120 4
299 138 120 5
251 56 120 15
31 174 120 12
255 50 120 13
248 250 120 15
33 230 120 14
131 290 120 13
311 72 120 14
89 76 120 2
243 261 120 17
179 243 120 19
155 73 120 6
77 315 120 19
144 149 120 17
48 292 120 14
58 220 120 20
91 35 120 9
263 29 120 12
105 13 120 4
18 256 120 12
43 118 120 10
205 272 120 15
214 244 120 1
81 71 120 10
209 118 120 13
270 72 120 1
141 58 120 11
197 5 120 19
221 109 120 11
4 22 120 18
259 64 120 3
124 164 120 2
274 62 120 1
3 142 120 19
196 246 120 5
260 199 120 20
228 236 120 9
230 12 120 5
156 128 120 13
199 27 120 15
76 285 120 6
71 305 120 10
232 262 120 7
5 160 120 20
59 39 120 5
231 195 120 7
158 2 120 6
143 232 120 10
27 283 120 5
20 61 120 12
246 137 120 12
219 103 120 20
40 18 120 14
238 234 120 9
53 293 120 16
113 207 120 18
56 261 120 15
129 299 120 10
110 9 120 1
219 240 120 9
38 169 120 5
37 284 120 11
25 7 120 13
170 141 120 10
158 193 120 10
185 306 120 1
198 257 120 9
1 69 120 15
246 75 120 3
142 293 120 11
311 226 120 7
299 158 120 6
286 78 120 1
186 247 120 13
3 301 120 17
113 65 120 14
9 263 120 10
61 263 120 19
199 88 120 1
241 126 120 13
207 120 120 14
238 314 120 11
235 283 120 13
239 152 120 11
279 155 120 7
92 163 120 8
105 67 120 2
59 127 120 20
293 9 120 7
181 249 120 20
45 140 120 19
30 273 120 13
172 191 120 7
288 10 120 11
231 184 120 1
53 171 120 7
256 276 120 13
89 230 120 3
184 102 120 15
263 282 120 19
46 222 120 10
53 251 120 6
269 2 120 9
31 186 120 14
157 312 120 9
121 48 120 16
143 304 120 19
231 76 120 16
25 156 120 9
143 314 120 6
90 43 120 19
71 307 120 13
9 155 120 2
33 186 120 15
66 238 120 6
282 43 120 10
37 81 120 5
175 312 120 12
14 232 120 11
62 59 120 12
75 148 120 11
309 114 120 1
57 122 120 12
123 154 120 13
269 219 120 14
307 81 120 8
76 13 120 1
44 188 120 16
299 201 120 15
290 263 120 5
277 233 120 4
203 226 120 14
120 282 120 19
87 300 120 13
239 149 120 15
208 139 120 15
220 110 120 20
312 49 120 7
191 243 120 3
89 216 120 17
258 73 120 14
153 171 120 3
162 186 120 16
189 272 120 16
265 90 120 12
243 298 120 18
198 97 120 3
269 92 120 3
107 282 120 9
41 266 120 5
238 207 120 1
247 256 120 7
165 313 120 9
156 185 120 4
235 29 120 6
254 168 120 11
95 49 120 15
257 213 120 10
151 215 120 11
288 255 120 12
8 72 120 11
224 2 120 10
294 62 120 10
234 218 120 15
26 32 120 15
119 182 120 18
89 276 120 10
155 113 120 18
312 263 120 12
226 234 120 15
89 137 120 6
55 44 120 16
276 22 120 1
178 255 120 14
56 176 120 6
278 190 120 15
36 278 120 10
157 12 120 14
175 219 120 1
302 128 120 2
52 113 120 11
190 167 120 18
225 127 120 15
5 200 120 18
215 151 120 1
36 112 120 11
142 147 120 20
315 200 120 16
73 270 120 14
305 255 120 18
138 307 120 2
4 76 120 8
230 300 120 14
160 200 120 1
137 310 120 3
290 29 120 19
212 66 120 5
307 65 120 12
98 33 120 9
108 21 120 8
141 54 120 6
286 270 120 9
281 183 120 12
195 238 120 15
307 271 120 9
150 244 120 13
104 35 120 19
100 25 120 3
296 123 120 19
24 126 120 11
111 266 120 20
296 235 120 17
240 95 120 3
63 289 120 13
298 176 120 3
210 9 120 6
46 112 120 12
264 107 120 4
126 298 120 14
232 6 120 11
42 12 120 8
14 308 120 2
254 127 120 1
45 190 120 17
181 67 120 12
271 276 120 12
288 5 120 3
235 165 120 10
206 186 120 15
196 102 120 20
310 39 120 20
270 52 120 11
43 306 120 13
227 246 120 18
176 6 120 20
87 276 120 19
115 143 120 8
253 61 120 16
182 162 120 13
305 41 120 2
12 247 120 13
151 200 120 12
177 138 120 13
14 49 120 18
251 120 120 19
239 102 120 2
185 216 120 20
32 153 120 8
255 230 120 18
244 114 120 14
17 126 120 12
41 172 120 15
13 245 120 1
185 258 120 9
183 192 120 16
185 10 120 17
147 195 120 1
146 122 120 1
206 273 120 10
111 200 120 12
56 112 120 9
40 49 120 20
10 61 120 16
14 141 120 1
278 7 120 17
29 192 120 2
198 234 120 8
266 63 120 10
66 268 120 14
307 62 120 5
30 14 120 12
194 53 120 20
6 274 120 12
165 184 120 13
266 145 120 7
34 70 120 10
127 267 120 3
99 112 120 14
192 73 120 13
137 275 120 7
281 305 120 20
220 78 120 4
104 83 120 13
259 248 120 4
239 93 120 13
122 22 120 6
91 148 120 12
294 246 120 11
139 17 120 15
147 49 120 13
217 13 120 1
196 129 120 15
19 128 120 17
220 70 120 12
79 205 120 20
83 10 120 13
156 100 120 9
287 289 120 18
213 7 120 11
107 154 120 19
172 54 120 20
224 146 120 4
250 164 120 3
255 279 120 16
190 42 120 20
114 20 120 13
58 72 120 5
46 42 120 17
280 151 120 8
6 257 120 1
96 8 120 18
199 128 120 15
222 61 120 3
56 315 120 13
172 189 120 14
175 198 120 6
188 255 120 5
92 301 120 2
72 160 120 12
271 61 120 5
203 156 120 4
189 251 120 3
3 156 120 8
193 212 120 2
242 279 120 2
227 137 120 19
20 8 120 2
96 311 120 14
214 67 120 13
165 233 120 9
269 120 120 12
65 204 120 14
199 206 120 10
78 295 120 9
168 116 120 19
25 26 120 11
80 46 120 11
285 37 120 1
158 250 120 11
298 99 120 20
286 263 120 7
9 223 120 2
87 106 120 11
112 79 120 5
32 246 120 20
230 271 120 10
144 34 120 11
278 2 120 19
91 55 120 5
181 36 120 3
188 217 120 5
210 225 120 8
15 207 120 5
26 2 120 11
226 33 120 1
14 158 120 19
39 198 120 12
5 159 120 13
7 145 120 15
155 10 120 14
85 197 120 6
174 303 120 14
169 213 120 17
269 238 120 18
131 148 120 11
135 57 120 12
93 307 120 13
296 207 120 8
80 213 120 16
130 264 120 1
215 244 120 14
96 101 120 20
202 165 120 20
198 117 120 18
91 144 120 5
17 278 120 17
313 267 120 11
69 142 120 1
300 118 120 5
256 247 120 8
220 42 120 4
65 33 120 8
4 234 120 9
260 11 120 1
17 102 120 4
133 14 120 2
305 10 120 12
47 291 120 5
99 274 120 2
155 213 120 1
263 13 120 2
194 77 120 6
225 293 120 16
1 132 120 6
106 44 120 19
37 176 120 13
142 60 120 10
197 106 120 4
290 100 120 14
79 254 120 14
115 96 120 18
88 289 120 11
94 94 120 11
229 94 120 10
270 95 120 5
97 132 120 12
149 273 120 15
210 154 120 8
142 23 120 19
31 101 120 16
28 112 120 16
38 199 120 12
20 292 120 5
294 100 120 15
279 54 120 1
95 46 120 12
298 194 120 17
140 299 120 10
87 124 120 16
29 154 120 4
224 78 120 19
199 115 120 14
43 30 120 1
83 219 120 17
9 181 120 10
30 171 120 19
181 48 120 4
185 83 120 10
26 169 120 18
101 93 120 3
173 316 120 8
39 95 120 2
104 137 120 15
41 115 120 5
289 124 120 5
170 49 120 19
96 125 120 6
111 310 120 16
108 19 120 20
229 16 120 12
84 188 120 8
227 226 120 10
169 226 120 2
247 266 120 20
16 134 120 11
72 303 120 7
299 294 120 8
152 88 120 1
88 195 120 7
87 4 120 2
283 299 120 17
270 105 120 7
139 169 120 4
40 100 120 5
55 115 120 14
194 186 120 8
276 64 120 5
63 216 120 20
159 199 120 14
170 285 120 5
195 147 120 15
304 100 120 12
218 134 120 8
41 173 120 19
25 228 120 1
142 1 120 19
141 172 120 10
13 235 120 5
76 289 120 7
125 142 120 20
74 21 120 2
4 8 120 6
39 121 120 7
243 161 120 12
125 185 120 7
122 222 120 7
96 46 120 10
237 270 120 20
70 29 120 13
100 49 120 14
99 122 120 18
141 126 120 1
282 60 120 1
136 302 120 13
163 7 120 9
101 128 120 6
251 223 120 11
257 39 120 8
76 4 120 8
184 104 120 17
118 98 120 6
71 134 120 15
140 311 120 3
12 131 120 8
45 189 120 10
261 186 120 1
279 120 120 19
237 272 120 6
149 244 120 17
300 111 120 20
184 228 120 14
86 195 120 15
8 18 120 6
306 241 120 16
274 285 120 4
143 230 120 9
36 88 120 9
46 220 120 20
307 52 120 7
256 36 120 14
203 115 120 13
144 200 120 3
219 208 120 8
184 197 120 9
279 50 120 17
246 89 120 14
295 20 120 17
147 65 120 17
166 268 120 12
113 207 120 15
170 93 120 10
246 133 120 13
305 35 120 4
172 218 120 5
68 76 120 14
145 217 120 2
134 195 120 5
107 237 120 10
299 299 120 13
122 95 120 11
297 160 120 15
270 89 120 19
22 289 120 17
298 145 120 18
246 108 120 17
243 252 120 6
225 70 120 16
225 72 120 17
82 266 120 7
310 71 120 17
112 263 120 20
219 216 120 8
37 238 120 5
206 115 120 1
275 44 120 12
212 182 120 8
49 90 120 13
292 211 120 4
140 292 120 5
182 286 120 11
214 293 120 6
89 91 120 9
265 128 120 14
309 17 120 4
77 187 120 7
56 82 120 5
183 26 120 2
63 2 120 12
122 141 120 8
130 219 120 17
209 116 120 5
130 205 120 16
266 49 120 15
220 253 120 15
183 13 120 13
190 280 120 15
62 147 120 20
235 209 120 17
199 227 120 18
138 40 120 4
258 248 120 11
250 273 120 11
17 223 120 11
227 22 120 15
245 204 120 7
134 289 120 7
316 246 120 13
207 61 120 9
100 259 120 19
133 292 120 11
280 233 120 10
226 62 120 11
273 79 120 5
51 201 120 2
294 130 120 13
128 159 120 6
242 158 120 15
290 48 120 3
23 147 120 1
297 175 120 20
295 34 120 4
121 156 120 10
219 112 120 12
119 58 120 16
40 247 120 9
60 271 120 11
53 196 120 8
188 66 120 4
170 88 120 2
307 68 120 1
102 259 120 18
26 63 120 13
11 177 120 20
286 295 120 10
233 18 120 8
102 289 120 2
232 26 120 10
204 213 120 15
15 278 120 18
288 268 120 17
316 266 120 3
62 291 120 9
174 197 120 13
294 62 120 3
155 190 120 16
54 291 120 9
12 207 120 6
61 306 120 2
175 4 120 19
272 291 120 11
120 291 120 8
123 248 120 14
83 1 120 18
8 294 120 11
122 28 120 20
150 294 120 15
150 305 120 17
175 261 120 2
308 119 120 17
86 286 120 11
28 89 120 17
235 211 120 12
312 190 120 5
269 93 120 10
183 110 120 14
287 259 120 11
49 304 120 15
17 162 120 15
186 49 120 9
42 31 120 14
84 58 120 18
313 189 120 5
52 184 120 14
108 33 120 10
38 215 120 15
207 81 120 18
141 129 120 5
171 41 120 15
145 226 120 15
237 163 120 17
194 143 120 3
135 35 120 11
287 86 120 2
208 90 120 18
9 127 120 1
132 17 120 1
197 53 120 14
145 223 120 14
255 51 120 8
310 183 120 10
78 272 120 20
116 90 120 6
26 61 120 12
120 268 120 9
141 173 120 19
273 304 120 19
170 80 120 7
91 224 120 9
264 59 120 3
31 52 120 5
69 25 120 12
36 141 120 1
250 166 120 9
233 181 120 9
201 6 120 9
295 278 120 8
89 27 120 11
147 117 120 6
111 65 120 8
125 307 120 11
5 59 120 4
52 307 120 20
292 136 120 9
69 264 120 6
113 148 120 19
13 126 120 8
8 110 120 15
82 256 120 11
63 50 120 15
211 174 120 14
93 74 120 16
316 125 120 14
259 312 120 13
52 64 120 16
25 72 120 3
3 296 120 20
154 303 120 9
16 68 120 8
207 27 120 13
41 237 120 10
78 225 120 11
174 121 120 11
155 63 120 11
168 114 120 18
231 138 120 2
234 36 120 1
149 190 120 16
70 101 120 3
245 307 120 5
50 244 120 17
27 5 120 10
290 178 120 18
256 229 120 20
218 80 120 10
36 206 120 19
29 123 120 11
213 168 120 12
68 133 120 4
203 273 120 3
47 6 120 14
236 245 120 18
121 114 120 16
126 265 120 20
89 63 120 3
166 98 120 12
277 126 120 11
107 234 120 18
126 198 120 18
141 84 120 14
