1000 142
97 33 84 12
152 23 84 11
312 55 84 7
259 225 84 13
62 201 84 20
16 3 84 10
183 277 84 8
199 84 84 11
147 41 84 9
62 274 84 3
304 266 84 19
11 102 84 5
46 309 84 15
64 147 84 3
88 209 84 3
127 120 84 18
157 198 84 10
136 80 84 1
210 122 84 14
154 79 84 3
84 66 84 12
258 289 84 1
34 18 84 5
180 81 84 12
130 168 84 20
281 295 84 11
118 31 84 4
127 62 84 3
8 271 84 20
37 109 84 14
23 88 84 20
66 242 84 16
211 275 84 5
31 35 84 17
210 164 84 12
281 128 84 2
155 141 84 8
226 268 84 17
272 171 84 4
227 207 84 4
157 125 84 15
152 190 84 12
15 84 84 3
211 11 84 1
171 220 84 20
194 185 84 4
304 235 84 20
127 145 84 11
12 100 84 5
63 223 84 19
118 275 84 3
260 6 84 13
224 20 84 16
146 230 84 18
102 84 84 2
221 173 84 10
48 56 84 12
16 183 84 8
250 90 84 16
235 48 84 14
109 61 84 16
4 216 84 13
300 123 84 12
47 268 84 5
121 265 84 12
310 66 84 4
263 113 84 4
134 24 84 18
46 274 84 7
57 88 84 10
82 92 84 14
169 95 84 13
157 78 84 20
164 21 84 7
84 141 84 4
195 30 84 1
162 292 84 13
185 5 84 1
286 50 84 6
160 2 84 13
293 83 84 12
274 147 84 19
51 303 84 4
266 46 84 4
116 25 84 8
127 219 84 17
203 277 84 4
288 41 84 9
184 11 84 2
145 66 84 8
193 43 84 2
16 212 84 9
146 158 84 3
38 107 84 17
265 119 84 1
109 141 84 12
85 28 84 20
145 315 84 20
209 78 84 2
6 118 84 12
17 310 84 6
111 221 84 13
247 51 84 15
265 88 84 13
13 248 84 3
314 40 84 12
201 21 84 19
260 61 84 1
147 269 84 18
153 274 84 7
224 291 84 8
233 297 84 20
137 123 84 18
95 71 84 9
160 296 84 5
26 189 84 16
33 73 84 20
279 16 84 20
103 58 84 16
216 210 84 2
130 13 84 4
249 245 84 4
273 66 84 14
30 56 84 8
87 215 84 3
287 137 84 19
106 65 84 19
262 240 84 2
57 238 84 8
225 138 84 1
142 163 84 2
33 96 84 6
220 264 84 19
109 189 84 7
280 171 84 17
115 141 84 9
33 143 84 10
24 88 84 13
241 144 84 6
96 264 84 11
57 89 84 2
30 121 84 9
247 236 84 20
110 240 84 4
28 100 84 11
56 110 84 15
221 142 84 13
30 61 84 16
78 302 84 4
259 293 84 11
262 245 84 4
111 274 84 12
163 101 84 12
266 210 84 7
137 237 84 6
179 292 84 3
258 92 84 9
162 17 84 9
154 306 84 18
185 249 84 15
59 90 84 19
22 96 84 17
214 258 84 13
9 103 84 18
255 239 84 10
181 314 84 5
215 151 84 13
75 312 84 17
208 149 84 7
221 229 84 11
211 184 84 8
130 101 84 11
114 314 84 8
302 218 84 10
279 157 84 12
176 21 84 17
260 131 84 19
16 206 84 3
105 309 84 15
79 213 84 20
301 108 84 7
296 133 84 3
70 142 84 17
313 127 84 2
26 89 84 6
189 160 84 14
34 103 84 1
240 15 84 6
126 119 84 18
161 197 84 18
216 181 84 9
138 56 84 9
160 21 84 18
76 17 84 8
314 254 84 16
183 126 84 11
73 159 84 10
305 295 84 4
110 104 84 10
119 160 84 18
24 59 84 6
249 92 84 1
185 252 84 17
263 11 84 17
46 220 84 18
234 299 84 7
160 55 84 6
189 43 84 12
232 48 84 19
289 166 84 15
122 189 84 9
135 17 84 9
99 98 84 16
295 44 84 10
191 89 84 14
24 218 84 12
299 62 84 10
208 250 84 16
199 62 84 11
189 246 84 8
127 52 84 8
232 82 84 9
216 77 84 2
31 55 84 17
68 246 84 1
9 165 84 11
144 147 84 8
17 250 84 13
144 132 84 10
2 5 84 8
25 27 84 7
29 258 84 12
49 53 84 16
270 83 84 15
10 151 84 16
154 55 84 16
200 199 84 15
203 111 84 16
36 255 84 12
245 152 84 4
280 73 84 6
262 101 84 8
10 149 84 16
257 314 84 19
243 7 84 17
54 56 84 7
30 256 84 17
48 38 84 20
315 73 84 2
294 2 84 13
173 177 84 9
79 123 84 1
34 28 84 17
145 284 84 18
23 211 84 4
263 264 84 16
242 293 84 19
314 236 84 8
181 131 84 13
302 108 84 6
51 177 84 14
291 151 84 8
108 184 84 7
72 12 84 11
246 247 84 9
5 193 84 20
136 14 84 9
206 12 84 8
210 88 84 6
182 286 84 6
155 20 84 10
304 206 84 8
52 313 84 3
246 69 84 2
304 314 84 16
152 2 84 13
264 34 84 18
248 135 84 9
47 240 84 17
81 105 84 14
14 259 84 13
123 143 84 14
66 194 84 19
192 19 84 15
225 219 84 20
189 54 84 9
241 1 84 18
306 144 84 17
279 191 84 12
23 167 84 17
264 180 84 7
312 198 84 17
145 263 84 2
291 34 84 5
85 258 84 11
192 130 84 20
197 266 84 5
130 256 84 12
302 218 84 18
294 136 84 12
178 295 84 11
112 290 84 4
189 14 84 10
38 305 84 19
222 73 84 17
308 161 84 18
28 253 84 8
276 66 84 3
35 264 84 4
301 241 84 7
312 314 84 5
83 109 84 2
50 297 84 11
176 19 84 15
122 136 84 8
118 128 84 20
140 51 84 8
215 10 84 1
125 44 84 8
148 240 84 12
202 132 84 17
234 214 84 2
239 159 84 14
153 18 84 16
268 36 84 12
35 153 84 3
278 292 84 1
37 86 84 18
281 106 84 9
53 149 84 1
276 34 84 8
285 267 84 1
298 85 84 7
291 238 84 9
199 85 84 12
138 119 84 4
100 80 84 8
112 116 84 9
29 292 84 3
305 240 84 11
189 200 84 5
204 64 84 7
12 45 84 20
295 19 84 17
279 113 84 13
194 146 84 19
49 245 84 2
304 252 84 1
225 280 84 8
251 269 84 12
5 37 84 7
5 137 84 10
272 148 84 10
203 22 84 4
267 196 84 9
99 73 84 14
261 18 84 7
186 217 84 14
122 125 84 6
245 271 84 2
188 276 84 10
226 280 84 10
11 131 84 14
52 229 84 19
112 75 84 3
180 69 84 19
289 13 84 12
11 198 84 9
197 215 84 9
134 144 84 8
131 227 84 7
268 137 84 10
122 43 84 17
123 95 84 17
41 102 84 8
51 177 84 4
30 149 84 5
25 56 84 2
133 252 84 5
154 281 84 12
25 95 84 14
67 258 84 2
72 63 84 5
316 81 84 11
157 18 84 4
72 280 84 16
267 309 84 8
159 230 84 7
249 46 84 10
133 95 84 10
56 15 84 20
309 81 84 14
175 153 84 16
83 152 84 17
297 204 84 10
192 275 84 13
159 122 84 2
274 280 84 3
25 108 84 20
26 240 84 19
308 295 84 13
263 184 84 2
160 254 84 6
16 232 84 1
164 108 84 5
117 299 84 15
245 37 84 16
262 310 84 4
88 18 84 3
276 44 84 15
242 247 84 5
222 89 84 8
179 249 84 5
184 160 84 12
25 7 84 11
281 19 84 1
75 159 84 13
95 105 84 15
290 192 84 12
276 151 84 15
82 288 84 13
183 90 84 10
258 268 84 18
271 32 84 13
198 268 84 15
233 232 84 1
145 306 84 7
94 296 84 3
36 269 84 11
207 125 84 5
2 206 84 5
254 284 84 10
279 226 84 5
236 180 84 16
248 273 84 15
266 189 84 18
198 18 84 20
185 7 84 15
275 42 84 12
137 144 84 20
46 41 84 17
242 191 84 17
211 153 84 18
239 73 84 9
87 216 84 1
97 166 84 18
23 259 84 19
46 127 84 9
48 298 84 2
3 118 84 13
294 163 84 14
159 88 84 20
203 194 84 12
260 117 84 4
288 99 84 4
272 195 84 5
129 217 84 19
215 158 84 14
203 206 84 11
232 104 84 4
89 294 84 7
198 136 84 6
181 234 84 20
316 177 84 16
104 44 84 18
211 315 84 12
275 24 84 9
281 134 84 6
206 21 84 11
216 252 84 19
240 236 84 16
6 117 84 11
175 193 84 20
118 193 84 12
177 296 84 15
18 86 84 13
266 44 84 4
98 220 84 6
299 110 84 6
74 221 84 17
268 40 84 13
123 45 84 9
221 116 84 6
24 233 84 14
215 94 84 1
29 7 84 18
53 272 84 1
313 53 84 20
74 36 84 1
67 5 84 2
207 272 84 17
163 290 84 6
236 194 84 1
185 217 84 13
222 11 84 10
238 251 84 17
23 303 84 16
63 195 84 9
110 268 84 20
163 230 84 12
16 17 84 15
224 75 84 12
161 310 84 5
213 74 84 5
78 295 84 3
35 112 84 13
211 134 84 11
131 196 84 2
211 202 84 1
10 260 84 15
25 171 84 7
311 78 84 13
254 239 84 3
286 31 84 8
114 4 84 7
268 251 84 6
252 145 84 16
222 171 84 15
283 65 84 16
296 286 84 19
118 310 84 5
168 304 84 3
292 137 84 9
94 2 84 3
182 115 84 19
248 278 84 17
5 213 84 5
212 119 84 8
195 85 84 16
170 276 84 18
89 289 84 7
177 140 84 7
239 116 84 19
223 105 84 9
30 286 84 3
260 113 84 5
4 118 84 13
104 225 84 3
163 315 84 16
79 169 84 11
280 257 84 8
54 117 84 7
132 40 84 18
139 158 84 3
147 187 84 8
269 26 84 1
145 29 84 10
22 133 84 18
124 191 84 5
311 165 84 1
38 128 84 17
53 78 84 9
103 209 84 20
269 243 84 18
119 73 84 8
150 238 84 18
190 66 84 6
243 87 84 18
309 211 84 13
165 101 84 5
293 34 84 17
257 86 84 14
21 189 84 14
249 37 84 17
2 51 84 1
257 96 84 14
118 182 84 16
220 108 84 10
137 312 84 4
37 160 84 13
102 136 84 6
190 76 84 4
39 309 84 12
308 241 84 8
292 242 84 18
245 78 84 17
14 196 84 6
269 99 84 6
191 131 84 17
218 64 84 1
30 165 84 20
88 250 84 12
231 288 84 4
142 279 84 20
301 151 84 17
90 291 84 2
290 304 84 17
40 257 84 7
109 131 84 10
173 32 84 13
81 274 84 17
21 257 84 6
248 171 84 9
47 208 84 3
298 88 84 9
158 177 84 15
95 150 84 19
124 85 84 3
146 193 84 9
195 50 84 12
307 26 84 5
163 258 84 17
268 85 84 11
240 131 84 6
175 112 84 5
259 165 84 1
214 260 84 3
156 279 84 7
146 108 84 12
266 199 84 9
313 189 84 14
2 248 84 4
158 95 84 20
65 19 84 19
282 193 84 18
167 135 84 15
123 244 84 10
229 295 84 4
104 124 84 7
171 73 84 17
183 70 84 2
220 283 84 9
199 20 84 7
263 84 84 1
249 262 84 17
30 8 84 16
292 130 84 3
77 43 84 6
140 146 84 9
207 212 84 18
155 78 84 7
84 297 84 1
48 76 84 8
3 234 84 8
187 166 84 9
248 195 84 8
127 67 84 1
145 143 84 7
38 179 84 12
55 281 84 7
40 15 84 4
306 99 84 13
118 42 84 12
265 44 84 17
180 127 84 18
252 58 84 4
15 80 84 18
120 120 84 13
162 158 84 11
34 108 84 19
12 147 84 5
68 32 84 11
316 149 84 17
7 97 84 8
143 173 84 6
232 108 84 11
307 123 84 6
237 138 84 6
101 299 84 15
143 228 84 14
149 240 84 12
169 203 84 7
184 98 84 7
28 316 84 3
23 142 84 11
145 269 84 11
7 259 84 1
265 179 84 2
10 175 84 4
124 1 84 8
29 149 84 11
292 214 84 1
270 81 84 18
292 4 84 17
94 26 84 10
69 66 84 18
47 73 84 16
147 233 84 11
280 242 84 5
291 49 84 10
2 289 84 2
164 264 84 19
108 217 84 3
253 192 84 18
293 285 84 16
54 249 84 1
187 295 84 17
55 21 84 17
101 196 84 18
5 171 84 14
226 68 84 10
280 232 84 9
126 23 84 17
53 172 84 4
194 44 84 1
257 98 84 17
70 180 84 16
270 234 84 20
283 18 84 20
220 23 84 2
102 248 84 1
271 107 84 12
72 129 84 3
300 181 84 6
300 270 84 13
268 211 84 18
168 280 84 6
259 233 84 15
55 95 84 5
258 315 84 19
211 312 84 6
19 266 84 9
271 233 84 1
125 113 84 9
150 96 84 18
114 47 84 20
176 214 84 19
313 53 84 4
263 3 84 2
231 260 84 8
117 154 84 19
147 68 84 5
179 234 84 1
23 42 84 1
259 87 84 4
132 201 84 2
216 272 84 4
158 164 84 4
229 110 84 6
79 25 84 5
138 141 84 18
297 183 84 5
197 45 84 7
13 279 84 8
258 221 84 3
281 37 84 7
247 148 84 6
110 201 84 9
237 114 84 10
50 88 84 6
18 225 84 3
35 101 84 5
119 297 84 6
17 310 84 12
273 251 84 5
299 111 84 13
105 41 84 16
78 46 84 12
2 178 84 17
247 123 84 4
201 36 84 13
191 70 84 9
259 85 84 10
56 313 84 19
28 269 84 5
220 147 84 11
132 147 84 4
87 224 84 5
138 121 84 11
303 52 84 13
238 148 84 1
82 234 84 2
27 176 84 2
164 128 84 7
294 155 84 15
254 270 84 18
220 85 84 12
227 67 84 16
72 204 84 4
94 190 84 11
134 112 84 2
314 89 84 7
40 115 84 15
61 174 84 18
79 151 84 12
50 300 84 1
167 204 84 9
10 10 84 11
77 81 84 18
161 70 84 20
295 204 84 11
53 97 84 3
147 136 84 6
313 93 84 3
186 171 84 18
109 220 84 17
301 282 84 4
157 188 84 10
79 264 84 2
101 4 84 20
104 195 84 7
218 247 84 15
104 77 84 19
1 286 84 19
72 51 84 13
189 56 84 17
77 40 84 10
277 93 84 13
274 171 84 13
247 167 84 12
186 270 84 14
116 171 84 12
143 171 84 1
97 171 84 14
247 138 84 4
147 10 84 3
267 87 84 11
37 47 84 7
309 216 84 1
109 42 84 16
125 228 84 5
18 239 84 4
158 277 84 2
270 57 84 8
247 303 84 14
170 30 84 7
149 296 84 17
63 16 84 7
69 221 84 6
141 225 84 20
64 33 84 3
153 263 84 17
96 104 84 14
105 57 84 2
180 199 84 13
181 52 84 18
88 200 84 5
80 262 84 5
15 226 84 13
60 51 84 17
43 10 84 14
253 162 84 16
70 153 84 15
163 153 84 3
312 17 84 13
240 93 84 20
301 180 84 20
238 260 84 9
190 170 84 15
46 125 84 1
126 168 84 10
135 104 84 12
90 173 84 16
44 19 84 9
54 227 84 9
262 150 84 17
102 31 84 13
37 268 84 4
233 141 84 17
235 186 84 17
287 207 84 8
245 26 84 20
48 11 84 12
215 55 84 15
219 4 84 5
239 162 84 2
248 263 84 4
224 299 84 19
251 111 84 19
131 30 84 20
31 212 84 7
99 140 84 4
270 187 84 14
193 298 84 16
31 200 84 20
307 19 84 9
101 266 84 15
136 69 84 17
123 3 84 3
145 29 84 20
37 59 84 20
31 157 84 3
50 110 84 10
291 199 84 7
271 125 84 14
150 116 84 12
190 216 84 9
176 35 84 5
40 53 84 15
226 198 84 19
126 234 84 10
237 264 84 6
171 209 84 20
188 183 84 2
186 33 84 6
280 78 84 9
75 267 84 4
136 22 84 15
264 61 84 11
291 183 84 20
29 308 84 5
38 228 84 12
308 82 84 4
163 166 84 19
216 247 84 11
289 210 84 1
162 181 84 7
145 212 84 17
59 55 84 5
26 29 84 15
189 270 84 10
166 203 84 17
197 90 84 11
225 252 84 4
227 47 84 18
261 232 84 12
57 77 84 16
16 221 84 11
100 280 84 13
36 305 84 14
155 73 84 7
264 134 84 1
285 15 84 11
283 135 84 18
130 45 84 13
119 305 84 4
2 258 84 12
277 273 84 20
131 268 84 15
40 303 84 7
189 141 84 16
187 301 84 9
71 269 84 15
45 131 84 13
167 156 84 17
231 274 84 2
210 276 84 15
265 132 84 15
16 263 84 10
47 302 84 16
277 70 84 9
160 256 84 17
177 10 84 17
103 55 84 15
60 117 84 10
164 31 84 11
49 136 84 2
295 84 84 18
181 311 84 20
230 41 84 13
266 214 84 10
234 269 84 1
290 129 84 2
194 128 84 8
228 187 84 16
101 246 84 6
247 295 84 17
249 169 84 20
278 246 84 15
253 159 84 7
109 4 84 4
34 237 84 1
214 210 84 17
87 299 84 20
123 210 84 10
274 310 84 20
36 137 84 18
248 281 84 18
228 242 84 7
98 74 84 6
220 182 84 9
240 215 84 6
108 112 84 11
104 94 84 14
124 112 84 7
225 282 84 13
152 1 84 9
57 248 84 1
27 55 84 14
29 48 84 19
298 268 84 12
151 87 84 10
240 194 84 17
118 297 84 14
295 316 84 2
262 225 84 3
222 60 84 15
214 13 84 18
66 39 84 1
159 279 84 20
221 261 84 15
148 95 84 17
185 230 84 10
229 31 84 7
262 222 84 2
91 167 84 2
201 284 84 2
207 77 84 6
145 142 84 4
137 196 84 14
72 312 84 14
275 143 84 12
143 223 84 13
205 135 84 20
143 80 84 13
80 67 84 3
138 163 84 2
255 54 84 18
280 198 84 15
131 230 84 6
