1000 100
136 301 120 15
1 179 120 13
119 8 120 6
49 135 120 4
175 36 120 10
32 272 120 10
234 216 120 11
192 285 120 17
75 149 120 9
37 249 120 1
266 69 120 17
49 69 120 11
73 83 120 6
295 131 120 1
98 202 120 4
247 233 120 12
200 47 120 19
179 238 120 3
67 208 120 8
312 245 120 4
44 90 120 4
289 138 120 4
183 107 120 7
193 297 120 5
21 78 120 6
308 220 120 19
235 104 120 1
274 178 120 2
176 244 120 6
123 135 120 18
3 75 120 19
58 47 120 9
182 125 120 19
284 1 120 15
96 233 120 4
110 225 120 15
252 143 120 18
20 312 120 3
25 172 120 11
134 294 120 17
171 192 120 7
298 250 120 9
38 115 120 2
200 294 120 14
238 73 120 15
37 78 120 11
163 13 120 1
77 32 120 5
63 269 120 8
293 86 120 5
238 257 120 5
256 134 120 2
5 171 120 8
194 54 120 1
175 187 120 17
177 119 120 7
195 281 120 11
252 41 120 7
304 316 120 3
211 292 120 16
307 109 120 16
279 49 120 9
184 53 120 7
99 142 120 16
307 316 120 2
168 73 120 20
106 267 120 5
268 98 120 5
42 85 120 4
188 295 120 4
316 286 120 20
279 248 120 12
164 12 120 20
114 110 120 13
14 313 120 17
311 60 120 17
199 61 120 15
263 224 120 13
51 266 120 17
51 33 120 12
238 32 120 17
5 207 120 16
33 54 120 11
112 63 120 1
17 288 120 13
133 179 120 20
5 61 120 4
39 7 120 19
275 269 120 12
176 215 120 17
267 136 120 20
11 37 120 18
110 281 120 11
9 76 120 6
229 304 120 17
25 16 120 7
92 20 120 7
7 59 120 1
41 229 120 14
25 300 120 12
41 250 120 12
300 156 120 20
134 266 120 12
20 170 120 7
77 294 120 19
2 214 120 2
104 305 120 18
267 311 120 8
15 247 120 20
244 271 120 8
56 311 120 5
3 191 120 17
198 8 120 2
41 239 120 19
171 316 120 12
289 213 120 1
107 316 120 17
156 266 120 15
159 177 120 13
74 316 120 16
289 55 120 2
18 269 120 12
114 46 120 15
159 86 120 14
269 153 120 5
40 125 120 5
236 127 120 4
208 282 120 18
70 20 120 6
178 94 120 17
137 278 120 20
303 191 120 20
26 304 120 6
177 42 120 11
146 206 120 3
10 245 120 12
86 164 120 6
161 267 120 4
82 20 120 7
75 94 120 20
68 230 120 14
11 112 120 4
222 138 120 4
59 210 120 9
194 39 120 7
164 260 120 7
259 29 120 15
165 189 120 5
248 167 120 9
34 241 120 2
230 204 120 11
283 214 120 19
210 120 120 8
21 178 120 5
190 267 120 15
248 115 120 14
130 57 120 14
72 221 120 2
281 152 120 16
193 82 120 9
94 311 120 20
120 173 120 10
46 278 120 9
5 195 120 2
173 68 120 13
275 211 120 15
4 24 120 19
289 308 120 4
27 272 120 11
246 44 120 8
286 33 120 6
214 152 120 10
39 94 120 12
195 310 120 10
212 63 120 17
76 233 120 15
158 133 120 18
193 105 120 13
28 27 120 16
14 169 120 3
82 138 120 19
251 247 120 7
277 285 120 12
160 163 120 17
237 271 120 15
65 30 120 4
211 84 120 16
64 172 120 16
225 199 120 19
236 212 120 7
187 189 120 20
169 124 120 3
303 296 120 15
110 139 120 6
123 59 120 16
301 19 120 9
292 229 120 4
99 292 120 7
223 96 120 13
57 228 120 5
59 310 120 9
94 162 120 12
164 45 120 3
311 50 120 5
304 172 120 7
251 53 120 9
123 240 120 1
79 23 120 5
101 141 120 12
110 197 120 19
122 255 120 8
6 32 120 10
226 92 120 14
108 298 120 19
129 285 120 15
103 115 120 7
96 237 120 10
212 211 120 12
200 312 120 8
284 1 120 8
70 122 120 14
270 127 120 2
211 36 120 13
196 40 120 2
230 64 120 6
16 166 120 8
170 157 120 20
248 265 120 7
31 148 120 2
167 11 120 14
182 81 120 3
32 246 120 9
125 36 120 17
205 231 120 16
266 40 120 3
295 268 120 16
18 121 120 5
293 52 120 1
43 295 120 16
316 145 120 19
273 222 120 15
247 253 120 4
32 273 120 15
168 161 120 13
239 110 120 4
57 300 120 19
252 1 120 20
288 190 120 11
168 128 120 5
92 128 120 9
238 296 120 11
44 227 120 7
95 258 120 12
181 5 120 4
77 243 120 2
224 195 120 17
7 130 120 2
122 314 120 3
288 61 120 18
225 48 120 1
305 285 120 13
187 12 120 19
6 2 120 8
309 182 120 16
36 154 120 2
189 274 120 8
222 280 120 1
151 297 120 18
57 164 120 19
302 72 120 10
43 61 120 3
291 247 120 10
133 148 120 16
128 36 120 5
23 72 120 19
160 156 120 4
175 273 120 19
3 107 120 3
41 163 120 10
139 45 120 2
284 87 120 10
82 273 120 4
104 301 120 12
23 112 120 15
123 30 120 10
273 189 120 6
168 47 120 2
134 261 120 1
80 301 120 15
190 19 120 15
267 303 120 9
88 68 120 1
51 67 120 1
58 301 120 16
205 108 120 1
214 64 120 17
167 128 120 3
289 157 120 8
201 237 120 12
171 6 120 15
186 272 120 17
182 43 120 12
31 305 120 11
283 47 120 7
227 147 120 6
199 44 120 10
256 107 120 9
42 79 120 5
89 175 120 13
229 29 120 10
175 110 120 9
107 188 120 11
214 218 120 8
72 184 120 14
127 306 120 12
76 85 120 15
197 24 120 17
129 277 120 3
6 262 120 13
226 174 120 6
240 32 120 15
104 34 120 18
11 247 120 7
118 215 120 15
167 25 120 16
150 312 120 20
284 193 120 7
313 5 120 8
211 222 120 1
72 132 120 10
69 267 120 5
175 54 120 6
49 276 120 16
243 289 120 14
97 139 120 18
257 184 120 6
80 152 120 18
243 44 120 10
50 254 120 4
14 221 120 7
151 185 120 13
215 44 120 2
312 304 120 14
23 126 120 10
265 223 120 1
110 59 120 12
55 138 120 7
300 64 120 2
22 9 120 4
73 234 120 4
43 280 120 9
175 178 120 4
256 173 120 7
85 196 120 16
311 40 120 18
147 149 120 16
274 100 120 14
237 83 120 5
138 104 120 18
189 72 120 7
145 114 120 19
181 184 120 8
156 124 120 13
118 104 120 20
205 98 120 11
199 140 120 15
146 98 120 10
127 230 120 13
172 263 120 4
121 136 120 8
303 176 120 1
133 252 120 9
141 91 120 20
217 104 120 11
172 308 120 5
166 86 120 8
308 128 120 17
130 254 120 6
34 109 120 1
253 229 120 16
228 216 120 3
1 32 120 14
169 68 120 4
40 284 120 19
14 139 120 18
86 200 120 8
194 192 120 7
82 217 120 20
96 250 120 9
56 82 120 5
151 310 120 4
1 310 120 4
102 58 120 11
293 97 120 3
167 6 120 13
32 304 120 17
299 181 120 8
273 158 120 8
185 253 120 17
101 308 120 14
245 142 120 19
81 38 120 8
264 139 120 5
198 115 120 17
312 177 120 7
145 209 120 10
177 87 120 14
84 256 120 19
103 20 120 8
267 120 120 3
196 260 120 13
119 24 120 18
246 183 120 5
115 277 120 7
187 272 120 4
53 312 120 4
118 172 120 14
151 151 120 1
238 149 120 16
157 311 120 7
67 191 120 3
15 205 120 14
1 30 120 5
125 40 120 17
47 227 120 12
42 279 120 4
141 81 120 11
11 127 120 10
135 260 120 10
279 312 120 17
121 63 120 7
119 77 120 19
141 289 120 20
29 97 120 8
193 40 120 18
104 81 120 8
115 222 120 8
90 232 120 11
215 262 120 18
172 224 120 6
20 241 120 20
58 43 120 12
196 183 120 13
260 107 120 17
151 195 120 4
164 299 120 9
139 309 120 14
303 294 120 13
65 192 120 6
194 260 120 2
3 279 120 6
190 21 120 4
34 112 120 19
62 55 120 13
290 205 120 16
138 264 120 10
278 299 120 6
7 285 120 20
179 245 120 11
192 122 120 18
113 21 120 9
170 210 120 1
166 139 120 20
28 200 120 19
312 70 120 15
55 207 120 7
308 64 120 13
238 70 120 1
145 144 120 5
243 19 120 18
285 28 120 14
185 93 120 16
105 258 120 10
32 285 120 18
118 177 120 15
201 127 120 9
19 119 120 8
31 40 120 17
11 184 120 16
235 110 120 14
160 290 120 1
106 54 120 6
157 158 120 3
242 190 120 8
211 203 120 8
249 87 120 6
285 1 120 4
172 243 120 19
24 149 120 2
231 279 120 16
141 123 120 17
77 124 120 15
2 176 120 8
81 101 120 1
128 312 120 12
35 140 120 14
68 109 120 15
116 176 120 1
306 200 120 2
260 114 120 12
7 254 120 2
151 227 120 5
137 124 120 16
177 204 120 17
89 227 120 16
312 261 120 15
306 225 120 7
196 24 120 7
12 13 120 10
189 168 120 15
13 70 120 5
274 221 120 11
239 41 120 10
274 217 120 6
94 202 120 16
225 197 120 9
76 82 120 1
34 277 120 8
64 185 120 4
293 57 120 20
4 69 120 5
76 239 120 9
58 57 120 6
59 14 120 6
160 108 120 19
68 228 120 20
24 199 120 9
100 129 120 6
199 192 120 18
206 169 120 10
65 68 120 15
310 39 120 13
38 96 120 1
123 50 120 14
109 106 120 13
191 173 120 13
50 92 120 7
307 191 120 15
208 285 120 15
189 174 120 3
226 239 120 10
228 128 120 8
48 165 120 19
28 288 120 12
234 292 120 1
126 166 120 5
246 216 120 20
249 102 120 18
275 309 120 10
177 77 120 16
143 198 120 6
72 6 120 9
143 53 120 9
101 293 120 16
109 210 120 7
221 231 120 13
298 161 120 12
253 305 120 5
295 263 120 9
304 20 120 1
171 58 120 2
172 130 120 7
300 168 120 20
173 269 120 8
16 61 120 9
151 177 120 15
135 158 120 11
126 95 120 11
218 285 120 14
302 272 120 1
42 23 120 18
295 194 120 7
238 74 120 3
233 142 120 15
204 157 120 7
176 307 120 7
166 21 120 5
213 42 120 7
143 259 120 3
20 244 120 14
232 181 120 4
82 160 120 2
60 81 120 15
206 313 120 12
200 96 120 20
254 167 120 11
65 16 120 15
33 124 120 5
307 267 120 15
129 182 120 7
222 310 120 19
234 75 120 18
123 30 120 18
297 132 120 2
296 15 120 17
31 165 120 11
285 229 120 11
244 157 120 6
244 43 120 8
186 67 120 10
164 288 120 3
7 205 120 17
8 223 120 6
302 203 120 5
171 78 120 8
136 5 120 4
162 289 120 16
204 216 120 4
162 143 120 2
69 225 120 12
158 72 120 7
136 78 120 16
188 298 120 6
270 283 120 13
62 137 120 10
289 168 120 6
156 14 120 3
39 113 120 14
186 274 120 17
59 27 120 13
314 80 120 12
225 216 120 14
132 299 120 15
49 148 120 17
65 210 120 9
159 78 120 5
256 234 120 10
222 168 120 18
192 38 120 16
200 308 120 2
12 306 120 5
211 110 120 8
68 241 120 7
222 289 120 10
238 250 120 19
287 92 120 17
187 243 120 14
312 149 120 5
21 24 120 18
216 119 120 2
17 130 120 7
214 236 120 4
205 304 120 4
75 105 120 16
93 239 120 13
215 209 120 16
99 291 120 19
112 286 120 15
189 202 120 10
302 314 120 20
91 226 120 5
81 123 120 12
180 224 120 19
99 298 120 16
203 74 120 14
27 289 120 6
51 283 120 16
105 79 120 13
307 163 120 14
8 148 120 11
143 135 120 13
303 111 120 15
66 291 120 14
29 285 120 8
308 171 120 17
193 94 120 1
182 144 120 16
145 144 120 6
289 30 120 16
214 37 120 3
33 75 120 13
181 273 120 20
31 22 120 18
1 262 120 10
268 149 120 17
292 25 120 10
185 206 120 5
256 246 120 20
89 218 120 1
296 12 120 9
18 44 120 3
191 120 120 7
158 46 120 4
311 46 120 14
12 313 120 14
96 185 120 11
273 53 120 16
173 308 120 10
112 292 120 3
80 271 120 10
296 288 120 5
270 162 120 8
200 215 120 18
48 105 120 3
53 117 120 8
206 212 120 16
68 65 120 8
136 237 120 3
29 245 120 6
139 8 120 20
157 200 120 3
113 153 120 17
293 249 120 19
98 296 120 20
160 244 120 20
219 133 120 15
146 97 120 15
21 232 120 16
99 156 120 16
152 294 120 19
55 30 120 14
246 143 120 3
74 15 120 15
220 112 120 10
51 167 120 13
314 282 120 1
53 111 120 13
171 28 120 16
2 22 120 19
181 174 120 5
160 124 120 18
125 265 120 20
139 22 120 2
85 138 120 1
222 188 120 20
182 82 120 9
275 30 120 7
147 96 120 10
43 98 120 8
197 278 120 17
225 17 120 16
283 142 120 13
166 280 120 18
276 261 120 15
180 166 120 15
147 32 120 4
79 202 120 1
18 244 120 16
195 286 120 17
182 167 120 11
134 75 120 15
210 253 120 4
234 315 120 4
175 274 120 16
254 33 120 1
100 180 120 12
131 154 120 1
299 67 120 9
34 262 120 14
183 23 120 4
85 157 120 3
107 262 120 3
167 179 120 1
86 249 120 10
265 186 120 3
189 285 120 10
145 311 120 19
93 293 120 18
73 223 120 19
131 89 120 9
38 69 120 13
232 175 120 14
47 237 120 20
175 6 120 1
157 166 120 14
171 39 120 15
260 183 120 5
186 275 120 10
75 244 120 12
121 58 120 20
190 95 120 4
310 11 120 10
60 269 120 15
199 127 120 8
271 179 120 14
5 245 120 8
23 188 120 6
247 270 120 8
28 28 120 3
31 149 120 8
122 22 120 15
177 15 120 17
303 286 120 17
33 169 120 7
296 19 120 18
93 23 120 14
244 257 120 18
157 188 120 15
241 111 120 6
147 142 120 18
7 159 120 3
277 20 120 14
137 218 120 3
161 250 120 3
311 125 120 2
220 218 120 16
58 41 120 9
83 94 120 8
61 230 120 2
278 272 120 15
224 278 120 18
86 238 120 5
175 270 120 6
22 114 120 7
144 5 120 15
73 224 120 16
133 281 120 5
133 259 120 10
216 3 120 15
93 177 120 6
112 296 120 4
77 277 120 17
169 136 120 19
162 53 120 12
88 196 120 4
34 165 120 16
198 297 120 8
298 9 120 3
175 224 120 13
177 316 120 5
238 111 120 16
157 83 120 5
210 147 120 20
112 308 120 8
127 291 120 3
43 9 120 15
182 102 120 3
181 83 120 15
227 257 120 2
68 13 120 6
84 250 120 12
292 303 120 11
144 92 120 5
131 203 120 5
66 225 120 3
196 163 120 19
175 28 120 16
241 209 120 10
316 15 120 2
297 82 120 6
70 62 120 20
270 37 120 6
132 76 120 13
36 206 120 19
248 167 120 15
15 46 120 2
1 116 120 17
193 41 120 5
46 40 120 16
52 232 120 5
69 198 120 6
232 151 120 18
277 178 120 13
97 109 120 2
15 253 120 12
54 163 120 18
255 163 120 1
63 251 120 9
80 193 120 16
7 244 120 16
227 208 120 13
193 124 120 19
194 84 120 8
167 77 120 12
240 91 120 20
164 144 120 2
133 294 120 9
113 41 120 7
30 16 120 19
301 22 120 18
68 144 120 10
244 20 120 17
254 110 120 4
125 276 120 4
1 95 120 15
128 258 120 14
102 74 120 12
134 83 120 8
100 112 120 15
47 308 120 12
28 60 120 3
217 199 120 7
213 137 120 4
85 261 120 15
136 157 120 13
174 181 120 3
252 282 120 12
95 311 120 2
86 94 120 5
196 140 120 5
119 64 120 16
289 280 120 6
59 73 120 10
254 157 120 7
304 188 120 3
29 46 120 15
11 297 120 16
66 287 120 14
100 56 120 8
244 147 120 7
64 161 120 10
155 29 120 18
129 88 120 10
238 237 120 6
188 121 120 13
295 149 120 18
161 159 120 2
309 120 120 12
134 219 120 3
53 147 120 1
8 210 120 17
237 261 120 6
114 73 120 5
63 310 120 17
64 78 120 5
253 56 120 5
170 112 120 19
280 104 120 19
43 238 120 9
286 186 120 11
42 89 120 13
171 10 120 9
12 19 120 17
152 82 120 14
212 41 120 19
77 293 120 6
197 147 120 10
160 110 120 5
242 48 120 18
122 229 120 4
45 167 120 12
73 21 120 9
45 244 120 20
89 79 120 17
234 290 120 1
141 262 120 6
102 143 120 20
71 302 120 5
144 123 120 12
137 140 120 9
212 80 120 15
60 152 120 19
128 196 120 18
215 180 120 4
279 310 120 17
68 134 120 11
149 235 120 1
60 202 120 18
292 29 120 20
151 61 120 3
239 169 120 3
281 124 120 2
135 147 120 10
232 258 120 13
91 220 120 6
32 183 120 19
22 15 120 10
50 286 120 7
275 157 120 19
306 308 120 3
56 230 120 3
202 91 120 2
184 225 120 1
257 37 120 18
301 23 120 1
127 54 120 12
297 287 120 18
70 20 120 8
256 294 120 8
50 179 120 7
221 235 120 9
243 120 120 15
285 199 120 7
157 139 120 11
74 20 120 14
2 146 120 7
217 22 120 6
239 304 120 1
230 139 120 19
61 189 120 13
96 305 120 3
44 127 120 7
294 95 120 13
136 251 120 4
227 220 120 11
24 222 120 12
86 18 120 5
119 152 120 4
172 65 120 3
98 126 120 3
202 221 120 15
121 264 120 13
159 137 120 12
79 272 120 18
34 78 120 6
8 313 120 3
23 83 120 20
272 201 120 20
191 56 120 20
145 49 120 5
