1000 333
118 37 36 11
100 169 36 13
266 195 36 8
201 52 36 3
151 208 36 1
308 5 36 10
196 208 36 11
6 112 36 10
22 184 36 8
25 224 36 18
249 25 36 2
115 125 36 19
311 286 36 9
90 170 36 9
220 217 36 16
185 208 36 16
254 87 36 15
16 305 36 14
290 10 36 5
105 34 36 4
2 282 36 8
252 293 36 12
38 183 36 9
230 273 36 7
158 176 36 3
85 44 36 2
16 193 36 13
154 105 36 13
191 290 36 2
203 290 36 19
226 291 36 4
66 122 36 8
29 159 36 3
278 73 36 19
276 126 36 6
174 107 36 18
175 122 36 14
263 276 36 6
235 46 36 7
216 249 36 20
126 54 36 7
214 119 36 20
277 148 36 15
103 5 36 3
201 280 36 16
267 33 36 18
60 207 36 16
257 50 36 7
139 284 36 12
205 80 36 8
245 205 36 2
155 102 36 16
186 275 36 7
60 61 36 11
218 158 36 18
186 108 36 18
155 167 36 17
246 3 36 14
296 37 36 5
76 242 36 20
315 170 36 1
292 8 36 18
284 193 36 4
106 149 36 13
249 50 36 10
250 131 36 13
284 182 36 11
316 111 36 17
185 91 36 18
129 62 36 11
153 60 36 8
65 248 36 19
290 215 36 11
158 4 36 19
86 148 36 9
67 82 36 15
155 261 36 16
93 260 36 19
245 24 36 1
14 152 36 14
128 304 36 5
307 264 36 16
73 238 36 6
32 79 36 18
138 60 36 17
86 126 36 6
165 280 36 6
108 268 36 5
58 92 36 4
310 106 36 12
307 233 36 7
260 120 36 11
39 192 36 12
33 223 36 18
242 257 36 9
282 26 36 18
88 86 36 17
49 90 36 16
166 43 36 3
93 37 36 16
280 239 36 17
139 182 36 4
261 117 36 3
200 149 36 10
217 286 36 2
189 251 36 7
182 234 36 1
138 179 36 10
45 28 36 4
255 16 36 16
255 296 36 7
67 118 36 12
314 274 36 8
16 157 36 12
153 269 36 1
230 37 36 4
229 218 36 13
313 39 36 11
66 295 36 18
177 233 36 2
9 67 36 5
79 133 36 10
122 130 36 3
282 146 36 3
273 298 36 7
130 108 36 19
237 20 36 4
157 228 36 18
256 189 36 16
277 49 36 4
314 57 36 19
14 31 36 7
147 153 36 5
29 14 36 2
67 286 36 3
269 311 36 18
191 127 36 5
226 284 36 4
91 119 36 4
38 79 36 1
10 77 36 9
152 302 36 20
6 29 36 12
306 57 36 5
15 124 36 2
234 76 36 5
31 163 36 7
272 284 36 14
107 59 36 16
131 308 36 19
99 1 36 19
123 48 36 8
178 266 36 8
281 151 36 13
293 166 36 20
275 83 36 11
147 9 36 13
145 280 36 13
111 283 36 3
302 309 36 14
256 91 36 7
286 109 36 14
198 287 36 11
137 147 36 14
29 124 36 15
148 294 36 5
135 124 36 17
283 268 36 13
83 274 36 19
153 260 36 11
215 95 36 5
173 65 36 5
178 158 36 11
29 190 36 2
30 219 36 5
92 262 36 10
236 80 36 5
72 259 36 16
188 25 36 10
166 74 36 1
32 288 36 19
92 40 36 15
157 113 36 8
87 37 36 6
164 66 36 4
260 53 36 1
121 288 36 9
213 44 36 11
257 127 36 11
154 189 36 12
102 220 36 7
248 208 36 18
39 48 36 15
198 30 36 11
127 194 36 13
274 137 36 13
263 154 36 9
227 50 36 16
29 202 36 18
171 251 36 6
71 36 36 2
153 284 36 17
275 218 36 20
193 99 36 1
43 226 36 6
275 79 36 7
244 237 36 8
184 43 36 1
63 71 36 3
172 138 36 13
50 208 36 5
147 256 36 4
135 214 36 5
66 302 36 15
238 241 36 4
288 199 36 15
54 22 36 7
289 205 36 18
153 163 36 20
115 231 36 13
12 280 36 20
260 6 36 8
55 36 36 5
67 313 36 7
73 234 36 3
201 101 36 5
303 154 36 19
9 126 36 11
286 175 36 10
2 289 36 20
170 300 36 11
22 139 36 12
233 193 36 11
237 155 36 19
123 124 36 4
249 8 36 13
154 310 36 2
80 214 36 12
106 184 36 2
295 185 36 2
82 250 36 2
44 271 36 4
223 187 36 1
121 4 36 7
15 126 36 18
39 271 36 1
163 108 36 10
20 83 36 12
215 188 36 15
268 167 36 11
190 144 36 20
307 188 36 7
246 94 36 5
274 215 36 20
37 125 36 10
134 163 36 4
239 221 36 11
232 241 36 9
123 35 36 12
93 303 36 18
247 176 36 6
231 166 36 17
169 307 36 2
85 161 36 4
5 93 36 1
50 226 36 7
261 44 36 4
159 276 36 16
139 294 36 14
306 71 36 20
116 213 36 19
173 127 36 12
313 191 36 3
22 276 36 15
262 176 36 11
310 225 36 12
100 65 36 8
7 119 36 19
154 257 36 4
232 142 36 2
83 257 36 11
218 9 36 13
201 217 36 4
71 239 36 11
101 184 36 14
119 73 36 14
259 68 36 6
126 75 36 20
268 124 36 8
283 39 36 9
265 18 36 6
247 235 36 10
147 15 36 3
26 86 36 1
288 82 36 12
93 97 36 16
18 251 36 7
7 60 36 1
10 223 36 5
269 189 36 11
38 33 36 12
171 279 36 18
312 110 36 9
38 31 36 10
214 215 36 3
257 203 36 15
268 221 36 5
243 123 36 4
79 133 36 18
251 85 36 15
146 18 36 15
57 188 36 2
203 80 36 7
259 117 36 5
84 15 36 7
202 167 36 10
101 15 36 18
145 257 36 4
249 19 36 12
258 166 36 5
248 311 36 6
59 263 36 10
256 149 36 17
246 91 36 9
58 70 36 11
189 272 36 2
102 268 36 8
131 96 36 16
70 28 36 18
250 182 36 11
302 113 36 13
163 67 36 12
212 6 36 4
236 147 36 19
61 205 36 4
215 289 36 7
116 286 36 10
135 100 36 10
306 65 36 1
76 314 36 10
10 195 36 15
151 42 36 9
238 149 36 15
157 69 36 17
275 129 36 5
147 239 36 13
289 39 36 14
67 69 36 17
256 271 36 14
264 30 36 7
138 39 36 6
124 85 36 11
72 6 36 7
134 163 36 7
131 17 36 15
227 163 36 2
192 136 36 8
125 202 36 20
158 37 36 10
255 300 36 11
245 17 36 18
10 140 36 2
236 108 36 20
87 241 36 2
5 267 36 18
52 74 36 5
129 265 36 20
244 73 36 9
7 126 36 17
41 64 36 12
315 205 36 17
208 214 36 16
186 30 36 19
169 116 36 8
210 120 36 14
267 67 36 19
67 91 36 19
2 18 36 16
34 237 36 9
314 173 36 13
262 171 36 5
122 275 36 10
121 144 36 11
124 208 36 14
263 101 36 18
248 263 36 8
95 14 36 7
101 227 36 12
76 157 36 16
177 154 36 16
237 311 36 7
81 116 36 5
138 133 36 16
17 152 36 7
10 98 36 11
19 29 36 13
307 19 36 2
265 120 36 5
240 91 36 13
32 267 36 14
207 83 36 9
237 163 36 4
121 197 36 8
44 213 36 19
278 118 36 16
192 137 36 13
53 23 36 7
34 183 36 10
30 2 36 9
78 245 36 11
280 136 36 2
56 268 36 16
51 285 36 16
75 12 36 4
249 290 36 2
205 61 36 18
297 9 36 20
91 43 36 14
217 284 36 15
117 258 36 16
179 117 36 15
8 172 36 6
212 222 36 10
295 192 36 18
171 125 36 19
268 225 36 11
293 205 36 12
24 191 36 18
149 91 36 9
275 103 36 6
226 282 36 6
312 185 36 13
246 292 36 15
147 167 36 18
272 21 36 14
54 288 36 2
109 264 36 10
172 183 36 13
173 227 36 15
37 81 36 10
263 307 36 7
184 198 36 7
173 23 36 19
67 66 36 17
152 21 36 17
258 287 36 12
271 291 36 19
69 146 36 17
57 214 36 3
31 250 36 11
108 92 36 9
46 172 36 19
65 28 36 9
59 306 36 10
219 141 36 11
83 294 36 17
26 145 36 3
232 109 36 20
304 61 36 17
182 91 36 10
140 95 36 2
301 36 36 5
131 100 36 20
195 158 36 5
9 272 36 17
159 250 36 3
175 275 36 11
269 190 36 15
300 73 36 19
228 150 36 5
301 290 36 15
46 274 36 11
278 300 36 14
221 74 36 8
49 82 36 7
230 240 36 17
284 310 36 11
270 262 36 17
260 245 36 9
310 52 36 15
30 37 36 16
57 82 36 1
119 44 36 20
176 160 36 1
75 105 36 19
38 230 36 10
38 197 36 4
104 46 36 1
44 201 36 6
269 90 36 13
11 15 36 1
254 283 36 7
138 85 36 2
113 157 36 17
161 127 36 9
291 164 36 14
241 97 36 18
184 201 36 19
284 140 36 15
209 92 36 16
186 102 36 3
94 39 36 13
296 72 36 18
225 80 36 10
106 241 36 8
90 215 36 12
200 35 36 4
189 114 36 8
224 82 36 12
38 186 36 15
154 55 36 1
72 45 36 19
168 24 36 19
33 145 36 2
266 250 36 2
310 235 36 5
201 118 36 19
188 307 36 1
272 110 36 2
179 43 36 19
177 196 36 14
173 163 36 18
208 227 36 1
210 259 36 13
291 105 36 14
297 98 36 13
309 194 36 2
143 277 36 20
303 232 36 17
124 306 36 8
131 63 36 11
88 131 36 10
301 234 36 16
221 127 36 18
182 314 36 18
287 190 36 11
311 182 36 12
33 8 36 17
168 207 36 8
97 14 36 6
68 40 36 20
26 127 36 6
43 111 36 20
286 228 36 10
156 93 36 15
25 275 36 12
204 166 36 17
259 94 36 1
275 261 36 15
103 41 36 20
236 4 36 16
11 242 36 6
232 284 36 9
55 254 36 4
217 305 36 8
59 225 36 14
303 112 36 7
95 267 36 20
107 121 36 9
9 223 36 1
137 38 36 17
304 260 36 18
73 176 36 5
269 126 36 14
60 238 36 2
51 193 36 19
105 179 36 6
219 273 36 8
111 64 36 9
159 72 36 19
35 104 36 13
127 303 36 4
144 60 36 15
129 12 36 5
158 284 36 18
280 18 36 6
206 18 36 12
139 237 36 5
235 243 36 8
239 85 36 3
257 15 36 11
313 142 36 9
313 181 36 20
67 309 36 4
159 151 36 15
173 10 36 20
62 111 36 18
26 145 36 10
262 63 36 12
245 197 36 20
91 138 36 14
41 134 36 15
294 130 36 20
289 93 36 4
192 251 36 2
166 3 36 7
54 277 36 17
275 302 36 2
312 143 36 8
171 283 36 17
114 57 36 18
283 98 36 11
174 75 36 5
33 259 36 1
308 135 36 7
102 196 36 10
116 249 36 18
137 103 36 11
90 310 36 5
1 60 36 19
109 69 36 7
38 36 36 20
313 105 36 14
85 137 36 5
161 128 36 11
171 125 36 10
80 241 36 15
265 273 36 1
15 46 36 19
119 258 36 2
293 263 36 11
316 300 36 10
119 296 36 14
209 276 36 14
241 120 36 13
91 291 36 14
32 266 36 14
222 215 36 10
95 125 36 15
173 244 36 8
310 220 36 6
200 115 36 18
125 234 36 1
50 22 36 17
7 262 36 20
92 248 36 2
197 279 36 4
226 81 36 18
107 175 36 18
33 243 36 9
112 236 36 1
34 120 36 19
255 140 36 16
35 86 36 17
91 92 36 2
163 79 36 17
104 275 36 20
311 80 36 4
100 186 36 2
226 114 36 4
278 122 36 19
234 155 36 14
201 93 36 18
296 23 36 3
97 114 36 6
54 172 36 1
259 275 36 7
218 166 36 15
257 161 36 20
50 70 36 18
85 32 36 19
251 161 36 17
221 257 36 9
226 237 36 7
212 17 36 20
289 282 36 7
25 120 36 14
248 21 36 11
130 277 36 7
197 222 36 13
274 306 36 16
156 241 36 8
88 41 36 9
8 266 36 5
163 57 36 5
114 241 36 10
237 162 36 10
214 93 36 14
252 222 36 7
134 314 36 20
298 272 36 10
177 111 36 2
9 95 36 6
201 314 36 15
209 160 36 3
129 274 36 7
14 90 36 8
123 199 36 4
45 134 36 9
243 163 36 15
242 145 36 6
231 217 36 12
40 225 36 14
205 109 36 16
215 213 36 7
281 25 36 4
168 39 36 9
215 57 36 11
251 313 36 4
87 239 36 15
237 165 36 7
26 291 36 19
138 15 36 16
239 219 36 8
126 14 36 1
69 294 36 1
180 41 36 19
65 152 36 4
43 86 36 12
51 172 36 11
9 305 36 19
7 226 36 5
221 47 36 15
240 182 36 2
52 307 36 19
76 271 36 20
232 31 36 13
111 307 36 8
258 33 36 1
85 295 36 20
151 303 36 20
173 205 36 18
170 6 36 16
180 245 36 9
305 296 36 4
127 267 36 6
35 183 36 20
87 293 36 18
186 130 36 19
54 214 36 17
305 261 36 8
125 117 36 12
170 182 36 5
157 258 36 14
10 246 36 17
65 269 36 4
74 303 36 18
10 285 36 14
251 154 36 3
105 103 36 12
254 303 36 16
285 7 36 5
204 176 36 2
25 229 36 15
90 238 36 5
134 302 36 9
25 271 36 7
98 280 36 11
43 215 36 12
117 215 36 10
89 152 36 4
216 120 36 15
40 220 36 2
150 244 36 2
96 17 36 15
184 46 36 8
224 71 36 15
42 168 36 6
144 211 36 12
295 223 36 19
232 207 36 14
52 107 36 6
194 146 36 5
91 191 36 20
113 183 36 4
159 50 36 13
87 170 36 3
181 211 36 3
26 39 36 5
194 17 36 11
260 145 36 6
161 92 36 16
78 285 36 5
110 271 36 16
281 279 36 6
152 122 36 11
281 104 36 8
267 180 36 7
213 101 36 5
53 294 36 9
12 237 36 17
177 294 36 4
132 55 36 4
24 61 36 19
211 25 36 9
160 73 36 2
55 37 36 5
222 199 36 12
180 96 36 1
72 44 36 2
297 55 36 19
245 231 36 12
285 258 36 18
188 282 36 2
46 72 36 7
79 128 36 3
128 182 36 7
281 299 36 9
296 59 36 4
96 130 36 20
86 6 36 2
312 147 36 13
199 115 36 6
248 198 36 15
146 244 36 11
176 218 36 18
278 29 36 15
100 309 36 5
120 185 36 11
132 176 36 1
83 261 36 2
192 152 36 12
8 246 36 18
82 178 36 4
16 219 36 19
234 78 36 4
263 39 36 8
53 34 36 1
142 49 36 1
184 180 36 20
40 158 36 13
10 34 36 4
229 253 36 18
143 18 36 11
150 246 36 17
84 163 36 14
131 6 36 12
102 58 36 1
278 95 36 9
6 279 36 13
226 214 36 2
74 223 36 15
73 32 36 12
214 70 36 13
216 219 36 6
224 198 36 5
205 224 36 14
120 9 36 11
68 287 36 10
65 292 36 12
137 201 36 1
50 170 36 16
209 139 36 3
304 36 36 16
208 252 36 10
42 55 36 15
38 156 36 6
251 171 36 6
205 135 36 12
254 199 36 4
161 231 36 12
282 280 36 2
205 68 36 4
159 267 36 19
182 159 36 18
3 200 36 17
21 133 36 12
262 67 36 2
91 271 36 12
103 209 36 2
302 265 36 4
69 230 36 12
114 14 36 11
85 68 36 2
304 249 36 20
37 147 36 19
37 167 36 19
88 8 36 9
98 311 36 11
137 97 36 7
271 82 36 8
2 46 36 5
13 160 36 7
304 140 36 2
125 127 36 19
104 60 36 5
178 308 36 20
68 80 36 7
236 73 36 13
146 209 36 13
57 59 36 10
232 61 36 8
216 73 36 15
214 272 36 10
176 80 36 9
70 79 36 20
6 256 36 19
109 219 36 10
116 138 36 6
12 180 36 11
5 132 36 17
290 47 36 17
97 158 36 14
63 268 36 1
169 127 36 9
297 196 36 15
64 201 36 3
34 206 36 17
188 217 36 11
309 228 36 2
219 128 36 1
188 314 36 7
216 94 36 16
213 157 36 3
62 9 36 1
306 201 36 20
208 160 36 5
50 193 36 14
7 64 36 6
101 269 36 5
270 67 36 5
254 254 36 2
180 50 36 7
263 158 36 3
194 219 36 3
250 208 36 3
82 312 36 6
114 45 36 7
35 263 36 18
68 47 36 6
224 212 36 5
192 149 36 10
157 12 36 7
112 171 36 5
118 260 36 19
133 193 36 3
243 170 36 10
197 283 36 14
27 213 36 13
132 280 36 15
86 188 36 19
106 275 36 19
63 116 36 19
282 123 36 13
26 240 36 4
200 268 36 16
266 91 36 10
223 287 36 20
225 209 36 9
173 236 36 12
63 5 36 19
165 110 36 2
312 69 36 13
154 246 36 19
274 271 36 2
125 50 36 6
276 316 36 16
281 118 36 18
253 26 36 6
121 198 36 9
164 157 36 14
291 5 36 7
60 212 36 19
260 49 36 16
58 218 36 14
95 238 36 12
84 198 36 3
59 58 36 16
4 310 36 18
53 10 36 7
126 70 36 11
99 44 36 20
77 103 36 11
124 258 36 16
99 315 36 5
137 93 36 15
12 73 36 12
310 27 36 5
197 243 36 7
218 295 36 12
121 316 36 17
179 310 36 12
34 71 36 6
205 194 36 7
4 188 36 9
232 8 36 18
66 231 36 18
97 224 36 4
82 1 36 18
60 218 36 1
259 22 36 16
212 97 36 6
207 130 36 8
305 230 36 13
239 233 36 4
68 45 36 20
201 110 36 18
90 103 36 6
217 184 36 6
271 243 36 19
303 185 36 1
230 80 36 1
151 183 36 2
38 171 36 4
118 305 36 12
70 268 36 12
137 152 36 2
222 241 36 20
111 38 36 3
212 308 36 17
