2000 285
394 171 84 11
177 42 84 2
46 8 84 17
398 55 84 17
1 310 84 6
48 250 84 14
107 71 84 19
100 438 84 1
134 228 84 13
94 272 84 13
319 228 84 8
175 414 84 14
82 13 84 10
116 410 84 14
200 420 84 16
126 30 84 19
136 136 84 16
17 246 84 15
167 379 84 6
216 35 84 16
52 364 84 11
57 91 84 7
104 173 84 5
168 298 84 10
296 50 84 16
296 175 84 19
99 311 84 5
428 337 84 19
301 56 84 8
412 281 84 14
356 332 84 19
91 399 84 17
240 55 84 4
410 232 84 1
96 90 84 16
210 385 84 2
354 36 84 13
186 17 84 3
263 327 84 16
281 301 84 1
343 210 84 17
312 310 84 5
381 112 84 18
185 75 84 9
286 180 84 7
436 399 84 20
323 305 84 5
84 43 84 3
180 305 84 16
342 148 84 20
337 44 84 12
226 365 84 14
67 298 84 19
418 45 84 17
107 330 84 17
331 328 84 15
46 213 84 12
254 306 84 10
30 49 84 9
143 390 84 18
110 289 84 1
295 67 84 9
353 143 84 18
66 114 84 3
319 220 84 4
305 113 84 16
252 159 84 4
56 422 84 10
360 14 84 7
75 157 84 3
394 276 84 6
309 133 84 12
141 39 84 11
270 114 84 15
16 432 84 17
91 299 84 11
46 103 84 17
233 169 84 15
269 81 84 4
363 155 84 10
399 111 84 9
276 419 84 20
230 112 84 9
326 391 84 6
88 406 84 20
89 59 84 14
192 114 84 8
17 347 84 20
262 168 84 11
74 84 84 3
52 45 84 3
305 321 84 1
254 103 84 7
230 438 84 4
330 88 84 20
424 176 84 20
359 367 84 9
417 383 84 12
186 208 84 10
46 281 84 8
70 333 84 8
204 200 84 16
320 6 84 7
101 246 84 19
272 138 84 18
411 114 84 12
172 35 84 8
37 5 84 17
257 200 84 15
198 255 84 1
232 324 84 19
321 91 84 5
272 410 84 4
346 73 84 11
399 344 84 8
103 318 84 10
438 42 84 6
236 88 84 20
437 345 84 7
397 105 84 4
201 347 84 19
337 220 84 1
236 54 84 14
140 399 84 6
299 361 84 10
158 26 84 7
130 16 84 16
136 262 84 4
157 261 84 8
377 210 84 17
414 421 84 5
328 310 84 4
342 108 84 17
319 257 84 16
378 108 84 18
343 265 84 1
179 394 84 20
66 93 84 11
50 249 84 14
379 188 84 4
385 154 84 20
290 35 84 12
414 386 84 18
154 267 84 7
303 197 84 15
365 93 84 7
5 281 84 6
128 346 84 16
54 395 84 1
251 336 84 15
220 273 84 13
152 115 84 6
413 91 84 6
335 255 84 13
67 110 84 6
373 28 84 17
49 42 84 13
129 169 84 5
301 233 84 12
284 36 84 3
17 255 84 12
351 416 84 5
281 391 84 19
150 289 84 20
286 365 84 15
181 290 84 20
178 338 84 19
8 20 84 9
193 330 84 15
335 177 84 19
366 193 84 16
233 106 84 5
224 387 84 13
305 99 84 14
194 384 84 6
202 127 84 3
237 304 84 12
313 321 84 9
121 66 84 9
161 401 84 1
246 329 84 3
148 114 84 6
28 337 84 1
309 205 84 1
420 408 84 9
2 162 84 12
329 398 84 8
100 273 84 19
337 394 84 11
20 117 84 17
335 373 84 19
396 83 84 7
126 121 84 11
251 429 84 8
18 401 84 6
189 412 84 11
29 304 84 14
182 403 84 17
219 303 84 5
322 332 84 8
387 219 84 19
334 178 84 17
405 313 84 15
375 116 84 17
102 144 84 9
236 332 84 15
94 360 84 19
349 104 84 4
429 323 84 9
19 207 84 3
172 146 84 18
260 43 84 17
430 10 84 5
274 394 84 15
108 58 84 10
353 293 84 15
116 396 84 5
191 297 84 15
212 278 84 8
98 296 84 2
315 20 84 6
314 289 84 5
42 272 84 2
83 108 84 15
249 225 84 3
111 131 84 11
314 256 84 9
439 446 84 2
210 221 84 18
324 318 84 3
186 196 84 2
214 62 84 7
274 103 84 13
363 195 84 19
388 443 84 9
33 116 84 16
427 439 84 2
312 430 84 18
56 203 84 10
88 79 84 2
415 274 84 13
324 51 84 12
85 324 84 12
117 250 84 20
256 200 84 4
173 233 84 11
229 222 84 9
104 87 84 8
424 152 84 8
70 249 84 8
43 216 84 10
212 103 84 18
441 197 84 8
326 314 84 2
416 122 84 18
64 304 84 5
274 96 84 5
39 199 84 19
244 185 84 20
203 254 84 4
241 296 84 7
125 60 84 9
59 54 84 16
316 389 84 13
386 367 84 10
208 430 84 2
272 257 84 18
120 305 84 11
55 101 84 18
151 314 84 8
58 107 84 7
181 241 84 6
426 299 84 18
411 167 84 6
271 115 84 8
253 332 84 1
102 166 84 6
35 286 84 19
177 350 84 13
65 53 84 14
197 120 84 2
197 311 84 18
266 289 84 7
389 252 84 20
16 86 84 20
9 348 84 14
442 2 84 8
237 47 84 17
347 233 84 8
120 297 84 12
196 56 84 12
398 252 84 7
393 81 84 17
249 22 84 12
271 47 84 14
418 55 84 8
440 60 84 6
190 296 84 11
235 195 84 9
172 314 84 10
181 72 84 4
299 32 84 7
291 424 84 15
124 225 84 6
218 59 84 9
408 29 84 7
41 31 84 13
132 230 84 12
270 17 84 5
202 198 84 14
431 378 84 6
269 240 84 12
368 93 84 19
100 216 84 15
310 443 84 18
119 403 84 19
439 6 84 5
372 148 84 13
163 427 84 13
148 181 84 18
447 165 84 13
391 443 84 12
356 363 84 10
307 25 84 15
46 334 84 18
300 15 84 18
126 16 84 20
439 397 84 11
77 112 84 5
199 260 84 7
62 269 84 1
312 212 84 19
354 130 84 19
41 447 84 3
400 55 84 20
317 355 84 18
200 33 84 11
89 34 84 5
134 110 84 9
159 309 84 1
374 380 84 2
306 244 84 8
243 150 84 16
95 200 84 19
418 152 84 3
200 31 84 6
443 231 84 18
264 329 84 3
25 25 84 6
355 183 84 18
49 109 84 17
22 424 84 19
207 219 84 11
74 313 84 6
387 293 84 18
307 55 84 16
145 60 84 18
14 324 84 3
364 358 84 6
396 265 84 10
289 324 84 11
124 345 84 3
202 114 84 2
429 187 84 8
418 136 84 5
121 443 84 10
301 150 84 14
275 163 84 6
139 89 84 2
18 37 84 4
90 335 84 11
280 11 84 4
446 212 84 4
384 203 84 4
208 173 84 8
324 293 84 13
57 157 84 17
287 431 84 9
403 122 84 1
430 150 84 20
284 249 84 13
14 81 84 6
98 89 84 11
296 36 84 4
244 243 84 4
327 119 84 10
425 185 84 19
215 25 84 4
177 437 84 4
228 419 84 3
336 265 84 19
331 278 84 14
326 386 84 14
106 244 84 17
79 50 84 2
234 376 84 5
244 363 84 16
411 130 84 19
113 307 84 19
404 97 84 3
397 442 84 12
191 325 84 18
75 214 84 7
48 319 84 18
65 397 84 20
315 183 84 18
255 437 84 6
370 400 84 18
72 65 84 16
221 32 84 20
341 428 84 8
278 182 84 6
56 266 84 10
219 323 84 10
189 388 84 3
198 265 84 10
145 72 84 14
8 442 84 13
11 76 84 3
329 296 84 6
297 189 84 16
260 30 84 12
110 95 84 19
173 324 84 17
107 65 84 8
438 272 84 1
78 416 84 13
143 434 84 10
171 7 84 18
273 335 84 9
396 195 84 15
72 17 84 9
387 126 84 20
73 298 84 13
81 414 84 6
40 405 84 18
272 35 84 18
119 187 84 12
417 367 84 17
354 192 84 13
139 150 84 18
122 222 84 8
135 171 84 12
262 243 84 19
265 333 84 10
342 382 84 8
253 207 84 6
132 325 84 18
18 305 84 15
356 211 84 5
145 349 84 19
128 33 84 18
127 177 84 13
261 438 84 2
255 265 84 6
216 169 84 7
143 421 84 19
115 116 84 6
273 133 84 4
360 51 84 15
192 196 84 7
184 323 84 6
396 3 84 14
342 273 84 20
82 91 84 6
155 306 84 19
163 11 84 14
376 125 84 3
30 407 84 6
445 330 84 11
176 84 84 15
275 267 84 11
397 226 84 9
248 120 84 8
109 211 84 19
225 366 84 11
73 91 84 12
351 29 84 10
307 69 84 12
395 66 84 7
96 252 84 15
440 79 84 8
222 28 84 6
6 285 84 18
72 404 84 13
219 181 84 1
243 263 84 4
278 166 84 17
438 35 84 16
120 429 84 16
131 88 84 20
235 90 84 18
149 311 84 2
298 316 84 19
129 387 84 7
171 168 84 11
140 421 84 15
210 251 84 18
298 241 84 16
17 370 84 4
258 63 84 14
294 298 84 4
418 9 84 20
142 317 84 14
151 445 84 14
116 178 84 17
272 328 84 19
243 90 84 3
389 397 84 13
123 423 84 10
306 233 84 14
128 89 84 5
40 59 84 18
261 201 84 9
361 361 84 7
410 30 84 14
189 301 84 5
389 96 84 12
392 47 84 11
198 180 84 13
384 38 84 9
186 165 84 4
284 204 84 13
401 28 84 19
377 398 84 20
361 370 84 13
85 111 84 17
146 62 84 10
296 16 84 17
405 224 84 18
42 160 84 12
358 345 84 9
326 182 84 19
363 135 84 3
152 75 84 6
312 445 84 1
54 92 84 17
96 237 84 3
253 95 84 11
10 52 84 16
392 93 84 7
375 13 84 3
85 339 84 15
445 254 84 12
396 415 84 3
286 280 84 18
109 343 84 10
52 2 84 11
56 254 84 8
86 263 84 7
339 218 84 12
305 145 84 16
168 229 84 9
222 236 84 16
420 184 84 15
256 33 84 10
98 151 84 1
32 202 84 15
211 267 84 1
38 353 84 1
362 244 84 19
342 111 84 11
344 278 84 13
237 62 84 19
393 45 84 9
69 300 84 11
45 407 84 10
353 438 84 18
215 212 84 13
340 249 84 2
291 173 84 16
2 77 84 20
314 420 84 10
417 209 84 6
309 164 84 13
394 243 84 5
64 287 84 20
331 202 84 18
362 426 84 11
212 318 84 18
425 162 84 6
434 173 84 5
116 50 84 16
86 19 84 13
108 337 84 13
173 283 84 1
111 356 84 19
8 239 84 15
342 163 84 15
4 375 84 11
370 352 84 4
15 348 84 12
194 26 84 16
345 112 84 20
267 219 84 12
363 401 84 2
254 74 84 14
431 81 84 3
362 433 84 20
281 446 84 16
71 368 84 17
31 393 84 6
174 149 84 18
356 46 84 19
130 322 84 18
240 238 84 8
185 54 84 12
59 38 84 3
172 409 84 1
447 243 84 5
212 323 84 4
328 363 84 8
354 90 84 9
405 8 84 2
131 137 84 4
84 376 84 14
438 124 84 4
429 182 84 5
53 353 84 19
109 362 84 3
163 126 84 8
147 16 84 5
77 369 84 18
154 337 84 14
287 20 84 3
294 113 84 6
111 104 84 7
418 95 84 19
336 147 84 18
215 255 84 9
346 417 84 1
352 126 84 20
273 202 84 5
294 356 84 20
322 195 84 8
39 51 84 6
132 161 84 14
358 141 84 3
309 29 84 19
185 253 84 18
412 151 84 8
318 55 84 13
250 338 84 19
103 194 84 8
302 68 84 1
73 116 84 13
413 248 84 17
420 168 84 17
63 39 84 20
310 223 84 18
373 188 84 19
406 68 84 4
127 327 84 20
49 429 84 13
337 293 84 8
371 365 84 11
19 341 84 12
283 313 84 5
251 385 84 3
258 247 84 17
70 183 84 6
32 151 84 18
59 277 84 18
423 335 84 8
96 224 84 9
283 148 84 18
139 176 84 14
251 21 84 18
84 282 84 17
403 92 84 8
60 171 84 10
351 212 84 2
272 281 84 8
63 266 84 7
303 362 84 9
388 197 84 12
390 335 84 4
296 139 84 18
76 222 84 5
241 187 84 13
206 246 84 19
362 149 84 5
212 421 84 3
357 46 84 4
390 358 84 11
200 298 84 19
166 251 84 12
308 109 84 4
33 184 84 7
39 425 84 5
156 193 84 16
443 107 84 15
47 328 84 18
389 238 84 18
92 190 84 4
176 389 84 10
446 108 84 11
167 425 84 8
36 20 84 19
127 68 84 11
414 223 84 12
52 218 84 15
296 264 84 11
76 205 84 10
359 306 84 18
105 44 84 5
158 43 84 5
15 219 84 10
436 255 84 13
167 381 84 14
322 357 84 17
222 408 84 12
239 257 84 15
146 342 84 10
290 253 84 10
186 357 84 7
24 68 84 10
416 92 84 10
348 90 84 3
299 257 84 7
327 131 84 18
120 363 84 8
140 164 84 14
434 309 84 13
38 161 84 16
414 346 84 4
377 380 84 12
402 358 84 18
189 259 84 14
239 120 84 13
233 10 84 9
135 139 84 2
8 279 84 18
137 275 84 19
161 322 84 2
447 288 84 9
195 228 84 3
11 182 84 20
374 380 84 2
380 172 84 1
195 414 84 1
151 111 84 6
31 119 84 20
65 255 84 1
416 425 84 10
44 424 84 13
27 172 84 11
379 192 84 1
204 118 84 14
298 51 84 15
74 255 84 11
306 415 84 11
229 9 84 3
441 73 84 12
32 51 84 17
392 104 84 19
155 130 84 8
145 71 84 20
326 285 84 4
3 135 84 2
298 218 84 18
122 86 84 19
57 314 84 8
109 317 84 14
416 359 84 16
264 303 84 14
88 20 84 10
93 164 84 8
289 52 84 17
155 55 84 2
92 362 84 3
283 37 84 4
4 93 84 7
181 201 84 2
2 180 84 15
321 443 84 15
297 93 84 14
412 185 84 14
150 26 84 4
173 190 84 20
339 281 84 4
286 126 84 19
317 140 84 19
225 330 84 7
13 331 84 13
148 205 84 18
159 54 84 8
178 18 84 2
371 177 84 3
178 349 84 14
39 251 84 18
261 99 84 2
83 415 84 14
6 203 84 13
130 215 84 13
443 372 84 8
304 83 84 4
257 271 84 10
404 194 84 13
139 381 84 3
64 419 84 20
289 242 84 7
192 324 84 19
235 340 84 11
159 22 84 8
424 28 84 5
436 331 84 15
74 151 84 5
176 107 84 16
18 256 84 3
208 319 84 5
211 170 84 18
312 361 84 11
400 148 84 4
244 317 84 15
301 293 84 15
303 292 84 13
398 365 84 5
315 94 84 16
436 111 84 7
42 328 84 12
67 91 84 4
343 412 84 8
58 374 84 3
103 170 84 8
189 34 84 19
292 336 84 12
288 286 84 14
435 164 84 1
251 152 84 6
332 193 84 7
274 269 84 19
395 164 84 20
439 222 84 8
184 334 84 7
255 75 84 15
182 376 84 8
389 226 84 10
87 223 84 20
325 26 84 18
236 367 84 18
27 193 84 10
365 150 84 17
230 152 84 3
22 345 84 11
440 153 84 19
434 334 84 1
326 285 84 18
67 372 84 5
418 259 84 19
36 48 84 4
284 74 84 5
373 2 84 3
178 241 84 7
215 262 84 11
147 264 84 13
164 250 84 20
108 139 84 19
278 215 84 12
224 186 84 19
215 221 84 16
115 67 84 1
218 439 84 1
34 180 84 7
10 394 84 5
321 93 84 3
347 266 84 5
269 374 84 8
39 204 84 5
189 437 84 14
141 204 84 20
150 329 84 18
233 99 84 3
326 142 84 13
213 152 84 10
362 35 84 9
337 392 84 7
114 223 84 18
40 261 84 7
170 13 84 17
48 153 84 12
156 313 84 2
341 108 84 3
71 433 84 19
426 209 84 15
291 123 84 1
258 22 84 14
43 145 84 1
202 184 84 3
127 353 84 13
51 410 84 1
189 129 84 13
208 32 84 18
336 112 84 20
158 101 84 6
141 391 84 12
168 211 84 20
150 253 84 7
354 17 84 19
371 153 84 14
411 204 84 3
166 402 84 19
233 163 84 11
407 51 84 8
139 218 84 16
70 368 84 16
132 98 84 16
216 247 84 7
7 153 84 5
428 87 84 6
308 60 84 9
171 235 84 5
171 20 84 20
203 436 84 16
347 127 84 11
143 206 84 11
350 338 84 9
319 116 84 9
94 122 84 13
353 102 84 2
307 420 84 5
37 153 84 10
158 323 84 1
15 79 84 3
368 435 84 19
55 140 84 4
98 42 84 8
249 361 84 15
200 17 84 7
313 369 84 18
75 238 84 2
343 274 84 1
408 442 84 6
45 9 84 18
127 386 84 5
335 440 84 10
312 101 84 14
179 349 84 11
161 111 84 7
274 433 84 12
42 60 84 17
248 412 84 16
150 372 84 20
384 426 84 13
259 105 84 10
121 440 84 11
122 314 84 9
175 46 84 12
151 206 84 14
154 33 84 1
88 84 84 20
259 331 84 13
257 43 84 19
259 426 84 12
279 237 84 12
238 367 84 20
189 42 84 19
250 226 84 9
212 387 84 16
285 103 84 5
354 190 84 14
35 11 84 8
137 268 84 17
174 89 84 8
190 368 84 20
320 168 84 15
442 356 84 16
430 158 84 16
27 379 84 12
276 217 84 7
120 123 84 20
57 167 84 19
334 313 84 20
197 50 84 18
59 249 84 12
167 121 84 12
184 115 84 8
263 107 84 12
120 133 84 15
373 408 84 3
281 80 84 16
398 146 84 13
68 33 84 19
16 239 84 3
52 297 84 9
18 16 84 4
151 210 84 11
202 25 84 16
420 154 84 1
122 79 84 19
41 369 84 8
91 319 84 19
318 396 84 5
400 411 84 10
94 15 84 12
36 42 84 16
108 192 84 15
294 403 84 5
139 375 84 1
117 50 84 18
66 100 84 2
104 200 84 12
287 70 84 6
56 32 84 17
63 125 84 12
376 170 84 12
268 277 84 18
369 123 84 11
67 272 84 8
355 388 84 1
294 16 84 12
164 119 84 5
352 406 84 3
52 24 84 18
162 86 84 2
286 14 84 13
15 292 84 16
393 213 84 19
279 290 84 20
102 207 84 19
432 54 84 8
413 227 84 20
157 132 84 11
408 183 84 13
253 354 84 7
222 202 84 5
361 217 84 13
350 172 84 17
14 13 84 2
396 124 84 20
271 108 84 19
172 84 84 20
202 240 84 7
199 210 84 5
220 15 84 2
325 237 84 2
7 160 84 7
437 62 84 15
186 75 84 20
233 33 84 17
30 304 84 12
337 38 84 15
434 249 84 10
214 1 84 1
187 220 84 7
65 107 84 7
145 124 84 9
4 113 84 15
44 298 84 17
96 84 84 4
272 123 84 16
118 23 84 4
57 9 84 6
255 222 84 2
206 418 84 20
182 36 84 7
403 190 84 14
347 194 84 5
353 247 84 10
443 343 84 9
118 167 84 13
107 294 84 9
143 360 84 20
427 167 84 1
275 383 84 15
351 127 84 17
87 82 84 16
393 439 84 9
375 344 84 10
207 339 84 19
142 19 84 4
199 135 84 16
279 277 84 17
386 267 84 1
268 94 84 15
121 444 84 10
18 84 84 8
115 39 84 14
405 413 84 2
58 182 84 16
52 333 84 20
213 85 84 4
229 373 84 9
168 311 84 3
273 132 84 20
323 262 84 7
52 279 84 15
319 404 84 17
131 371 84 4
285 428 84 3
351 33 84 8
425 255 84 5
206 36 84 10
254 213 84 15
131 48 84 19
101 370 84 9
78 431 84 1
137 303 84 11
245 443 84 19
329 290 84 5
157 193 84 17
307 180 84 2
105 386 84 16
274 202 84 6
317 333 84 2
44 443 84 8
22 73 84 19
299 210 84 9
84 17 84 4
240 345 84 17
377 54 84 17
108 371 84 1
94 38 84 2
115 321 84 12
358 191 84 4
202 234 84 5
426 266 84 15
186 127 84 19
268 210 84 1
335 3 84 10
254 389 84 6
376 49 84 10
231 142 84 14
23 266 84 12
27 187 84 5
373 398 84 3
268 376 84 15
225 124 84 5
411 391 84 16
166 288 84 13
276 95 84 5
440 33 84 20
99 263 84 9
243 296 84 1
260 332 84 19
30 258 84 16
53 78 84 18
332 312 84 9
299 285 84 3
29 3 84 5
218 279 84 14
348 281 84 6
80 389 84 15
410 184 84 9
111 6 84 3
446 45 84 13
284 98 84 3
60 439 84 7
417 290 84 7
281 329 84 16
422 99 84 2
230 10 84 11
70 99 84 16
173 61 84 4
134 181 84 12
427 189 84 10
82 25 84 15
282 95 84 6
335 74 84 7
236 354 84 18
139 338 84 7
330 120 84 5
364 200 84 8
339 382 84 8
51 79 84 13
226 58 84 15
445 149 84 7
324 430 84 20
184 328 84 2
343 116 84 6
384 264 84 2
86 156 84 9
244 72 84 6
63 420 84 19
389 34 84 7
1 269 84 5
249 266 84 13
95 142 84 19
34 335 84 16
47 230 84 15
424 176 84 11
244 261 84 13
193 67 84 15
352 129 84 12
445 80 84 12
169 81 84 14
397 339 84 19
336 433 84 9
268 30 84 13
70 86 84 10
7 62 84 4
207 315 84 7
115 71 84 1
114 432 84 3
86 429 84 14
90 150 84 12
363 109 84 7
16 444 84 12
268 265 84 8
406 344 84 8
327 361 84 8
434 120 84 11
364 245 84 12
360 358 84 13
48 443 84 8
263 86 84 19
110 11 84 18
316 26 84 1
61 303 84 15
291 262 84 11
150 151 84 10
81 137 84 14
346 53 84 4
234 423 84 6
106 23 84 14
406 285 84 9
418 405 84 4
101 273 84 10
227 343 84 14
181 187 84 2
31 336 84 7
251 426 84 7
143 324 84 6
290 120 84 11
347 225 84 16
399 193 84 8
110 173 84 5
267 273 84 5
13 53 84 13
72 243 84 7
391 283 84 10
414 86 84 7
127 238 84 14
359 90 84 16
119 436 84 3
348 398 84 16
415 60 84 3
439 336 84 19
299 359 84 7
54 430 84 2
442 373 84 6
281 340 84 20
109 29 84 17
261 397 84 2
95 68 84 2
153 415 84 12
404 383 84 20
381 384 84 2
183 235 84 14
57 298 84 14
163 292 84 11
114 136 84 16
160 244 84 3
443 67 84 13
379 161 84 12
314 324 84 20
208 280 84 15
162 223 84 9
14 405 84 12
234 14 84 14
436 186 84 15
116 299 84 3
156 21 84 8
223 17 84 13
240 405 84 15
323 271 84 10
384 32 84 1
380 203 84 13
323 226 84 6
53 12 84 4
90 447 84 2
419 125 84 3
446 280 84 20
280 56 84 8
180 295 84 4
240 170 84 19
197 117 84 3
423 49 84 12
434 371 84 3
413 433 84 1
416 86 84 19
157 57 84 19
206 66 84 18
286 355 84 1
382 87 84 17
436 336 84 1
323 85 84 13
251 70 84 19
381 57 84 14
299 32 84 7
218 447 84 18
146 166 84 13
198 382 84 7
83 220 84 7
23 155 84 17
267 153 84 4
234 28 84 16
316 288 84 19
10 221 84 20
85 82 84 12
155 299 84 8
300 7 84 7
74 204 84 5
361 287 84 13
117 309 84 17
397 129 84 1
128 372 84 15
390 250 84 13
275 270 84 14
226 364 84 12
209 71 84 7
201 380 84 1
368 6 84 4
13 376 84 2
344 46 84 19
382 5 84 10
135 142 84 16
372 84 84 1
2 369 84 16
309 147 84 2
250 365 84 17
52 128 84 2
307 49 84 6
318 71 84 10
169 414 84 10
348 358 84 14
208 55 84 5
2 426 84 11
45 437 84 1
358 298 84 6
139 110 84 7
1 171 84 1
241 30 84 8
50 347 84 20
235 78 84 1
37 435 84 11
291 195 84 18
238 196 84 8
279 241 84 17
241 161 84 2
360 299 84 10
386 299 84 15
102 93 84 9
314 142 84 8
158 386 84 12
416 433 84 1
136 276 84 14
358 76 84 16
120 365 84 2
329 158 84 16
377 70 84 11
108 18 84 13
445 130 84 6
375 6 84 15
214 163 84 3
130 131 84 18
44 277 84 14
153 197 84 19
20 326 84 12
127 207 84 5
404 137 84 6
85 244 84 3
75 251 84 15
157 178 84 14
401 391 84 15
136 84 84 16
303 127 84 14
298 279 84 19
388 298 84 10
386 434 84 5
94 390 84 16
338 38 84 13
153 112 84 2
107 279 84 1
66 232 84 11
198 377 84 13
13 232 84 11
114 92 84 13
401 32 84 12
129 417 84 15
64 73 84 3
145 411 84 5
32 126 84 13
170 233 84 13
48 308 84 3
316 58 84 13
231 80 84 12
272 193 84 1
154 156 84 11
344 295 84 4
74 368 84 14
203 66 84 9
369 107 84 19
209 286 84 3
338 333 84 14
260 212 84 13
112 5 84 1
194 286 84 1
368 2 84 13
136 346 84 5
330 419 84 5
150 174 84 1
380 95 84 5
299 313 84 9
12 203 84 7
33 16 84 16
122 127 84 5
280 330 84 20
203 250 84 17
282 395 84 8
208 288 84 11
65 437 84 8
433 370 84 11
24 231 84 9
348 242 84 9
110 285 84 11
93 406 84 7
90 248 84 9
362 3 84 8
198 295 84 8
380 65 84 11
85 129 84 2
421 125 84 2
413 158 84 1
271 58 84 2
342 177 84 17
437 279 84 3
222 368 84 8
326 292 84 16
252 43 84 8
126 432 84 20
297 69 84 7
11 52 84 11
93 28 84 16
426 298 84 13
106 202 84 10
70 202 84 12
2 423 84 5
191 311 84 6
382 115 84 17
431 251 84 17
97 100 84 13
338 120 84 7
277 213 84 19
373 191 84 9
89 306 84 16
429 375 84 12
174 386 84 7
286 139 84 17
252 73 84 14
271 56 84 12
273 162 84 5
354 53 84 16
40 339 84 17
199 264 84 9
229 362 84 13
14 354 84 17
446 80 84 3
417 365 84 18
250 179 84 9
218 2 84 5
426 275 84 15
307 181 84 19
307 230 84 7
82 439 84 18
47 220 84 5
327 233 84 20
87 232 84 11
252 211 84 6
98 23 84 10
36 241 84 5
30 229 84 2
186 88 84 9
403 404 84 14
75 38 84 2
19 84 84 13
325 410 84 4
90 59 84 5
391 310 84 15
162 417 84 10
122 6 84 16
83 35 84 12
328 230 84 13
316 196 84 20
87 270 84 7
296 298 84 16
278 176 84 17
45 275 84 8
53 219 84 1
271 380 84 7
64 64 84 5
98 146 84 15
360 36 84 9
272 352 84 20
141 438 84 19
38 287 84 3
38 127 84 1
447 171 84 20
21 233 84 1
362 56 84 1
225 119 84 11
93 226 84 5
5 138 84 6
147 410 84 13
47 103 84 11
216 150 84 10
246 197 84 2
3 197 84 2
45 227 84 6
305 151 84 16
51 375 84 18
317 30 84 14
291 45 84 17
291 201 84 2
205 248 84 8
110 26 84 15
320 271 84 16
210 284 84 1
279 338 84 17
134 196 84 3
43 256 84 11
91 135 84 3
355 425 84 15
319 269 84 7
245 36 84 9
293 155 84 7
44 28 84 9
2 247 84 14
165 78 84 1
108 211 84 15
212 264 84 16
243 354 84 14
323 271 84 6
438 142 84 8
316 396 84 12
441 242 84 2
154 295 84 18
148 306 84 2
425 24 84 7
156 141 84 12
91 352 84 19
282 157 84 17
159 33 84 5
24 33 84 13
157 348 84 8
326 351 84 8
212 57 84 7
135 215 84 14
294 202 84 8
93 357 84 5
103 11 84 13
376 292 84 20
119 13 84 10
132 37 84 17
296 193 84 11
409 81 84 8
316 302 84 19
91 436 84 11
171 292 84 9
284 385 84 7
100 40 84 10
278 426 84 10
166 107 84 16
95 248 84 2
67 96 84 15
385 58 84 5
170 383 84 11
21 36 84 4
86 206 84 11
342 52 84 9
81 162 84 17
277 439 84 6
327 167 84 12
400 262 84 3
61 338 84 20
372 275 84 9
327 7 84 13
136 27 84 8
390 112 84 17
42 17 84 9
78 97 84 7
174 384 84 7
247 273 84 18
437 225 84 20
436 296 84 10
84 220 84 18
236 109 84 17
344 244 84 3
40 197 84 12
388 238 84 19
361 326 84 2
38 52 84 15
174 308 84 7
19 297 84 12
135 286 84 13
141 369 84 16
431 168 84 4
281 74 84 1
158 113 84 9
146 63 84 10
150 424 84 5
260 24 84 10
317 197 84 15
199 225 84 6
315 359 84 3
280 62 84 13
37 56 84 3
339 336 84 2
1 56 84 13
306 201 84 16
412 360 84 20
385 173 84 15
420 52 84 2
315 250 84 4
69 117 84 18
119 406 84 15
90 442 84 11
238 344 84 6
12 354 84 4
345 223 84 6
303 187 84 20
228 134 84 10
186 116 84 11
350 430 84 1
292 62 84 19
146 180 84 19
81 269 84 18
61 59 84 1
396 80 84 16
340 424 84 2
38 279 84 9
105 69 84 5
354 264 84 9
207 177 84 5
309 21 84 20
90 176 84 20
287 256 84 13
42 326 84 17
139 275 84 1
153 167 84 9
379 214 84 17
354 328 84 3
16 244 84 7
250 3 84 17
19 311 84 8
297 411 84 3
326 250 84 10
167 291 84 5
85 440 84 4
83 145 84 10
66 87 84 2
328 440 84 17
222 18 84 10
379 267 84 1
275 286 84 8
181 145 84 4
283 23 84 3
184 199 84 20
420 294 84 14
46 386 84 8
295 4 84 8
311 332 84 14
218 116 84 17
368 47 84 11
73 331 84 15
99 64 84 13
88 357 84 16
337 93 84 6
439 75 84 2
86 130 84 17
334 424 84 11
212 288 84 9
102 58 84 5
446 425 84 17
183 60 84 1
195 159 84 17
361 256 84 6
113 145 84 10
53 136 84 5
296 231 84 14
30 118 84 18
224 339 84 19
303 440 84 17
49 1 84 1
309 184 84 4
4 388 84 20
210 302 84 16
335 414 84 8
105 29 84 13
416 334 84 6
399 373 84 5
359 149 84 2
168 4 84 6
45 63 84 9
355 371 84 18
278 374 84 11
369 147 84 11
269 34 84 14
313 149 84 17
55 117 84 1
38 79 84 18
128 447 84 14
129 177 84 11
112 221 84 4
106 139 84 2
292 416 84 5
419 338 84 10
410 169 84 6
377 34 84 1
372 98 84 7
263 136 84 14
79 273 84 15
44 402 84 13
22 66 84 3
62 181 84 11
25 36 84 20
381 7 84 8
437 427 84 3
79 356 84 4
326 291 84 11
252 106 84 2
257 195 84 13
260 238 84 4
440 269 84 12
404 330 84 7
58 364 84 5
138 297 84 20
108 286 84 3
256 374 84 19
437 252 84 15
269 67 84 3
245 333 84 9
37 145 84 18
240 148 84 20
72 114 84 10
84 171 84 1
141 319 84 10
204 436 84 13
247 245 84 13
208 234 84 12
12 65 84 6
368 310 84 4
35 356 84 13
385 159 84 12
120 230 84 20
173 323 84 15
153 16 84 9
439 219 84 1
116 28 84 12
167 245 84 17
33 266 84 8
411 187 84 5
228 231 84 20
199 168 84 1
327 297 84 11
121 23 84 4
95 185 84 16
388 176 84 19
232 291 84 14
320 21 84 13
204 53 84 8
153 16 84 15
421 253 84 2
161 14 84 19
48 340 84 4
175 13 84 20
186 118 84 7
213 68 84 18
21 299 84 6
303 171 84 2
403 374 84 2
312 90 84 7
416 63 84 6
304 223 84 9
379 281 84 1
293 18 84 7
240 203 84 3
380 425 84 1
259 445 84 17
428 311 84 18
180 266 84 1
431 130 84 12
260 99 84 7
342 412 84 15
438 343 84 11
426 198 84 2
446 437 84 15
137 380 84 7
341 191 84 6
407 181 84 19
205 370 84 18
377 363 84 9
201 175 84 20
88 80 84 12
207 70 84 3
159 58 84 17
138 66 84 12
319 202 84 12
41 106 84 10
198 65 84 15
227 279 84 20
65 219 84 6
43 419 84 12
128 69 84 2
178 285 84 9
132 6 84 13
284 143 84 20
436 25 84 6
72 65 84 14
346 262 84 9
362 42 84 20
301 116 84 20
154 158 84 12
182 286 84 9
299 26 84 3
38 157 84 18
301 4 84 9
173 439 84 13
256 73 84 12
444 418 84 17
259 343 84 5
362 196 84 13
237 349 84 15
83 94 84 9
7 392 84 7
216 440 84 3
431 293 84 2
351 18 84 19
295 283 84 14
303 279 84 7
146 100 84 14
30 15 84 6
30 251 84 13
207 343 84 13
222 349 84 11
272 128 84 4
41 121 84 16
251 24 84 17
24 328 84 14
307 183 84 10
134 339 84 3
292 368 84 15
209 407 84 6
27 166 84 7
395 397 84 10
260 231 84 6
118 272 84 4
278 85 84 4
18 108 84 6
41 425 84 14
343 111 84 3
307 412 84 17
285 173 84 2
76 209 84 2
219 156 84 7
263 426 84 1
435 106 84 20
289 393 84 17
167 410 84 11
371 14 84 6
321 356 84 1
172 225 84 17
381 62 84 13
112 147 84 3
18 365 84 9
321 190 84 20
408 187 84 12
318 29 84 12
313 205 84 8
425 138 84 14
67 22 84 11
266 193 84 1
439 136 84 10
328 247 84 3
446 265 84 6
272 148 84 9
76 108 84 8
442 436 84 20
306 311 84 8
132 288 84 6
429 364 84 18
186 182 84 18
178 173 84 12
230 64 84 11
439 72 84 2
137 343 84 19
15 428 84 13
90 422 84 13
202 290 84 7
72 421 84 17
89 402 84 8
117 151 84 12
357 328 84 6
276 110 84 1
5 111 84 16
7 248 84 3
157 272 84 5
415 371 84 5
223 126 84 14
342 207 84 11
300 295 84 11
175 421 84 3
250 330 84 20
51 169 84 3
372 173 84 16
317 179 84 3
157 336 84 4
434 313 84 20
248 88 84 17
341 429 84 19
428 292 84 19
22 29 84 14
223 278 84 5
304 329 84 12
47 253 84 9
368 123 84 18
52 289 84 8
18 276 84 12
354 86 84 6
378 437 84 6
161 417 84 3
248 1 84 1
318 223 84 3
270 79 84 15
401 135 84 1
266 56 84 11
310 117 84 3
252 134 84 10
69 40 84 8
421 417 84 1
317 140 84 20
57 387 84 7
282 257 84 4
327 90 84 14
264 53 84 7
6 318 84 3
327 191 84 4
42 442 84 16
53 74 84 8
139 57 84 14
214 373 84 18
268 439 84 16
322 273 84 3
151 162 84 14
58 425 84 1
99 440 84 16
216 329 84 5
439 381 84 7
368 433 84 12
337 124 84 18
286 347 84 2
374 167 84 6
401 41 84 18
258 191 84 16
204 248 84 12
202 356 84 20
81 124 84 20
149 125 84 5
232 56 84 5
378 392 84 19
143 230 84 15
280 166 84 4
418 120 84 4
391 387 84 2
79 144 84 19
201 345 84 1
315 435 84 16
311 137 84 5
240 368 84 5
164 309 84 15
211 4 84 7
157 294 84 12
269 274 84 16
431 218 84 1
346 306 84 1
61 59 84 16
142 383 84 4
356 247 84 7
247 49 84 11
204 223 84 2
105 433 84 5
245 153 84 2
104 431 84 2
92 415 84 9
20 323 84 19
100 384 84 7
78 88 84 20
44 443 84 10
155 242 84 9
197 445 84 4
100 112 84 13
27 357 84 19
236 13 84 17
292 115 84 1
118 144 84 12
259 243 84 1
11 321 84 8
156 364 84 12
99 71 84 6
101 268 84 5
