2000 666
324 321 36 11
61 306 36 13
409 340 36 5
48 426 36 15
237 20 36 19
422 418 36 7
247 41 36 1
166 409 36 5
157 232 36 6
147 2 36 14
310 325 36 5
256 395 36 1
14 357 36 8
362 414 36 8
431 203 36 11
188 187 36 14
417 444 36 20
201 172 36 13
319 339 36 18
7 38 36 13
66 358 36 14
436 176 36 16
228 189 36 19
368 113 36 16
40 107 36 2
178 294 36 3
296 263 36 20
18 26 36 1
157 354 36 11
81 360 36 12
6 426 36 20
265 424 36 9
35 214 36 10
161 135 36 1
264 184 36 3
122 362 36 7
166 220 36 11
207 247 36 15
419 414 36 17
85 57 36 12
235 72 36 15
306 336 36 10
105 381 36 8
102 104 36 10
212 367 36 3
438 41 36 8
63 207 36 18
397 423 36 2
320 394 36 7
149 31 36 19
347 275 36 2
77 133 36 1
240 237 36 12
169 349 36 5
233 123 36 6
43 114 36 18
214 176 36 10
167 136 36 6
377 8 36 6
106 166 36 20
338 65 36 19
204 151 36 8
406 390 36 13
93 112 36 17
341 354 36 12
72 396 36 19
290 162 36 8
277 338 36 18
239 278 36 7
147 383 36 11
105 284 36 6
327 40 36 5
245 445 36 7
410 101 36 14
38 4 36 4
226 85 36 11
90 374 36 14
130 213 36 10
314 4 36 1
59 160 36 5
425 264 36 19
419 154 36 12
117 408 36 10
204 380 36 3
422 418 36 7
89 206 36 9
161 306 36 16
404 445 36 19
90 311 36 5
64 369 36 9
420 347 36 12
175 318 36 14
426 434 36 10
238 200 36 15
150 174 36 15
86 272 36 1
96 432 36 6
42 398 36 14
211 41 36 14
384 114 36 6
279 96 36 19
447 270 36 18
322 258 36 13
167 49 36 8
391 208 36 18
149 293 36 4
122 398 36 2
400 440 36 3
238 213 36 10
376 149 36 3
9 437 36 18
435 437 36 13
295 321 36 12
151 40 36 3
206 430 36 8
8 141 36 19
82 272 36 10
140 224 36 18
158 24 36 17
227 400 36 14
408 418 36 15
228 406 36 2
336 253 36 17
255 403 36 1
232 171 36 20
427 189 36 10
20 270 36 9
10 419 36 16
3 139 36 2
208 365 36 14
124 326 36 17
30 116 36 8
372 4 36 9
150 269 36 12
404 63 36 16
214 52 36 19
164 71 36 16
395 91 36 12
403 103 36 18
435 320 36 14
428 6 36 8
392 36 36 5
324 417 36 2
61 120 36 9
220 86 36 16
103 309 36 16
183 35 36 5
86 430 36 14
406 385 36 20
418 372 36 3
348 353 36 5
165 307 36 11
108 184 36 6
54 254 36 3
288 37 36 18
137 149 36 17
28 331 36 3
10 416 36 15
81 375 36 4
265 345 36 17
320 255 36 14
381 430 36 3
40 90 36 20
116 153 36 9
320 440 36 8
163 129 36 5
325 167 36 18
74 186 36 8
252 276 36 1
377 93 36 6
437 423 36 2
402 356 36 11
237 406 36 2
264 74 36 4
98 393 36 9
425 109 36 12
443 443 36 1
355 69 36 20
235 330 36 15
52 259 36 16
213 249 36 15
182 213 36 8
133 12 36 4
193 276 36 9
395 383 36 9
162 371 36 10
58 366 36 20
139 283 36 5
396 80 36 7
44 131 36 14
241 344 36 1
414 88 36 1
58 231 36 2
97 423 36 18
219 381 36 13
296 95 36 3
35 162 36 4
225 311 36 4
37 259 36 20
177 312 36 14
149 115 36 13
369 91 36 18
355 148 36 2
362 244 36 2
207 25 36 18
444 321 36 6
148 365 36 16
237 142 36 14
161 178 36 19
165 365 36 17
320 66 36 16
370 435 36 9
71 352 36 17
2 276 36 13
366 45 36 19
215 41 36 2
169 198 36 12
295 444 36 12
283 158 36 16
93 332 36 9
223 204 36 8
21 137 36 2
367 207 36 3
403 209 36 20
255 137 36 6
132 351 36 2
349 83 36 9
26 377 36 16
312 222 36 5
328 314 36 3
271 90 36 9
289 120 36 2
295 39 36 11
214 4 36 10
419 269 36 20
230 410 36 11
82 312 36 15
142 347 36 20
188 211 36 15
411 101 36 16
61 371 36 14
372 213 36 4
382 70 36 16
152 293 36 16
129 274 36 18
253 57 36 12
280 138 36 18
389 279 36 11
437 29 36 20
259 439 36 2
405 63 36 19
203 444 36 17
121 379 36 10
87 83 36 8
66 221 36 8
324 26 36 10
87 315 36 19
171 266 36 13
154 265 36 1
358 77 36 17
216 44 36 2
7 247 36 16
10 367 36 13
102 16 36 3
39 91 36 16
250 414 36 14
70 63 36 9
38 243 36 1
294 397 36 15
141 317 36 4
427 85 36 3
328 101 36 10
236 110 36 16
84 221 36 16
15 260 36 18
176 62 36 10
362 132 36 13
426 179 36 6
319 35 36 1
19 175 36 9
262 165 36 18
101 45 36 4
187 290 36 1
201 374 36 20
241 388 36 19
361 116 36 5
20 40 36 20
189 29 36 2
144 347 36 15
67 375 36 20
307 199 36 12
195 299 36 12
183 38 36 13
290 249 36 2
161 42 36 6
301 412 36 20
56 431 36 9
398 173 36 10
35 326 36 7
152 392 36 14
7 262 36 14
26 9 36 2
100 201 36 18
16 43 36 7
315 214 36 8
117 67 36 6
34 132 36 15
447 93 36 14
5 127 36 5
365 288 36 16
206 295 36 16
244 330 36 6
144 439 36 9
82 7 36 10
267 331 36 15
67 447 36 6
267 43 36 9
14 53 36 18
390 67 36 11
197 431 36 6
416 189 36 3
438 443 36 1
42 139 36 14
292 220 36 16
138 50 36 18
197 116 36 7
333 392 36 20
163 416 36 11
95 368 36 17
143 118 36 17
41 96 36 15
234 96 36 14
319 137 36 19
395 429 36 14
41 129 36 7
18 326 36 9
14 221 36 6
52 393 36 19
143 40 36 5
309 192 36 9
12 232 36 18
351 28 36 16
247 356 36 19
292 304 36 1
110 354 36 19
433 381 36 18
435 394 36 4
381 446 36 17
305 151 36 2
149 22 36 5
111 34 36 19
177 394 36 8
349 203 36 6
201 48 36 16
53 157 36 5
34 152 36 1
350 139 36 4
439 72 36 12
36 386 36 16
129 88 36 16
413 208 36 1
45 394 36 13
161 296 36 10
185 59 36 1
76 111 36 16
330 155 36 17
60 57 36 6
194 59 36 2
336 94 36 13
191 233 36 18
68 208 36 2
424 252 36 18
290 422 36 14
348 160 36 12
16 245 36 1
297 127 36 10
282 196 36 20
406 400 36 3
165 288 36 7
309 42 36 12
103 109 36 14
104 95 36 13
51 384 36 6
304 294 36 8
167 309 36 14
151 168 36 12
289 3 36 11
47 408 36 5
319 135 36 5
238 443 36 19
399 98 36 10
321 211 36 15
57 262 36 1
214 118 36 3
94 294 36 19
227 445 36 18
40 296 36 3
48 352 36 3
18 224 36 13
285 24 36 19
147 423 36 16
126 306 36 11
200 362 36 15
221 138 36 1
88 231 36 1
273 11 36 6
179 60 36 13
87 117 36 15
423 144 36 5
446 428 36 17
27 127 36 7
163 253 36 8
63 15 36 16
223 235 36 5
74 322 36 13
208 148 36 15
359 326 36 2
348 423 36 8
252 408 36 5
379 416 36 10
83 442 36 20
228 158 36 10
222 220 36 2
149 5 36 7
204 78 36 13
53 295 36 5
368 206 36 4
306 117 36 13
359 368 36 6
119 310 36 3
296 402 36 15
162 182 36 20
281 413 36 9
414 115 36 16
344 318 36 7
149 380 36 20
111 311 36 2
409 179 36 16
234 100 36 4
40 218 36 15
250 66 36 17
8 228 36 13
380 71 36 13
87 37 36 14
256 380 36 12
65 92 36 18
168 212 36 16
50 173 36 3
48 417 36 3
414 9 36 11
204 258 36 18
396 276 36 6
332 208 36 13
223 305 36 12
239 113 36 9
135 177 36 17
410 354 36 4
112 404 36 4
438 4 36 19
417 427 36 6
167 194 36 20
439 142 36 2
44 36 36 3
176 258 36 20
344 59 36 12
7 193 36 5
219 166 36 19
185 277 36 18
333 277 36 13
14 247 36 5
139 423 36 15
95 414 36 12
316 20 36 8
308 195 36 7
166 101 36 4
137 107 36 12
293 325 36 18
366 72 36 1
395 415 36 12
438 428 36 12
13 129 36 16
228 224 36 9
147 102 36 16
101 419 36 13
322 138 36 11
165 274 36 14
201 129 36 16
411 48 36 18
4 442 36 13
320 432 36 11
445 444 36 2
108 234 36 20
184 380 36 2
279 43 36 8
141 375 36 8
103 92 36 6
181 302 36 14
147 266 36 3
185 269 36 2
189 151 36 2
184 158 36 9
307 265 36 15
216 1 36 5
226 289 36 4
218 439 36 8
337 94 36 4
292 284 36 10
386 431 36 9
79 168 36 9
224 366 36 13
354 102 36 12
53 418 36 5
422 196 36 8
297 422 36 16
225 202 36 17
69 92 36 17
25 393 36 2
283 341 36 18
358 420 36 15
265 196 36 13
331 112 36 8
118 164 36 7
168 149 36 15
239 445 36 12
150 222 36 5
53 301 36 14
58 335 36 4
347 170 36 19
182 81 36 11
184 345 36 17
115 238 36 17
147 365 36 9
149 86 36 10
357 324 36 16
102 26 36 12
39 88 36 16
86 146 36 11
89 55 36 20
433 237 36 2
311 430 36 14
395 97 36 8
144 253 36 1
66 402 36 16
126 321 36 1
203 423 36 11
65 24 36 20
227 119 36 7
287 208 36 17
69 203 36 20
378 66 36 10
147 24 36 18
153 167 36 13
87 232 36 12
106 367 36 9
21 132 36 20
409 197 36 17
437 433 36 10
163 272 36 9
400 350 36 13
437 280 36 16
19 426 36 15
144 132 36 18
75 228 36 1
427 344 36 9
196 364 36 6
406 325 36 14
193 314 36 12
98 39 36 20
220 439 36 7
97 438 36 16
59 9 36 18
35 152 36 14
186 237 36 16
132 216 36 6
443 421 36 16
439 380 36 10
194 125 36 17
392 232 36 13
414 4 36 17
338 110 36 9
105 168 36 2
298 212 36 1
174 398 36 11
288 82 36 11
308 87 36 4
235 79 36 7
49 282 36 12
176 226 36 16
352 192 36 19
72 93 36 1
239 207 36 2
424 57 36 3
314 241 36 3
2 91 36 6
363 399 36 9
251 196 36 8
80 244 36 16
44 429 36 10
238 344 36 15
436 415 36 19
305 217 36 13
342 193 36 9
154 59 36 18
352 71 36 11
205 433 36 16
144 246 36 17
161 336 36 7
22 379 36 2
109 169 36 15
398 167 36 14
341 25 36 18
44 376 36 16
261 82 36 14
280 444 36 1
390 201 36 15
4 354 36 17
270 67 36 20
342 98 36 8
396 217 36 20
355 177 36 4
282 70 36 11
435 124 36 6
344 394 36 9
321 226 36 5
368 169 36 12
410 182 36 18
251 5 36 2
437 356 36 19
107 304 36 11
393 222 36 12
398 56 36 13
437 54 36 5
404 407 36 17
16 280 36 10
61 200 36 15
316 162 36 19
30 423 36 17
267 412 36 7
165 72 36 12
268 27 36 9
111 434 36 11
33 423 36 16
78 389 36 11
79 405 36 9
315 28 36 18
273 344 36 9
422 383 36 17
138 203 36 1
219 377 36 9
147 207 36 16
306 317 36 1
84 359 36 18
371 436 36 13
171 77 36 1
259 392 36 2
110 217 36 12
132 201 36 4
129 348 36 2
110 119 36 13
153 276 36 3
241 144 36 17
306 227 36 9
355 161 36 5
356 341 36 19
324 162 36 14
320 271 36 16
221 412 36 3
58 103 36 19
107 213 36 15
85 375 36 1
270 168 36 5
334 26 36 3
309 391 36 9
283 299 36 18
324 186 36 14
318 68 36 20
92 288 36 2
65 356 36 10
396 15 36 15
408 110 36 14
248 389 36 6
231 285 36 1
14 146 36 15
404 439 36 12
240 325 36 13
238 195 36 11
69 286 36 10
311 361 36 20
219 309 36 6
349 269 36 1
406 79 36 7
184 309 36 20
444 333 36 13
210 289 36 9
274 82 36 19
87 319 36 8
413 397 36 13
143 260 36 15
228 42 36 17
338 390 36 13
109 349 36 3
279 95 36 3
285 101 36 16
10 310 36 14
163 146 36 9
203 232 36 19
438 208 36 11
74 350 36 18
80 131 36 10
404 21 36 5
112 139 36 15
335 427 36 6
439 275 36 2
429 284 36 13
260 447 36 14
182 212 36 11
422 202 36 13
164 285 36 1
175 374 36 19
238 330 36 12
253 441 36 1
169 338 36 15
189 340 36 11
309 321 36 13
301 143 36 20
428 324 36 10
360 298 36 4
42 24 36 12
84 208 36 10
265 445 36 16
20 260 36 4
370 438 36 14
252 179 36 14
419 50 36 11
422 360 36 6
434 351 36 19
200 263 36 8
188 315 36 7
14 398 36 10
223 225 36 9
314 254 36 10
409 176 36 17
405 438 36 9
282 419 36 5
43 393 36 19
402 379 36 15
181 141 36 15
266 329 36 20
375 352 36 14
254 127 36 16
130 3 36 8
276 412 36 4
413 369 36 17
291 213 36 18
218 265 36 3
68 220 36 19
258 410 36 11
274 228 36 11
166 165 36 10
9 418 36 1
76 111 36 8
406 386 36 5
28 361 36 6
97 204 36 16
137 432 36 15
122 52 36 11
38 320 36 11
115 156 36 6
72 321 36 12
381 339 36 8
388 424 36 8
398 383 36 9
372 420 36 18
287 70 36 9
415 206 36 13
370 328 36 12
97 375 36 9
243 52 36 2
169 124 36 19
260 67 36 12
332 7 36 10
66 405 36 11
196 339 36 10
250 189 36 12
60 166 36 10
311 88 36 13
166 194 36 11
351 436 36 16
243 167 36 17
19 437 36 16
144 321 36 5
235 396 36 12
281 155 36 13
299 414 36 12
397 26 36 17
253 346 36 14
9 64 36 1
139 414 36 12
331 220 36 12
199 238 36 1
133 391 36 10
74 178 36 7
438 21 36 19
247 330 36 4
254 279 36 2
426 94 36 5
238 102 36 4
253 250 36 13
266 134 36 20
446 332 36 15
167 18 36 11
229 101 36 7
239 91 36 15
423 348 36 15
116 154 36 19
291 143 36 20
374 380 36 6
63 196 36 11
186 14 36 11
71 22 36 6
204 199 36 18
280 427 36 16
96 228 36 3
380 203 36 20
109 318 36 2
116 171 36 4
216 97 36 11
417 169 36 4
431 355 36 18
130 435 36 11
161 191 36 17
219 23 36 5
377 129 36 5
179 71 36 11
337 180 36 10
202 305 36 3
209 74 36 14
159 53 36 7
313 36 36 17
34 176 36 3
224 346 36 17
164 118 36 11
94 57 36 1
250 235 36 5
162 125 36 12
410 336 36 8
382 98 36 17
12 266 36 20
268 131 36 2
441 165 36 3
155 388 36 4
69 114 36 5
5 207 36 1
80 10 36 8
225 181 36 4
112 143 36 10
303 77 36 10
131 89 36 18
11 356 36 14
383 360 36 18
37 67 36 17
36 135 36 3
162 149 36 18
354 228 36 17
334 15 36 3
1 126 36 17
4 439 36 19
113 122 36 13
51 132 36 9
109 67 36 4
341 113 36 12
76 148 36 17
371 319 36 14
436 226 36 14
53 112 36 11
307 123 36 18
257 136 36 12
293 248 36 13
417 298 36 16
2 416 36 19
404 309 36 11
424 394 36 9
142 318 36 3
8 306 36 19
111 369 36 12
229 238 36 4
26 57 36 17
270 349 36 12
189 318 36 8
248 330 36 16
384 296 36 7
186 272 36 7
135 423 36 8
412 440 36 19
21 104 36 15
208 332 36 14
60 357 36 2
47 190 36 15
301 388 36 19
406 198 36 13
43 135 36 1
435 330 36 6
346 17 36 6
128 438 36 16
225 21 36 3
253 228 36 5
81 297 36 2
413 353 36 7
220 207 36 16
344 175 36 13
360 217 36 19
224 214 36 5
379 113 36 11
63 240 36 11
177 17 36 13
413 269 36 10
77 349 36 15
118 325 36 14
347 97 36 12
70 440 36 4
447 362 36 16
64 148 36 8
20 79 36 5
2 142 36 7
421 328 36 20
424 293 36 10
208 380 36 10
298 50 36 18
283 396 36 4
48 28 36 10
424 27 36 8
122 100 36 6
44 119 36 14
78 120 36 16
351 94 36 20
203 80 36 8
343 287 36 5
375 137 36 16
303 430 36 8
328 30 36 15
344 16 36 15
295 137 36 12
382 191 36 4
121 268 36 3
1 182 36 9
218 394 36 6
291 290 36 2
305 227 36 17
369 82 36 3
391 409 36 12
3 316 36 7
89 173 36 3
275 107 36 4
142 238 36 10
128 238 36 2
218 19 36 15
387 309 36 3
405 176 36 3
123 97 36 17
270 50 36 7
9 63 36 16
210 151 36 11
111 435 36 10
201 129 36 5
122 267 36 3
224 37 36 12
283 433 36 11
183 400 36 5
320 76 36 20
101 345 36 5
290 364 36 13
368 126 36 10
160 246 36 17
69 10 36 19
225 131 36 8
172 365 36 4
146 200 36 12
429 392 36 14
3 274 36 9
130 374 36 15
307 227 36 20
109 147 36 6
62 316 36 6
12 385 36 17
90 172 36 20
445 343 36 3
398 42 36 5
337 33 36 8
238 35 36 16
214 164 36 7
87 34 36 17
344 142 36 5
279 213 36 10
12 224 36 12
212 324 36 15
95 321 36 15
352 271 36 2
371 170 36 7
334 407 36 18
134 173 36 14
318 270 36 20
280 166 36 12
389 444 36 6
376 18 36 4
300 239 36 11
405 333 36 19
406 247 36 11
11 170 36 20
105 67 36 1
233 210 36 20
88 90 36 6
432 370 36 15
24 321 36 16
276 249 36 14
324 101 36 7
238 68 36 4
45 27 36 9
122 37 36 8
379 142 36 10
149 384 36 10
101 24 36 17
322 9 36 1
271 42 36 14
226 327 36 9
198 203 36 5
409 440 36 9
69 47 36 14
432 169 36 13
80 110 36 13
242 268 36 11
176 378 36 11
199 252 36 2
145 85 36 19
420 310 36 6
50 61 36 20
236 32 36 5
43 110 36 17
323 94 36 5
213 174 36 20
243 425 36 12
210 153 36 2
211 351 36 17
229 58 36 1
289 31 36 19
229 80 36 7
371 325 36 11
68 368 36 4
259 253 36 16
181 18 36 16
213 261 36 13
75 33 36 8
314 253 36 2
368 35 36 2
60 333 36 7
71 114 36 13
152 47 36 5
264 115 36 10
39 373 36 13
375 107 36 20
436 329 36 10
28 403 36 13
228 279 36 13
332 200 36 10
57 259 36 18
268 339 36 20
112 43 36 17
280 306 36 7
378 355 36 14
281 292 36 17
202 280 36 16
393 317 36 10
170 98 36 8
209 439 36 3
282 58 36 19
240 326 36 14
312 437 36 6
441 269 36 18
236 209 36 12
414 42 36 4
261 244 36 1
436 199 36 5
129 378 36 6
101 139 36 13
271 420 36 13
263 213 36 3
155 87 36 12
90 90 36 8
340 326 36 20
60 302 36 4
71 116 36 16
361 104 36 1
84 233 36 6
351 343 36 17
163 166 36 13
42 438 36 5
256 156 36 12
12 245 36 9
36 137 36 4
278 196 36 14
124 276 36 6
204 189 36 11
55 273 36 15
273 186 36 13
183 348 36 8
76 399 36 1
190 207 36 15
391 228 36 19
235 273 36 10
413 113 36 11
446 237 36 17
147 3 36 9
399 57 36 14
445 329 36 5
397 65 36 8
67 150 36 5
174 339 36 20
447 283 36 14
79 70 36 8
295 45 36 11
268 44 36 8
70 190 36 6
70 151 36 17
352 159 36 3
372 108 36 11
303 174 36 10
186 357 36 20
285 356 36 5
174 435 36 5
336 292 36 16
154 112 36 18
217 191 36 20
283 270 36 2
404 174 36 9
407 109 36 6
37 411 36 8
263 149 36 19
381 443 36 7
343 180 36 9
385 68 36 15
24 221 36 15
163 1 36 11
44 283 36 17
86 239 36 12
286 209 36 19
146 245 36 17
179 71 36 4
132 14 36 17
440 356 36 11
308 303 36 17
10 326 36 20
280 41 36 17
294 95 36 9
141 180 36 17
161 19 36 10
299 164 36 2
400 353 36 11
203 47 36 8
22 49 36 10
19 356 36 20
84 365 36 7
380 197 36 6
228 54 36 18
359 194 36 16
301 364 36 19
441 215 36 4
388 167 36 7
416 380 36 2
446 401 36 11
405 429 36 14
220 66 36 17
360 8 36 3
113 235 36 17
398 156 36 12
425 9 36 3
23 12 36 20
231 410 36 7
355 378 36 12
77 386 36 3
295 344 36 3
430 116 36 15
36 38 36 11
295 150 36 7
160 100 36 17
228 87 36 11
212 109 36 16
410 340 36 8
337 257 36 10
197 333 36 1
9 190 36 3
270 173 36 3
149 218 36 3
35 65 36 5
166 234 36 9
5 24 36 12
299 235 36 2
178 207 36 16
9 96 36 20
217 292 36 8
374 311 36 17
426 133 36 6
157 282 36 11
371 326 36 2
298 44 36 11
325 48 36 17
438 357 36 6
222 87 36 5
346 96 36 13
278 322 36 4
106 248 36 10
134 237 36 17
343 393 36 14
323 326 36 15
376 177 36 8
216 54 36 19
88 54 36 8
195 275 36 2
60 173 36 19
31 14 36 16
294 129 36 19
429 262 36 17
250 158 36 5
362 43 36 9
353 418 36 10
377 196 36 20
11 284 36 10
12 31 36 2
99 100 36 18
281 131 36 15
337 434 36 16
204 425 36 8
317 228 36 2
375 152 36 8
312 57 36 16
434 443 36 11
173 17 36 7
411 28 36 1
40 126 36 2
299 416 36 17
133 315 36 6
86 82 36 6
311 398 36 6
255 326 36 11
242 200 36 2
209 186 36 12
371 358 36 18
370 332 36 8
408 381 36 7
99 242 36 1
377 375 36 17
204 23 36 14
9 333 36 20
50 151 36 6
243 392 36 5
46 163 36 18
301 86 36 14
115 18 36 17
413 436 36 16
399 97 36 10
353 27 36 16
164 240 36 17
67 248 36 6
367 308 36 3
108 103 36 8
38 158 36 16
163 11 36 17
209 135 36 3
149 100 36 1
23 61 36 4
148 413 36 1
200 140 36 17
284 206 36 20
254 135 36 17
374 252 36 10
1 299 36 7
237 24 36 13
122 243 36 15
24 391 36 14
371 423 36 14
357 133 36 1
390 332 36 18
215 169 36 3
287 432 36 15
230 359 36 19
275 359 36 11
30 159 36 8
253 280 36 16
164 313 36 3
184 236 36 3
264 155 36 7
310 107 36 20
48 321 36 20
1 171 36 12
108 400 36 17
9 237 36 14
208 266 36 7
441 82 36 16
21 255 36 3
439 438 36 8
396 254 36 7
38 117 36 19
21 174 36 14
193 185 36 2
339 292 36 12
396 301 36 1
384 71 36 7
74 74 36 3
62 95 36 7
363 96 36 4
24 54 36 16
287 91 36 6
210 122 36 19
16 314 36 10
429 215 36 13
357 163 36 17
84 99 36 12
76 182 36 7
160 254 36 20
50 179 36 1
378 202 36 18
65 42 36 11
335 251 36 1
321 276 36 11
55 257 36 12
80 176 36 16
405 269 36 13
373 344 36 8
415 56 36 18
114 116 36 17
356 46 36 5
204 120 36 3
152 7 36 14
232 327 36 11
187 381 36 7
357 23 36 13
241 427 36 9
244 363 36 1
429 330 36 17
429 444 36 2
161 352 36 12
94 118 36 10
78 269 36 13
322 53 36 11
384 240 36 15
275 149 36 7
341 399 36 17
228 206 36 15
21 187 36 11
327 178 36 5
301 348 36 9
320 441 36 20
21 81 36 9
175 402 36 19
209 348 36 10
196 175 36 17
205 78 36 4
194 305 36 6
108 336 36 11
362 225 36 8
164 79 36 15
338 398 36 14
181 419 36 5
283 146 36 15
1 364 36 20
414 122 36 4
82 327 36 13
148 73 36 13
429 191 36 18
2 105 36 4
209 278 36 3
317 178 36 18
429 359 36 19
184 204 36 10
330 214 36 12
377 181 36 1
162 272 36 14
24 419 36 19
200 410 36 11
265 421 36 4
107 182 36 3
37 62 36 15
374 53 36 5
236 236 36 9
263 128 36 16
206 58 36 9
271 229 36 12
215 252 36 20
242 4 36 18
21 278 36 8
362 394 36 18
86 440 36 1
444 367 36 3
277 165 36 8
303 427 36 10
105 185 36 1
88 9 36 4
351 223 36 15
139 27 36 7
345 58 36 8
68 419 36 11
439 67 36 20
424 73 36 6
34 349 36 15
326 214 36 8
298 319 36 17
348 416 36 1
178 319 36 5
260 20 36 9
365 365 36 2
300 442 36 20
182 433 36 9
67 419 36 11
317 15 36 4
285 340 36 6
231 200 36 14
372 100 36 20
64 278 36 4
446 100 36 4
407 17 36 11
425 326 36 16
424 61 36 4
42 137 36 15
179 6 36 15
228 300 36 11
34 94 36 1
167 18 36 8
269 92 36 5
252 90 36 2
264 59 36 13
194 46 36 6
117 32 36 2
36 73 36 1
382 261 36 20
296 42 36 3
101 85 36 20
116 261 36 3
231 82 36 17
185 343 36 18
239 170 36 2
318 363 36 14
276 42 36 1
304 77 36 3
31 22 36 19
211 317 36 15
253 427 36 17
388 96 36 18
103 326 36 11
357 73 36 17
262 311 36 1
226 192 36 5
234 30 36 17
274 344 36 19
395 374 36 7
340 147 36 19
336 409 36 14
426 349 36 3
320 15 36 6
305 371 36 7
205 185 36 1
265 410 36 19
249 207 36 14
275 33 36 12
378 437 36 9
64 340 36 19
77 238 36 14
59 217 36 3
146 89 36 10
111 403 36 15
158 160 36 16
69 434 36 5
181 236 36 17
333 63 36 4
380 3 36 9
364 77 36 9
48 153 36 2
140 221 36 17
143 366 36 19
171 39 36 18
121 196 36 15
266 275 36 9
394 18 36 14
270 350 36 2
189 293 36 18
117 209 36 14
374 266 36 20
431 405 36 17
258 111 36 19
182 281 36 15
72 411 36 8
131 240 36 13
176 186 36 4
10 8 36 20
363 206 36 11
281 322 36 5
276 258 36 2
422 242 36 5
352 62 36 6
199 243 36 18
85 324 36 16
176 7 36 2
94 183 36 13
29 202 36 17
334 127 36 19
37 407 36 5
406 245 36 5
146 220 36 3
310 124 36 4
128 332 36 18
245 416 36 16
326 144 36 18
209 237 36 18
277 276 36 17
353 172 36 20
197 209 36 1
382 167 36 8
368 322 36 2
158 184 36 19
19 321 36 10
133 129 36 20
123 17 36 18
119 226 36 2
318 55 36 13
270 417 36 18
349 176 36 18
397 111 36 14
242 31 36 3
317 199 36 5
67 227 36 3
159 359 36 1
220 34 36 6
434 163 36 12
447 43 36 19
299 312 36 18
322 223 36 5
106 182 36 15
66 424 36 4
347 293 36 15
374 369 36 11
275 81 36 12
304 310 36 3
360 306 36 12
193 305 36 17
91 166 36 18
406 40 36 4
2 155 36 17
165 220 36 18
368 129 36 16
333 56 36 6
77 340 36 12
179 207 36 10
335 119 36 13
206 321 36 6
119 412 36 3
364 380 36 3
384 391 36 13
128 108 36 16
316 38 36 8
338 370 36 4
292 446 36 14
336 188 36 11
242 75 36 12
16 291 36 17
95 419 36 15
339 335 36 16
185 271 36 4
186 409 36 5
417 277 36 14
319 177 36 15
296 32 36 12
155 367 36 18
231 172 36 15
424 187 36 13
44 291 36 20
85 182 36 15
48 377 36 3
411 115 36 10
444 94 36 5
68 422 36 16
71 270 36 19
82 435 36 1
281 218 36 8
117 194 36 20
253 238 36 1
350 322 36 7
345 380 36 7
164 353 36 5
400 350 36 18
19 427 36 3
251 50 36 5
77 131 36 8
279 421 36 15
216 90 36 13
349 352 36 11
315 255 36 7
26 162 36 15
123 335 36 18
335 288 36 5
203 306 36 17
35 119 36 12
147 205 36 10
246 46 36 11
115 271 36 11
178 172 36 12
40 50 36 11
234 85 36 10
360 208 36 6
392 105 36 14
345 307 36 18
268 341 36 5
259 51 36 1
371 296 36 3
20 421 36 5
215 161 36 12
314 200 36 11
231 444 36 20
319 356 36 18
294 310 36 17
110 208 36 6
250 38 36 20
62 296 36 2
87 230 36 3
158 259 36 6
63 36 36 7
139 359 36 13
274 152 36 5
36 23 36 17
16 317 36 16
99 436 36 9
52 248 36 13
345 309 36 19
251 406 36 9
5 126 36 13
190 188 36 17
87 336 36 1
194 162 36 14
297 208 36 11
309 233 36 4
193 341 36 3
294 392 36 13
432 299 36 12
428 102 36 19
217 117 36 8
273 306 36 17
375 402 36 3
388 149 36 2
105 8 36 20
302 316 36 19
378 71 36 11
5 364 36 15
327 358 36 20
63 339 36 1
214 118 36 7
43 400 36 8
60 337 36 18
423 277 36 14
53 392 36 20
347 256 36 3
436 197 36 20
408 201 36 1
325 80 36 8
104 152 36 10
431 375 36 16
427 418 36 18
291 30 36 18
119 5 36 14
96 67 36 1
90 423 36 17
399 411 36 8
342 382 36 8
212 259 36 11
439 372 36 18
110 365 36 9
365 344 36 2
125 197 36 13
222 326 36 10
149 421 36 12
29 73 36 12
175 34 36 6
60 376 36 6
166 150 36 6
361 141 36 20
260 260 36 6
87 177 36 20
331 301 36 11
168 76 36 15
19 234 36 18
383 262 36 19
286 437 36 12
163 59 36 9
420 234 36 10
52 147 36 6
66 407 36 14
434 56 36 13
261 397 36 9
305 117 36 14
217 135 36 10
112 80 36 9
89 376 36 8
90 91 36 6
38 73 36 9
136 135 36 13
373 200 36 10
433 196 36 4
221 19 36 13
320 324 36 1
47 93 36 1
7 215 36 13
239 303 36 19
32 402 36 5
331 440 36 16
417 138 36 18
222 73 36 14
423 58 36 17
242 289 36 11
21 161 36 1
352 208 36 13
391 214 36 9
52 15 36 3
98 57 36 9
244 387 36 9
15 366 36 4
378 140 36 8
55 125 36 17
365 377 36 13
256 397 36 16
33 311 36 18
339 254 36 20
423 315 36 12
372 422 36 20
275 218 36 9
181 233 36 13
223 173 36 18
348 227 36 11
84 154 36 10
107 419 36 20
291 4 36 13
245 353 36 3
413 338 36 8
158 262 36 12
416 89 36 9
166 279 36 4
282 55 36 6
101 402 36 13
44 48 36 8
363 155 36 15
194 445 36 12
335 253 36 5
283 218 36 2
109 385 36 17
356 363 36 19
373 81 36 7
186 373 36 18
180 26 36 19
401 79 36 5
329 4 36 10
228 197 36 1
140 84 36 14
405 377 36 1
112 38 36 13
81 393 36 9
148 328 36 9
56 66 36 10
19 246 36 5
393 209 36 20
367 90 36 20
59 327 36 16
205 30 36 5
156 434 36 16
324 98 36 9
2 188 36 19
32 345 36 2
152 401 36 15
198 419 36 2
278 364 36 15
437 293 36 3
151 361 36 2
72 118 36 13
76 283 36 4
9 169 36 17
436 170 36 19
371 201 36 18
176 363 36 11
67 113 36 16
203 400 36 3
101 389 36 16
98 103 36 6
431 174 36 15
347 249 36 18
248 267 36 5
267 265 36 10
27 198 36 11
131 383 36 18
198 3 36 12
236 205 36 18
190 315 36 6
9 412 36 5
189 396 36 14
40 305 36 13
173 105 36 13
37 372 36 2
71 408 36 18
316 91 36 15
18 288 36 6
300 86 36 4
87 285 36 13
262 293 36 17
103 35 36 19
116 74 36 3
388 256 36 5
31 302 36 20
406 373 36 7
73 241 36 3
133 268 36 2
195 130 36 11
15 216 36 20
159 31 36 16
267 133 36 9
344 258 36 1
267 198 36 9
305 229 36 14
277 197 36 12
219 269 36 6
251 412 36 13
123 159 36 2
90 183 36 4
341 341 36 10
1 171 36 4
141 67 36 20
365 333 36 1
406 201 36 13
302 40 36 17
143 259 36 3
224 62 36 4
136 195 36 17
177 294 36 19
443 198 36 12
293 198 36 2
294 348 36 19
96 265 36 18
96 234 36 10
333 98 36 6
330 241 36 5
148 27 36 17
377 162 36 6
317 348 36 2
3 344 36 5
30 199 36 2
236 45 36 10
52 141 36 20
210 246 36 2
131 141 36 1
91 23 36 19
310 170 36 9
143 99 36 17
180 426 36 6
63 438 36 17
144 30 36 15
421 266 36 12
162 327 36 14
168 99 36 18
416 229 36 12
305 319 36 18
444 181 36 4
163 333 36 15
53 75 36 18
290 138 36 11
434 281 36 11
338 254 36 6
287 426 36 15
386 146 36 7
283 114 36 3
331 429 36 16
411 435 36 16
213 160 36 17
124 212 36 6
23 65 36 15
370 61 36 1
299 398 36 17
56 238 36 13
149 186 36 20
330 22 36 20
312 362 36 12
155 325 36 6
199 90 36 4
129 224 36 16
143 246 36 5
284 168 36 15
268 29 36 5
68 84 36 13
284 242 36 4
217 134 36 16
264 445 36 16
302 163 36 17
318 361 36 7
56 52 36 7
15 194 36 6
39 40 36 4
132 317 36 5
176 385 36 12
30 231 36 9
60 447 36 16
120 274 36 13
95 128 36 1
403 445 36 11
364 63 36 14
91 88 36 5
74 136 36 8
234 277 36 5
422 16 36 15
267 45 36 19
344 104 36 20
117 224 36 6
334 328 36 20
267 283 36 18
123 200 36 5
30 300 36 15
141 383 36 17
302 179 36 13
342 164 36 20
319 430 36 10
89 326 36 5
305 442 36 6
348 339 36 8
81 158 36 8
258 280 36 3
61 309 36 19
408 13 36 7
443 324 36 16
308 228 36 4
187 99 36 2
121 187 36 9
159 54 36 2
429 411 36 4
133 44 36 16
129 302 36 12
344 362 36 13
411 323 36 4
414 328 36 16
159 188 36 1
66 385 36 5
403 58 36 6
172 226 36 4
402 208 36 15
66 340 36 20
344 31 36 7
7 384 36 8
445 347 36 10
2 314 36 9
328 35 36 16
445 100 36 16
212 56 36 6
176 227 36 1
193 191 36 12
183 256 36 14
217 162 36 6
105 178 36 10
365 175 36 17
62 176 36 4
87 67 36 7
310 64 36 1
32 275 36 12
259 13 36 16
275 205 36 6
50 398 36 5
185 167 36 4
349 282 36 10
3 199 36 8
13 260 36 4
336 357 36 3
256 229 36 17
275 260 36 3
350 82 36 13
213 356 36 4
267 415 36 9
138 152 36 11
171 64 36 5
380 66 36 18
327 88 36 12
3 423 36 14
191 241 36 20
6 68 36 9
95 417 36 15
196 183 36 10
65 12 36 10
341 149 36 15
337 319 36 12
166 262 36 2
204 141 36 1
64 153 36 4
290 344 36 17
297 349 36 13
116 443 36 14
17 201 36 13
282 276 36 19
78 169 36 9
26 58 36 13
46 234 36 2
132 447 36 7
314 73 36 18
35 362 36 11
432 211 36 2
