2000 666
13 336 36 13
11 352 36 17
200 197 36 8
391 274 36 14
303 299 36 19
86 345 36 6
141 39 36 5
336 352 36 19
246 386 36 9
53 381 36 10
227 393 36 18
397 413 36 1
320 166 36 7
81 119 36 9
10 421 36 11
7 69 36 15
247 209 36 3
39 97 36 19
360 353 36 8
158 415 36 17
176 194 36 18
83 143 36 6
351 25 36 16
368 105 36 15
211 125 36 15
363 131 36 16
422 378 36 13
82 426 36 2
104 349 36 14
64 69 36 7
424 245 36 15
282 337 36 9
106 240 36 11
105 160 36 2
232 370 36 5
332 296 36 14
64 280 36 9
441 372 36 14
40 28 36 16
439 101 36 19
367 77 36 7
32 358 36 6
297 27 36 12
139 141 36 15
85 383 36 15
176 267 36 11
387 330 36 9
101 333 36 14
250 383 36 1
301 384 36 1
420 303 36 2
346 335 36 9
161 184 36 20
215 332 36 18
438 426 36 20
136 154 36 20
130 103 36 15
413 203 36 7
173 16 36 19
417 316 36 8
314 288 36 17
287 186 36 3
180 356 36 15
110 123 36 3
190 123 36 20
205 258 36 12
49 397 36 14
223 362 36 4
293 97 36 6
307 76 36 8
268 389 36 8
84 228 36 16
234 418 36 17
140 90 36 18
377 279 36 1
145 46 36 4
67 94 36 3
92 327 36 16
329 182 36 18
134 41 36 7
254 318 36 17
224 401 36 7
389 197 36 11
15 336 36 4
220 265 36 15
100 420 36 19
247 39 36 12
334 130 36 11
356 11 36 3
27 154 36 18
220 417 36 17
365 193 36 2
291 144 36 1
186 168 36 6
171 387 36 5
443 49 36 16
314 296 36 14
288 192 36 10
141 100 36 9
175 126 36 6
259 356 36 18
214 273 36 6
123 116 36 15
238 312 36 11
241 35 36 13
72 40 36 11
312 363 36 11
154 203 36 3
135 353 36 16
126 80 36 17
281 339 36 2
406 115 36 11
276 247 36 9
309 37 36 8
53 278 36 3
194 349 36 1
393 224 36 7
440 387 36 18
241 74 36 2
142 209 36 7
169 53 36 9
113 11 36 4
330 296 36 7
236 157 36 16
442 210 36 2
256 413 36 17
109 358 36 11
334 360 36 14
315 163 36 19
212 305 36 14
188 26 36 5
65 138 36 1
56 31 36 11
304 266 36 6
142 270 36 19
256 78 36 11
282 196 36 16
84 83 36 4
282 397 36 17
106 171 36 3
159 358 36 10
253 432 36 8
368 41 36 2
330 354 36 17
2 48 36 16
350 304 36 19
206 138 36 8
439 232 36 11
147 66 36 17
8 182 36 18
182 340 36 18
382 155 36 7
282 75 36 10
212 415 36 13
417 426 36 14
444 329 36 12
112 97 36 19
413 99 36 12
358 245 36 8
263 252 36 6
339 434 36 19
335 378 36 4
315 212 36 20
336 433 36 19
273 412 36 18
267 418 36 6
108 83 36 1
106 58 36 3
335 425 36 7
182 241 36 4
231 142 36 14
171 29 36 6
276 343 36 7
19 241 36 18
185 76 36 11
330 343 36 18
356 13 36 8
42 118 36 13
272 5 36 11
300 196 36 3
143 426 36 14
428 160 36 13
207 435 36 11
196 16 36 4
181 211 36 2
129 93 36 13
48 2 36 13
59 53 36 20
137 334 36 9
183 187 36 15
31 339 36 17
31 329 36 4
48 88 36 19
428 284 36 11
155 17 36 1
404 155 36 18
101 203 36 16
267 271 36 7
103 418 36 18
390 153 36 14
425 193 36 19
2 223 36 10
175 281 36 6
356 261 36 8
105 415 36 10
64 381 36 10
115 34 36 18
178 310 36 1
302 422 36 6
303 364 36 8
53 352 36 5
151 363 36 20
131 101 36 4
198 9 36 11
111 113 36 6
40 176 36 8
123 290 36 3
419 30 36 13
101 332 36 19
210 187 36 19
14 250 36 9
30 410 36 5
269 103 36 13
351 310 36 8
257 420 36 16
140 22 36 5
393 155 36 16
253 136 36 6
423 246 36 8
130 8 36 3
200 31 36 5
185 60 36 12
95 339 36 8
105 252 36 16
133 61 36 5
273 200 36 14
151 156 36 3
318 408 36 10
78 393 36 19
179 75 36 11
20 275 36 17
119 22 36 13
191 126 36 7
376 240 36 6
413 372 36 11
442 207 36 17
36 357 36 6
241 227 36 16
134 315 36 5
272 46 36 1
417 75 36 20
155 204 36 6
400 394 36 11
88 322 36 11
38 297 36 9
49 292 36 16
269 337 36 12
197 131 36 17
95 274 36 15
386 99 36 1
305 78 36 15
60 243 36 16
284 195 36 19
195 292 36 13
356 330 36 11
440 388 36 3
284 219 36 10
36 425 36 17
25 82 36 13
338 21 36 9
260 335 36 15
266 394 36 6
18 240 36 7
173 445 36 12
223 363 36 11
113 355 36 14
313 191 36 9
403 237 36 9
176 261 36 14
233 162 36 19
397 431 36 13
192 249 36 19
239 266 36 4
33 1 36 9
129 224 36 5
116 346 36 12
54 211 36 7
209 177 36 12
342 352 36 3
119 147 36 15
363 97 36 8
57 298 36 8
144 90 36 2
44 132 36 9
388 270 36 8
200 386 36 6
367 439 36 13
287 210 36 11
443 114 36 16
422 232 36 3
116 147 36 14
249 213 36 11
184 367 36 10
383 410 36 1
146 351 36 5
142 113 36 3
36 42 36 13
151 338 36 3
4 333 36 11
199 318 36 20
104 433 36 2
114 244 36 7
412 427 36 7
362 363 36 17
444 71 36 20
348 213 36 4
200 258 36 14
43 418 36 2
105 422 36 13
281 183 36 4
252 296 36 6
369 410 36 18
261 374 36 1
73 289 36 7
294 285 36 12
418 195 36 8
217 394 36 8
58 446 36 7
247 113 36 5
321 394 36 17
265 208 36 20
204 139 36 5
386 399 36 6
101 34 36 11
188 327 36 1
356 307 36 20
288 87 36 2
41 154 36 11
212 400 36 9
366 273 36 7
266 90 36 16
15 293 36 5
182 232 36 5
276 342 36 1
231 93 36 11
23 1 36 4
19 288 36 9
398 339 36 15
338 103 36 14
391 31 36 12
399 307 36 2
168 321 36 7
84 65 36 7
399 341 36 10
311 134 36 15
92 157 36 5
189 175 36 4
373 136 36 14
273 36 36 2
115 436 36 12
240 388 36 1
8 118 36 20
68 201 36 14
379 163 36 7
127 26 36 5
425 127 36 13
275 325 36 6
423 260 36 4
15 85 36 9
156 210 36 11
338 2 36 19
388 9 36 17
312 86 36 13
300 17 36 12
191 154 36 14
215 131 36 1
406 415 36 17
324 401 36 13
397 415 36 1
58 134 36 17
155 24 36 4
202 421 36 1
376 285 36 8
304 137 36 9
413 327 36 16
101 105 36 16
371 63 36 13
82 396 36 11
53 345 36 15
108 412 36 17
382 130 36 9
210 331 36 11
57 270 36 16
437 136 36 11
396 101 36 20
51 211 36 14
303 135 36 10
75 216 36 1
258 268 36 14
408 385 36 17
244 329 36 9
103 102 36 20
392 168 36 5
72 157 36 9
346 105 36 15
62 165 36 6
329 30 36 13
211 105 36 12
51 372 36 5
245 332 36 6
403 128 36 13
244 240 36 8
425 194 36 11
438 276 36 3
139 174 36 10
397 245 36 1
409 126 36 9
128 336 36 20
63 396 36 4
275 193 36 7
434 148 36 9
28 401 36 6
190 388 36 13
63 378 36 4
112 79 36 2
265 29 36 6
146 447 36 13
67 128 36 8
91 190 36 7
40 17 36 15
329 3 36 4
299 41 36 8
70 230 36 4
25 302 36 10
265 413 36 12
241 241 36 18
14 396 36 5
359 15 36 4
155 106 36 19
346 155 36 2
282 36 36 14
376 344 36 16
413 414 36 7
400 438 36 20
318 266 36 15
325 69 36 16
349 83 36 19
383 441 36 6
97 159 36 7
447 57 36 14
376 349 36 17
308 277 36 14
289 252 36 1
53 204 36 2
119 85 36 13
160 409 36 15
441 320 36 4
223 266 36 4
30 362 36 3
389 372 36 11
18 310 36 1
140 180 36 5
148 32 36 6
132 84 36 15
116 202 36 2
366 371 36 2
237 364 36 13
200 140 36 18
156 169 36 4
281 121 36 10
25 148 36 9
117 287 36 13
48 444 36 19
230 128 36 5
178 244 36 1
221 172 36 3
234 408 36 4
120 160 36 16
281 325 36 4
367 168 36 5
376 192 36 12
268 318 36 15
340 365 36 17
442 157 36 12
181 335 36 20
142 118 36 14
16 351 36 8
263 34 36 9
203 314 36 8
331 233 36 13
132 172 36 4
80 439 36 11
325 331 36 8
120 336 36 6
42 69 36 14
217 210 36 6
116 235 36 7
432 61 36 18
23 273 36 20
375 156 36 15
11 287 36 14
296 376 36 9
441 264 36 19
66 383 36 4
295 424 36 20
421 203 36 6
227 328 36 6
384 322 36 18
136 344 36 14
212 281 36 9
74 302 36 19
116 150 36 15
150 153 36 12
88 218 36 18
350 76 36 16
254 59 36 5
368 296 36 18
279 242 36 2
250 377 36 17
46 142 36 3
7 225 36 3
264 340 36 13
2 53 36 11
14 140 36 8
407 52 36 18
340 306 36 18
37 236 36 20
62 67 36 3
407 316 36 16
202 371 36 19
287 387 36 6
226 213 36 3
314 224 36 1
107 237 36 7
127 207 36 4
233 99 36 16
407 135 36 16
419 196 36 13
235 166 36 12
437 377 36 6
334 216 36 19
7 441 36 17
30 317 36 7
115 423 36 11
339 112 36 8
178 344 36 5
331 303 36 11
263 284 36 10
280 81 36 5
166 71 36 4
431 404 36 1
189 420 36 18
168 13 36 7
361 127 36 18
354 29 36 11
115 206 36 14
412 89 36 6
416 361 36 4
178 194 36 8
96 369 36 8
399 352 36 7
34 103 36 10
108 271 36 20
52 194 36 1
427 110 36 6
20 225 36 3
404 199 36 7
216 167 36 15
311 344 36 2
40 2 36 20
286 411 36 2
61 444 36 4
256 114 36 9
25 165 36 3
368 155 36 10
292 174 36 16
441 140 36 18
232 355 36 18
393 219 36 5
310 268 36 5
148 117 36 16
347 177 36 15
202 442 36 3
337 20 36 8
229 387 36 6
220 242 36 19
445 235 36 6
421 19 36 18
116 411 36 20
174 283 36 15
224 430 36 5
257 330 36 20
276 94 36 19
419 441 36 12
289 222 36 19
303 4 36 10
53 1 36 3
400 421 36 7
208 99 36 18
243 272 36 7
99 59 36 7
71 315 36 6
240 154 36 3
393 135 36 3
118 423 36 20
239 288 36 15
165 350 36 15
325 303 36 17
56 63 36 18
218 305 36 7
206 404 36 7
186 37 36 1
58 276 36 20
23 231 36 14
439 358 36 2
181 150 36 13
364 324 36 14
119 201 36 1
295 256 36 4
131 37 36 2
249 252 36 10
425 437 36 12
22 57 36 10
238 89 36 4
132 80 36 11
10 261 36 15
176 187 36 5
254 315 36 15
187 172 36 4
182 303 36 8
44 114 36 6
320 92 36 4
195 123 36 19
355 360 36 1
299 44 36 18
154 64 36 8
167 239 36 18
57 45 36 2
156 231 36 10
64 422 36 10
18 28 36 8
213 357 36 11
417 104 36 3
230 22 36 20
132 320 36 18
133 36 36 20
394 213 36 10
404 279 36 1
291 434 36 5
340 61 36 5
264 78 36 7
292 301 36 15
420 270 36 14
224 63 36 8
397 204 36 16
176 336 36 10
9 292 36 7
99 248 36 8
234 101 36 11
171 4 36 8
73 267 36 10
12 111 36 9
317 94 36 12
269 327 36 6
262 276 36 3
128 14 36 12
39 22 36 8
162 131 36 20
116 364 36 10
76 87 36 18
87 169 36 5
195 190 36 16
156 60 36 8
386 338 36 20
242 163 36 15
300 290 36 10
257 328 36 18
57 52 36 7
105 177 36 10
263 252 36 11
424 348 36 8
404 95 36 5
58 250 36 18
252 199 36 12
335 3 36 13
256 312 36 17
181 121 36 17
147 178 36 7
243 292 36 6
255 107 36 4
373 93 36 14
213 59 36 19
263 117 36 5
371 378 36 10
380 276 36 16
104 84 36 13
127 274 36 6
30 430 36 5
441 225 36 18
134 42 36 18
79 425 36 14
371 200 36 18
310 15 36 10
62 386 36 5
22 318 36 17
431 432 36 8
258 111 36 9
215 151 36 11
349 144 36 18
337 278 36 13
441 356 36 16
190 279 36 6
7 151 36 6
388 223 36 7
262 244 36 8
411 228 36 20
206 48 36 3
285 262 36 2
347 173 36 7
196 72 36 10
86 65 36 11
401 264 36 11
31 270 36 20
122 220 36 11
152 34 36 5
62 7 36 8
413 213 36 1
427 60 36 13
155 416 36 16
26 164 36 3
184 250 36 7
250 213 36 17
167 243 36 18
234 374 36 1
87 78 36 20
173 149 36 5
59 124 36 2
429 114 36 11
176 268 36 12
105 293 36 12
105 39 36 17
179 298 36 2
69 17 36 12
238 260 36 5
180 346 36 6
166 81 36 8
158 139 36 16
362 120 36 6
188 305 36 19
430 419 36 13
399 76 36 9
169 264 36 5
162 332 36 3
416 133 36 7
140 322 36 2
399 40 36 10
359 207 36 12
442 121 36 14
202 319 36 14
228 311 36 5
110 262 36 11
29 441 36 8
246 165 36 6
41 133 36 4
96 283 36 6
60 234 36 18
104 145 36 18
286 149 36 17
161 350 36 15
331 131 36 7
45 240 36 11
271 268 36 5
334 76 36 14
282 117 36 18
371 212 36 20
335 281 36 18
359 384 36 11
132 233 36 2
45 393 36 10
267 286 36 16
372 330 36 13
291 164 36 9
214 60 36 10
310 341 36 9
92 265 36 4
166 162 36 18
26 83 36 10
30 214 36 13
193 269 36 20
258 98 36 3
6 22 36 12
13 312 36 16
287 78 36 14
190 388 36 9
209 42 36 19
3 218 36 9
87 243 36 18
107 283 36 13
370 28 36 12
141 285 36 1
207 300 36 6
166 312 36 10
298 151 36 16
43 341 36 11
138 112 36 12
50 114 36 13
143 200 36 7
309 317 36 1
252 239 36 12
25 379 36 13
333 148 36 3
224 314 36 10
427 164 36 15
271 216 36 18
64 353 36 15
356 402 36 3
418 98 36 17
276 416 36 8
435 230 36 20
165 255 36 8
188 140 36 11
64 363 36 11
260 353 36 3
150 176 36 2
390 239 36 6
305 148 36 15
333 128 36 20
133 413 36 18
240 401 36 11
147 118 36 1
443 315 36 1
439 388 36 16
301 201 36 16
336 350 36 16
140 303 36 19
307 160 36 15
418 55 36 16
199 187 36 2
395 436 36 12
374 146 36 10
170 141 36 8
105 142 36 2
413 5 36 20
178 350 36 8
129 53 36 4
328 359 36 2
227 339 36 4
253 90 36 11
255 47 36 9
210 431 36 7
282 153 36 4
232 268 36 6
122 233 36 19
212 420 36 18
214 111 36 3
72 438 36 20
98 217 36 15
189 33 36 19
29 297 36 9
304 60 36 4
278 351 36 8
401 135 36 8
219 266 36 12
50 30 36 15
221 254 36 14
444 325 36 17
141 432 36 20
166 173 36 1
300 211 36 9
34 68 36 8
197 355 36 19
86 308 36 20
242 89 36 6
183 149 36 14
107 369 36 5
141 376 36 2
165 69 36 11
416 245 36 2
252 107 36 19
395 140 36 1
149 347 36 3
254 442 36 12
47 237 36 15
115 419 36 9
232 88 36 11
146 228 36 8
393 403 36 7
178 381 36 13
146 186 36 4
334 143 36 2
142 291 36 9
314 98 36 12
346 154 36 11
40 278 36 17
319 62 36 15
83 207 36 20
231 153 36 7
1 340 36 15
35 48 36 17
166 391 36 1
9 85 36 7
198 408 36 4
391 307 36 16
364 356 36 4
318 228 36 13
359 320 36 1
191 103 36 16
425 104 36 4
146 138 36 4
61 313 36 16
119 331 36 2
30 91 36 2
38 35 36 1
199 398 36 13
190 278 36 17
252 189 36 4
74 380 36 13
58 367 36 11
382 65 36 14
316 136 36 4
183 264 36 4
155 293 36 12
88 340 36 1
326 91 36 13
36 290 36 16
420 94 36 5
229 178 36 18
151 235 36 5
165 179 36 2
337 47 36 12
375 240 36 8
296 394 36 8
317 34 36 15
373 370 36 4
388 415 36 2
234 398 36 9
278 179 36 6
264 339 36 12
169 67 36 17
149 403 36 18
254 330 36 1
185 188 36 19
408 68 36 15
76 440 36 20
291 390 36 6
358 176 36 2
72 16 36 11
419 289 36 4
107 11 36 5
431 159 36 19
344 423 36 16
59 160 36 13
177 131 36 20
339 206 36 2
423 60 36 11
38 417 36 16
49 51 36 19
249 23 36 19
341 129 36 3
51 112 36 12
164 18 36 18
170 86 36 12
383 263 36 8
206 154 36 12
41 140 36 8
265 177 36 1
218 235 36 6
197 37 36 2
27 377 36 12
314 427 36 11
322 154 36 10
306 323 36 7
22 268 36 6
315 26 36 9
366 76 36 10
40 340 36 11
140 121 36 1
280 317 36 7
6 343 36 16
317 219 36 17
292 93 36 15
305 408 36 18
394 429 36 18
307 306 36 6
384 225 36 3
153 274 36 3
108 413 36 10
298 245 36 14
86 260 36 13
251 129 36 9
395 431 36 14
255 288 36 8
437 234 36 12
2 104 36 3
39 50 36 14
161 203 36 8
175 320 36 1
320 180 36 3
333 266 36 14
252 69 36 11
388 26 36 11
180 280 36 15
380 279 36 3
124 280 36 19
183 318 36 11
10 41 36 1
119 225 36 11
204 97 36 8
86 430 36 4
237 244 36 2
70 194 36 14
333 374 36 10
447 316 36 11
357 2 36 6
370 184 36 16
432 203 36 11
270 332 36 10
427 88 36 13
326 183 36 7
44 419 36 12
286 52 36 9
107 384 36 2
216 393 36 19
147 302 36 11
366 224 36 8
19 219 36 1
158 41 36 12
85 30 36 6
99 355 36 13
104 398 36 10
363 237 36 16
358 343 36 13
299 111 36 14
108 267 36 7
385 196 36 16
388 224 36 13
167 391 36 2
267 29 36 1
27 137 36 2
406 240 36 3
330 165 36 3
294 85 36 3
205 383 36 5
72 53 36 18
250 437 36 13
204 388 36 13
377 107 36 13
162 384 36 17
424 410 36 2
146 379 36 14
275 261 36 6
194 107 36 16
27 322 36 19
418 403 36 19
192 205 36 12
160 408 36 12
362 347 36 3
70 62 36 5
243 48 36 7
115 193 36 8
226 30 36 10
65 223 36 20
436 260 36 11
295 230 36 16
216 421 36 5
127 144 36 10
435 68 36 18
413 137 36 20
326 389 36 8
202 56 36 15
9 291 36 4
86 366 36 8
280 354 36 11
347 211 36 9
380 426 36 6
169 116 36 12
366 113 36 19
36 78 36 7
213 404 36 8
1 168 36 11
427 187 36 2
436 272 36 5
241 114 36 20
294 14 36 13
150 403 36 6
417 124 36 19
399 53 36 19
2 88 36 15
197 300 36 5
334 310 36 15
98 290 36 3
153 288 36 10
126 91 36 17
15 395 36 5
124 97 36 10
212 76 36 8
424 28 36 17
312 39 36 6
278 235 36 7
209 131 36 6
318 239 36 11
156 391 36 13
286 80 36 2
82 94 36 10
348 228 36 5
122 439 36 3
19 425 36 9
416 290 36 9
5 120 36 14
361 338 36 10
123 209 36 9
183 374 36 4
94 212 36 6
96 303 36 6
44 203 36 17
89 324 36 16
200 343 36 2
357 311 36 16
106 325 36 9
89 239 36 1
222 371 36 15
147 116 36 13
15 210 36 7
409 315 36 15
12 358 36 11
300 447 36 18
131 209 36 14
397 118 36 12
58 233 36 13
295 321 36 20
423 106 36 14
321 252 36 2
156 266 36 19
203 237 36 7
105 258 36 19
219 110 36 8
210 241 36 12
96 200 36 8
302 258 36 15
386 105 36 20
270 90 36 11
78 421 36 1
11 129 36 1
153 341 36 16
172 445 36 3
101 227 36 12
40 436 36 13
186 85 36 15
13 396 36 18
73 334 36 6
26 167 36 18
74 254 36 18
383 264 36 2
73 426 36 3
9 150 36 9
192 260 36 9
48 299 36 4
154 38 36 4
13 60 36 16
138 142 36 11
368 167 36 2
261 240 36 10
116 185 36 20
120 267 36 18
8 275 36 14
360 30 36 15
44 87 36 19
163 241 36 11
377 263 36 6
92 410 36 9
150 341 36 1
375 154 36 2
415 269 36 2
272 389 36 3
116 406 36 18
110 328 36 12
373 371 36 16
30 96 36 15
182 25 36 3
403 126 36 18
308 276 36 16
390 203 36 15
265 170 36 4
334 4 36 5
222 120 36 12
395 239 36 13
140 164 36 8
429 203 36 13
63 394 36 2
417 349 36 12
286 220 36 4
58 162 36 12
430 436 36 5
176 332 36 4
331 117 36 9
443 64 36 2
436 214 36 9
361 195 36 12
382 257 36 19
428 236 36 5
162 74 36 4
161 141 36 12
382 123 36 5
325 309 36 6
282 192 36 4
358 197 36 20
225 195 36 14
265 109 36 5
61 53 36 16
260 43 36 8
360 204 36 20
233 364 36 1
277 308 36 3
309 186 36 12
236 20 36 5
289 388 36 1
416 165 36 6
298 440 36 18
395 63 36 1
301 332 36 6
442 244 36 14
220 29 36 2
139 315 36 19
180 187 36 11
92 432 36 5
205 274 36 16
57 242 36 17
114 102 36 17
289 49 36 11
70 349 36 5
340 354 36 16
376 126 36 18
329 264 36 4
143 6 36 1
151 107 36 10
179 311 36 7
157 378 36 15
300 44 36 16
444 343 36 17
204 412 36 3
304 314 36 20
201 242 36 19
137 124 36 14
387 276 36 5
376 426 36 5
349 168 36 20
149 324 36 20
209 186 36 2
371 183 36 6
135 396 36 13
257 252 36 16
295 16 36 12
11 152 36 11
438 91 36 11
444 19 36 7
99 377 36 10
84 88 36 19
437 297 36 20
386 220 36 20
240 364 36 14
68 173 36 14
209 30 36 8
144 41 36 17
213 41 36 12
119 37 36 17
4 145 36 10
66 229 36 20
5 218 36 19
139 166 36 6
8 415 36 20
272 35 36 1
360 243 36 18
7 396 36 3
261 171 36 13
169 290 36 7
104 303 36 7
416 369 36 7
369 383 36 11
170 74 36 20
201 91 36 19
149 362 36 4
279 274 36 10
1 290 36 20
211 114 36 14
14 292 36 13
310 395 36 7
304 364 36 2
89 295 36 12
101 27 36 12
278 238 36 9
432 396 36 12
183 237 36 7
186 237 36 20
138 447 36 13
270 23 36 5
234 333 36 5
63 199 36 5
271 288 36 5
413 388 36 11
192 229 36 13
60 223 36 2
310 406 36 14
386 154 36 11
304 291 36 2
356 113 36 17
241 356 36 17
84 429 36 12
290 262 36 1
353 227 36 14
6 428 36 9
342 51 36 8
180 360 36 7
253 298 36 15
126 164 36 2
9 72 36 11
361 323 36 8
161 406 36 9
149 249 36 15
445 164 36 10
234 179 36 16
251 74 36 11
53 263 36 18
261 78 36 15
185 214 36 2
399 222 36 18
289 145 36 13
88 305 36 11
334 16 36 7
385 13 36 5
235 256 36 9
65 59 36 18
403 122 36 18
205 392 36 2
305 129 36 1
131 90 36 8
38 379 36 19
268 29 36 10
9 362 36 5
445 309 36 3
170 96 36 19
74 171 36 19
61 126 36 8
310 330 36 8
190 197 36 17
272 327 36 5
149 375 36 13
169 195 36 13
67 203 36 9
427 210 36 13
362 379 36 20
106 16 36 7
366 86 36 8
309 396 36 9
187 138 36 7
202 419 36 5
307 130 36 19
353 309 36 14
427 375 36 4
426 354 36 3
296 278 36 19
261 394 36 1
407 322 36 6
240 183 36 2
403 369 36 15
306 134 36 13
108 3 36 9
284 366 36 20
197 345 36 8
332 333 36 5
219 191 36 13
57 15 36 15
358 421 36 17
307 213 36 19
204 169 36 19
238 37 36 3
243 154 36 19
388 437 36 6
394 196 36 8
327 80 36 7
176 308 36 13
313 364 36 19
395 284 36 3
352 143 36 13
54 346 36 8
124 146 36 15
338 399 36 14
117 339 36 19
251 296 36 7
292 185 36 13
239 371 36 19
367 236 36 11
61 193 36 7
186 97 36 18
86 160 36 19
164 284 36 2
288 184 36 13
118 300 36 12
394 103 36 17
418 404 36 7
74 196 36 7
47 125 36 1
393 185 36 12
139 380 36 7
28 28 36 6
272 201 36 18
224 41 36 6
118 168 36 12
370 114 36 9
23 94 36 16
297 167 36 20
58 223 36 13
63 179 36 6
261 317 36 8
109 354 36 17
116 188 36 14
426 412 36 19
25 92 36 3
370 14 36 6
380 36 36 4
356 342 36 3
91 409 36 7
406 25 36 4
12 295 36 16
8 403 36 3
31 81 36 5
264 59 36 14
101 83 36 11
106 5 36 11
234 394 36 18
18 313 36 14
416 403 36 15
153 371 36 4
67 383 36 12
308 400 36 19
446 440 36 16
334 256 36 6
196 367 36 20
139 25 36 15
115 268 36 17
116 285 36 11
31 254 36 8
355 406 36 1
256 35 36 6
15 343 36 11
176 351 36 4
427 247 36 10
290 442 36 8
246 143 36 12
206 257 36 15
122 382 36 5
351 422 36 19
107 330 36 20
224 138 36 11
286 162 36 16
310 347 36 13
316 327 36 14
151 169 36 4
351 424 36 17
139 182 36 11
193 314 36 15
85 227 36 3
240 333 36 20
353 110 36 9
74 405 36 19
126 268 36 2
92 146 36 19
313 306 36 3
82 210 36 4
439 358 36 18
169 103 36 4
289 188 36 9
384 427 36 4
361 343 36 18
39 416 36 16
335 104 36 11
73 205 36 14
158 71 36 20
411 152 36 7
193 153 36 7
167 321 36 6
7 173 36 9
83 119 36 18
45 43 36 19
125 91 36 7
173 425 36 5
41 60 36 11
55 217 36 13
384 180 36 11
28 373 36 9
39 92 36 11
142 109 36 18
443 191 36 16
286 245 36 1
24 370 36 17
177 105 36 18
443 146 36 2
20 200 36 2
124 146 36 6
379 183 36 12
340 221 36 13
184 372 36 13
210 377 36 20
354 215 36 16
104 238 36 12
390 424 36 3
217 420 36 18
103 2 36 3
215 126 36 9
60 67 36 10
287 406 36 4
169 152 36 20
158 361 36 16
348 278 36 11
346 391 36 5
265 343 36 2
299 122 36 12
31 234 36 13
409 2 36 20
48 71 36 11
326 368 36 16
377 89 36 7
353 256 36 11
268 157 36 2
397 65 36 17
327 339 36 8
244 191 36 10
132 221 36 18
22 193 36 19
47 240 36 6
149 119 36 13
199 58 36 5
420 410 36 2
108 240 36 16
83 200 36 2
1 89 36 4
272 332 36 3
217 17 36 20
395 48 36 6
148 105 36 1
408 253 36 1
151 4 36 17
429 433 36 14
68 94 36 13
321 176 36 2
190 177 36 17
408 11 36 18
359 227 36 18
94 184 36 13
20 331 36 17
196 301 36 13
53 4 36 8
425 432 36 8
302 53 36 4
428 383 36 9
307 125 36 10
284 86 36 15
135 7 36 5
13 110 36 5
385 140 36 19
414 345 36 18
248 408 36 8
95 385 36 3
384 249 36 14
310 239 36 16
421 98 36 3
271 391 36 17
131 79 36 12
217 91 36 17
49 38 36 8
212 14 36 17
229 271 36 13
259 365 36 16
273 311 36 7
350 173 36 11
371 156 36 8
70 426 36 16
321 109 36 11
132 335 36 15
62 384 36 20
131 148 36 10
97 386 36 9
34 197 36 4
354 33 36 2
29 392 36 20
389 315 36 16
409 395 36 9
383 278 36 7
435 409 36 16
130 23 36 7
329 153 36 2
84 260 36 20
119 293 36 6
71 199 36 4
344 227 36 11
342 178 36 11
58 150 36 17
210 85 36 5
34 73 36 20
192 212 36 4
296 94 36 2
110 187 36 17
310 306 36 14
280 376 36 20
281 282 36 11
227 176 36 15
60 244 36 5
287 6 36 12
344 49 36 1
373 250 36 6
435 98 36 15
202 218 36 1
238 90 36 3
119 369 36 12
198 203 36 3
67 439 36 13
124 51 36 3
329 347 36 17
182 243 36 8
117 179 36 9
264 176 36 8
66 377 36 8
55 177 36 20
349 295 36 20
135 55 36 13
202 132 36 9
7 265 36 2
56 146 36 16
120 338 36 8
232 17 36 16
157 280 36 4
180 356 36 5
419 410 36 15
311 312 36 11
125 9 36 20
150 220 36 17
177 226 36 4
263 291 36 18
239 410 36 9
30 205 36 13
9 361 36 13
153 93 36 14
236 75 36 8
58 385 36 10
184 72 36 19
354 232 36 9
219 408 36 5
347 223 36 16
184 24 36 4
368 63 36 3
132 71 36 5
175 233 36 7
126 31 36 15
49 88 36 12
294 271 36 7
99 188 36 15
124 416 36 1
374 325 36 2
30 72 36 15
96 2 36 5
376 133 36 13
123 317 36 8
419 5 36 8
352 54 36 17
232 347 36 7
184 8 36 8
367 131 36 5
63 57 36 5
2 87 36 2
411 192 36 20
435 121 36 6
93 253 36 10
441 234 36 19
362 148 36 6
380 379 36 20
242 116 36 12
291 45 36 1
308 108 36 13
223 119 36 6
198 82 36 3
195 79 36 7
315 182 36 2
324 175 36 18
327 89 36 17
394 31 36 15
369 273 36 17
352 116 36 17
19 434 36 8
199 209 36 11
28 416 36 12
48 164 36 4
199 41 36 10
164 364 36 18
363 243 36 15
271 199 36 1
121 121 36 19
86 35 36 20
96 53 36 7
222 261 36 5
30 288 36 7
365 336 36 1
332 87 36 8
43 260 36 5
365 185 36 11
338 19 36 10
342 139 36 15
180 225 36 5
144 330 36 19
104 114 36 15
272 143 36 16
419 71 36 18
291 412 36 15
214 8 36 1
52 372 36 4
143 273 36 6
443 177 36 17
415 366 36 16
422 63 36 8
35 166 36 4
365 1 36 4
88 429 36 18
147 282 36 13
311 48 36 15
278 100 36 5
440 252 36 16
172 247 36 13
53 215 36 2
158 199 36 7
155 243 36 14
266 160 36 6
82 258 36 14
425 414 36 6
285 277 36 3
163 118 36 20
412 110 36 7
49 291 36 3
309 344 36 5
40 64 36 17
291 219 36 7
280 37 36 11
259 128 36 6
239 115 36 1
43 409 36 11
352 124 36 7
313 88 36 5
99 146 36 10
131 7 36 19
387 57 36 7
394 357 36 12
197 189 36 10
170 10 36 4
409 248 36 3
158 290 36 7
193 205 36 4
345 80 36 8
169 178 36 16
283 308 36 10
304 247 36 13
388 204 36 19
253 400 36 5
154 132 36 4
202 94 36 13
364 261 36 6
40 6 36 16
297 360 36 14
205 81 36 8
258 373 36 2
317 229 36 2
443 179 36 3
40 441 36 3
273 157 36 2
77 358 36 16
129 284 36 18
33 324 36 10
151 183 36 18
338 387 36 10
266 207 36 3
65 77 36 9
120 82 36 12
368 131 36 5
131 413 36 7
36 53 36 3
34 181 36 17
292 223 36 13
108 383 36 6
293 273 36 6
121 102 36 10
312 176 36 18
304 295 36 3
27 215 36 3
191 355 36 8
75 401 36 8
306 434 36 8
393 279 36 1
357 396 36 18
56 252 36 16
161 372 36 11
26 246 36 12
414 102 36 12
446 139 36 5
172 339 36 14
310 413 36 19
53 281 36 19
433 227 36 12
151 136 36 7
251 201 36 16
186 361 36 16
223 387 36 3
444 353 36 11
66 362 36 9
358 86 36 17
111 405 36 12
274 10 36 10
434 442 36 18
424 155 36 5
373 405 36 20
126 143 36 20
271 375 36 3
214 382 36 10
268 10 36 2
14 367 36 2
108 41 36 17
157 324 36 14
50 310 36 12
179 287 36 11
433 212 36 20
3 348 36 14
381 171 36 5
260 384 36 19
45 204 36 16
211 217 36 12
15 334 36 5
223 44 36 1
3 103 36 9
234 282 36 14
172 277 36 10
77 280 36 7
125 223 36 17
100 35 36 6
29 90 36 12
404 300 36 9
251 315 36 11
159 100 36 3
380 113 36 14
16 356 36 4
406 81 36 5
103 157 36 1
157 281 36 19
391 390 36 14
114 418 36 6
50 384 36 8
203 198 36 10
253 356 36 20
345 288 36 10
103 313 36 15
152 271 36 18
31 383 36 6
188 92 36 15
121 45 36 11
98 168 36 10
164 218 36 9
82 420 36 10
325 235 36 18
230 133 36 5
257 245 36 7
182 397 36 11
198 427 36 16
380 177 36 10
405 297 36 19
383 394 36 18
332 110 36 9
227 202 36 12
309 79 36 19
309 318 36 3
149 127 36 17
301 308 36 9
287 68 36 3
209 10 36 20
222 425 36 17
299 360 36 13
87 254 36 11
92 33 36 20
90 351 36 1
312 222 36 1
239 380 36 1
400 244 36 8
84 83 36 18
193 301 36 10
32 75 36 17
178 384 36 13
270 23 36 9
34 125 36 11
10 214 36 2
63 88 36 17
444 326 36 14
46 288 36 10
423 371 36 11
421 127 36 10
438 158 36 14
442 335 36 3
368 167 36 6
101 211 36 18
334 220 36 15
23 292 36 15
380 288 36 8
233 334 36 6
329 319 36 7
71 292 36 12
113 292 36 20
239 296 36 13
302 227 36 9
387 327 36 12
159 223 36 13
154 245 36 1
236 188 36 7
206 420 36 5
16 312 36 2
217 392 36 6
87 57 36 16
125 295 36 2
60 159 36 6
151 98 36 8
16 266 36 17
99 419 36 16
37 217 36 4
263 422 36 10
374 1 36 20
367 227 36 12
205 314 36 19
344 1 36 15
341 60 36 13
108 220 36 12
221 245 36 19
99 354 36 10
232 390 36 17
105 205 36 13
408 142 36 2
137 61 36 10
258 275 36 1
444 171 36 14
31 65 36 5
234 182 36 3
97 402 36 18
225 63 36 8
335 305 36 9
215 419 36 2
89 389 36 13
410 89 36 3
63 346 36 16
50 352 36 13
36 383 36 2
92 179 36 5
367 275 36 17
2 62 36 14
438 397 36 8
379 174 36 18
87 262 36 8
384 234 36 7
314 306 36 10
61 355 36 16
436 391 36 10
438 35 36 17
174 411 36 8
321 412 36 1
94 412 36 18
180 343 36 3
238 440 36 12
238 386 36 14
335 252 36 3
341 312 36 14
241 311 36 18
96 301 36 19
129 38 36 11
446 368 36 12
387 24 36 8
278 204 36 13
341 441 36 7
239 231 36 15
369 129 36 11
358 22 36 6
265 262 36 17
124 367 36 17
28 58 36 9
351 56 36 17
192 442 36 20
8 282 36 4
166 186 36 10
326 424 36 3
424 345 36 16
326 266 36 15
102 93 36 19
189 216 36 17
129 253 36 17
116 157 36 6
33 348 36 4
411 355 36 10
108 83 36 17
246 418 36 9
177 394 36 19
236 282 36 10
326 384 36 11
