2000 200
247 75 120 19
288 344 120 20
55 231 120 3
128 91 120 18
7 140 120 13
382 22 120 4
171 287 120 5
228 174 120 11
360 213 120 19
63 346 120 19
260 145 120 9
262 432 120 16
219 49 120 6
270 186 120 8
27 202 120 12
18 136 120 18
128 307 120 11
246 87 120 5
365 10 120 9
233 72 120 1
135 341 120 20
111 155 120 3
441 383 120 17
118 215 120 17
332 241 120 5
238 258 120 4
175 385 120 10
408 193 120 19
367 111 120 16
92 353 120 8
172 50 120 1
406 170 120 17
187 164 120 15
16 281 120 17
31 175 120 12
247 422 120 6
151 149 120 20
362 119 120 20
232 38 120 19
111 140 120 16
61 321 120 9
361 290 120 18
378 29 120 11
330 45 120 13
49 75 120 11
18 321 120 20
245 34 120 5
430 405 120 8
360 189 120 6
410 299 120 14
365 369 120 16
379 282 120 20
115 212 120 12
25 104 120 15
214 152 120 2
141 180 120 17
41 434 120 3
100 416 120 3
276 328 120 5
53 300 120 6
426 217 120 11
236 158 120 6
334 273 120 5
14 307 120 4
195 73 120 9
3 213 120 13
151 264 120 5
333 363 120 19
25 201 120 12
352 264 120 20
94 252 120 12
215 40 120 6
170 374 120 1
356 387 120 19
189 135 120 13
194 147 120 16
377 308 120 17
100 193 120 12
249 217 120 17
288 121 120 8
169 225 120 2
287 2 120 12
116 181 120 12
226 89 120 9
196 288 120 14
248 34 120 8
65 410 120 6
156 73 120 3
161 321 120 5
367 161 120 12
399 339 120 6
236 179 120 5
122 304 120 18
381 82 120 6
132 287 120 15
38 87 120 6
90 162 120 11
12 317 120 15
126 30 120 8
9 407 120 5
22 358 120 14
270 156 120 9
61 277 120 4
43 210 120 11
123 352 120 10
33 389 120 11
443 41 120 11
368 62 120 18
366 187 120 16
246 195 120 8
287 226 120 5
229 48 120 18
359 119 120 20
345 171 120 20
422 293 120 9
339 335 120 13
353 330 120 19
90 250 120 12
134 178 120 18
227 424 120 17
279 273 120 8
251 64 120 14
379 422 120 2
337 319 120 10
57 293 120 3
138 195 120 19
160 100 120 19
242 189 120 17
375 332 120 17
257 121 120 9
343 399 120 18
207 213 120 17
129 144 120 6
159 33 120 12
369 99 120 5
424 236 120 15
366 405 120 12
200 199 120 11
284 136 120 8
108 402 120 20
355 307 120 16
447 77 120 2
145 205 120 7
274 374 120 1
274 295 120 13
129 272 120 13
189 200 120 15
347 400 120 3
247 236 120 6
42 353 120 7
414 270 120 4
290 269 120 15
379 413 120 5
174 239 120 4
1 75 120 5
374 213 120 9
109 401 120 14
248 301 120 11
148 110 120 8
184 151 120 1
195 127 120 10
55 417 120 12
1 358 120 15
161 84 120 12
248 94 120 18
182 21 120 10
407 139 120 17
374 386 120 16
304 86 120 9
31 280 120 2
101 27 120 16
2 91 120 17
172 91 120 15
306 251 120 20
242 51 120 20
241 242 120 20
26 201 120 12
202 138 120 10
240 4 120 1
388 34 120 17
240 144 120 9
228 146 120 8
185 317 120 20
62 185 120 13
32 426 120 12
85 230 120 19
179 255 120 8
410 9 120 19
133 249 120 7
388 189 120 11
38 438 120 1
161 228 120 17
374 422 120 15
240 46 120 17
356 77 120 20
96 172 120 8
68 350 120 2
250 312 120 12
132 444 120 12
17 394 120 2
382 431 120 17
444 154 120 10
214 80 120 11
310 329 120 4
144 248 120 10
403 343 120 11
7 420 120 3
302 232 120 13
179 363 120 12
304 379 120 18
191 324 120 13
68 330 120 11
172 97 120 13
251 416 120 16
386 112 120 18
150 77 120 6
85 83 120 13
369 395 120 4
90 126 120 7
255 440 120 14
367 183 120 14
35 250 120 15
293 421 120 18
194 235 120 17
434 183 120 11
26 332 120 9
418 426 120 8
336 357 120 3
38 446 120 17
112 254 120 8
128 183 120 10
20 217 120 11
242 72 120 8
122 266 120 4
418 262 120 2
389 297 120 15
446 278 120 1
128 166 120 14
215 213 120 19
437 334 120 2
194 15 120 17
143 34 120 4
351 285 120 13
85 407 120 9
64 387 120 7
234 338 120 17
289 336 120 15
331 27 120 14
283 251 120 17
233 240 120 10
446 443 120 19
404 138 120 9
131 51 120 1
376 135 120 6
3 208 120 8
337 442 120 20
84 293 120 8
108 186 120 14
297 21 120 9
271 263 120 13
122 261 120 1
443 217 120 6
361 357 120 18
107 286 120 16
278 298 120 13
379 187 120 13
391 281 120 19
291 388 120 7
217 248 120 8
403 71 120 14
391 202 120 16
364 208 120 8
47 121 120 11
227 237 120 20
94 68 120 8
179 9 120 1
258 399 120 8
192 242 120 3
312 21 120 18
15 423 120 13
427 366 120 19
216 292 120 13
232 348 120 15
157 127 120 19
377 231 120 1
437 419 120 16
256 230 120 9
356 431 120 13
406 295 120 7
266 319 120 9
206 299 120 13
348 77 120 17
250 308 120 12
283 27 120 5
105 403 120 13
441 402 120 8
348 221 120 13
207 129 120 6
308 97 120 7
439 362 120 1
98 130 120 3
133 31 120 12
23 290 120 10
260 125 120 5
186 239 120 10
343 232 120 10
34 133 120 12
401 339 120 16
314 209 120 12
75 200 120 1
155 308 120 15
95 3 120 5
112 25 120 3
447 294 120 2
361 33 120 14
240 385 120 9
74 418 120 12
138 381 120 15
330 257 120 9
171 332 120 2
393 49 120 1
298 143 120 2
232 265 120 11
19 264 120 9
388 187 120 6
111 426 120 2
65 63 120 8
162 200 120 16
160 83 120 12
366 263 120 13
335 209 120 8
174 69 120 3
16 310 120 18
349 329 120 6
71 279 120 19
293 389 120 19
4 16 120 18
133 177 120 3
214 336 120 2
95 255 120 10
317 152 120 14
150 326 120 1
126 351 120 7
375 262 120 15
441 342 120 6
255 187 120 1
48 191 120 5
350 333 120 4
405 99 120 18
104 204 120 6
66 83 120 9
246 233 120 8
57 368 120 4
168 305 120 11
169 308 120 10
12 116 120 1
252 163 120 11
71 66 120 11
57 23 120 13
388 136 120 11
89 202 120 17
388 10 120 11
129 67 120 3
229 244 120 15
144 422 120 11
400 433 120 3
405 248 120 17
154 318 120 13
234 384 120 10
413 334 120 17
358 422 120 8
376 373 120 12
198 54 120 16
378 292 120 7
425 445 120 11
332 397 120 15
355 365 120 10
103 71 120 20
363 304 120 10
208 280 120 19
188 190 120 6
380 128 120 6
134 326 120 19
411 256 120 20
47 243 120 1
94 137 120 1
137 44 120 2
437 156 120 6
171 71 120 4
298 278 120 19
311 29 120 1
299 408 120 12
222 104 120 17
208 77 120 11
39 123 120 4
314 226 120 14
111 363 120 17
263 362 120 7
37 95 120 18
125 392 120 1
45 266 120 2
155 117 120 12
392 349 120 2
60 109 120 15
440 147 120 1
168 23 120 19
42 134 120 14
407 396 120 15
44 442 120 11
198 130 120 13
192 174 120 1
215 328 120 12
197 272 120 10
303 331 120 5
27 333 120 10
341 53 120 11
433 105 120 14
3 74 120 16
381 117 120 19
417 314 120 13
398 59 120 8
196 273 120 10
121 32 120 4
404 334 120 12
339 371 120 2
430 264 120 11
106 259 120 11
363 261 120 10
130 194 120 8
339 164 120 8
240 124 120 8
315 329 120 9
270 3 120 3
49 416 120 2
179 307 120 6
195 299 120 3
263 415 120 3
445 330 120 11
253 22 120 14
178 371 120 1
427 163 120 5
286 30 120 18
428 299 120 12
164 358 120 16
233 99 120 5
226 293 120 10
44 108 120 12
131 115 120 13
30 368 120 20
123 98 120 4
399 77 120 9
341 373 120 9
175 363 120 19
20 79 120 1
281 321 120 6
412 99 120 9
404 153 120 10
363 283 120 1
214 312 120 2
96 445 120 12
339 396 120 20
307 300 120 12
314 37 120 9
173 56 120 5
409 337 120 1
287 311 120 16
20 267 120 11
307 182 120 17
272 405 120 20
157 53 120 14
140 401 120 7
209 270 120 18
213 137 120 13
132 319 120 7
139 281 120 16
19 130 120 16
445 149 120 8
149 18 120 15
135 290 120 9
433 9 120 18
300 148 120 20
116 366 120 1
231 141 120 20
392 272 120 19
162 410 120 15
287 429 120 17
266 436 120 5
73 138 120 17
72 272 120 16
27 267 120 3
45 120 120 3
17 245 120 13
268 29 120 6
208 430 120 12
19 154 120 17
121 441 120 20
341 269 120 12
283 351 120 12
242 422 120 8
43 12 120 18
309 66 120 1
286 92 120 3
192 359 120 12
228 119 120 20
108 138 120 19
398 258 120 19
232 161 120 12
55 6 120 13
24 247 120 2
275 289 120 14
356 161 120 2
118 446 120 3
115 190 120 7
160 427 120 19
188 88 120 12
369 48 120 17
96 280 120 10
101 334 120 17
19 367 120 4
359 205 120 20
263 113 120 6
253 240 120 8
324 365 120 20
306 77 120 17
417 264 120 12
228 195 120 1
306 300 120 14
108 400 120 15
352 429 120 3
405 340 120 18
310 166 120 9
375 418 120 9
2 294 120 7
265 162 120 6
70 142 120 11
420 379 120 6
370 238 120 15
162 345 120 3
287 259 120 16
331 226 120 15
143 89 120 4
76 16 120 17
249 17 120 12
339 291 120 11
69 371 120 9
72 343 120 1
269 275 120 14
319 436 120 6
332 285 120 9
325 168 120 14
221 320 120 5
282 406 120 15
313 207 120 6
200 109 120 19
249 177 120 17
438 258 120 4
122 79 120 20
43 408 120 18
318 292 120 12
404 179 120 16
279 400 120 9
241 234 120 2
229 110 120 3
244 309 120 7
102 110 120 3
340 111 120 13
26 232 120 11
6 285 120 14
421 155 120 5
226 122 120 7
208 410 120 19
73 203 120 12
333 432 120 5
373 228 120 9
73 339 120 8
397 241 120 17
103 266 120 20
325 281 120 11
70 254 120 15
106 32 120 19
331 249 120 1
60 322 120 5
33 217 120 14
105 152 120 9
49 225 120 8
112 184 120 7
285 286 120 1
242 164 120 9
57 243 120 20
26 359 120 13
116 242 120 4
178 301 120 4
442 344 120 14
254 1 120 18
302 59 120 13
252 180 120 14
431 17 120 5
2 269 120 13
289 325 120 19
393 350 120 2
100 28 120 13
46 205 120 18
333 209 120 1
390 25 120 6
151 327 120 16
136 141 120 8
314 124 120 20
330 125 120 1
73 424 120 13
68 379 120 10
411 31 120 14
111 77 120 13
131 419 120 12
38 361 120 19
402 64 120 12
377 209 120 10
95 85 120 20
287 425 120 5
289 50 120 15
179 117 120 17
417 90 120 16
236 210 120 6
268 340 120 10
72 377 120 3
348 341 120 12
65 271 120 11
380 375 120 11
371 214 120 10
39 66 120 12
141 244 120 3
183 213 120 20
246 1 120 3
405 279 120 10
89 350 120 8
133 260 120 12
240 335 120 20
119 267 120 7
93 190 120 2
33 238 120 4
33 388 120 10
158 124 120 17
383 369 120 4
369 337 120 2
258 425 120 10
87 110 120 12
256 359 120 10
258 41 120 10
197 133 120 7
350 165 120 13
131 207 120 16
155 365 120 11
402 300 120 5
212 231 120 16
300 42 120 1
290 128 120 18
103 383 120 19
250 203 120 1
226 399 120 19
391 302 120 18
347 442 120 7
253 160 120 3
272 114 120 2
232 325 120 14
82 187 120 9
365 39 120 18
321 152 120 20
188 401 120 6
105 190 120 15
154 133 120 19
367 42 120 13
350 294 120 15
260 128 120 5
32 360 120 14
25 441 120 19
68 368 120 6
249 241 120 9
364 428 120 17
245 95 120 20
77 248 120 16
220 178 120 4
357 90 120 13
207 350 120 3
179 391 120 20
39 415 120 11
84 46 120 9
178 294 120 18
413 220 120 2
175 17 120 19
115 93 120 9
198 322 120 12
333 232 120 10
304 438 120 10
402 179 120 13
423 217 120 3
446 311 120 2
390 51 120 7
128 17 120 18
313 201 120 3
145 315 120 18
225 76 120 11
35 408 120 16
382 274 120 19
203 238 120 13
405 213 120 14
148 222 120 2
382 164 120 2
26 301 120 13
346 166 120 12
235 311 120 10
227 88 120 11
104 133 120 2
201 67 120 3
299 269 120 1
138 237 120 10
203 384 120 18
132 328 120 13
111 353 120 19
116 261 120 3
321 49 120 2
413 285 120 16
134 388 120 17
261 152 120 6
225 13 120 13
426 150 120 9
402 352 120 1
153 46 120 18
77 156 120 20
291 281 120 2
244 164 120 20
70 130 120 19
441 263 120 12
39 86 120 4
171 320 120 5
124 308 120 19
323 263 120 20
11 425 120 8
36 54 120 6
414 354 120 8
169 161 120 3
428 230 120 11
68 223 120 15
116 272 120 8
314 442 120 18
78 128 120 19
437 3 120 14
274 23 120 16
147 68 120 13
185 45 120 20
56 213 120 6
91 193 120 4
265 271 120 15
254 396 120 2
329 262 120 15
276 339 120 6
83 339 120 3
163 165 120 6
219 321 120 16
339 68 120 5
365 124 120 10
104 224 120 7
82 52 120 13
283 305 120 20
318 186 120 15
357 14 120 12
76 97 120 12
264 259 120 6
27 40 120 11
305 378 120 14
179 295 120 4
266 408 120 3
118 43 120 20
240 335 120 1
320 216 120 7
214 135 120 5
10 211 120 3
144 37 120 14
443 64 120 10
178 368 120 18
427 99 120 3
353 374 120 16
75 44 120 6
285 293 120 15
362 175 120 19
178 389 120 20
18 398 120 16
400 95 120 9
147 100 120 15
400 277 120 2
126 266 120 14
157 181 120 14
159 255 120 18
202 102 120 20
143 27 120 17
299 214 120 17
143 231 120 19
216 184 120 9
316 340 120 13
32 292 120 1
125 417 120 18
317 137 120 1
435 295 120 2
149 59 120 10
166 202 120 20
358 63 120 6
53 215 120 6
156 431 120 1
363 299 120 17
222 341 120 3
377 28 120 8
341 344 120 3
48 331 120 7
9 43 120 14
82 208 120 1
181 128 120 14
47 191 120 6
153 356 120 3
432 282 120 9
166 66 120 15
191 443 120 10
195 336 120 10
326 393 120 18
323 401 120 14
379 46 120 17
199 226 120 5
72 282 120 1
169 444 120 19
249 438 120 16
190 156 120 16
25 356 120 18
344 104 120 12
112 439 120 18
211 314 120 9
362 256 120 15
284 7 120 7
333 88 120 9
135 266 120 8
302 67 120 14
294 267 120 17
351 291 120 17
413 197 120 7
363 308 120 17
268 82 120 18
136 6 120 2
40 289 120 13
189 184 120 14
182 328 120 12
162 183 120 11
143 29 120 18
279 389 120 20
333 354 120 6
44 279 120 17
202 109 120 19
227 244 120 9
60 293 120 14
367 34 120 8
304 216 120 5
69 387 120 1
358 82 120 15
19 370 120 10
417 266 120 7
127 319 120 17
145 73 120 17
253 300 120 8
367 369 120 15
323 288 120 18
25 154 120 12
54 233 120 8
266 143 120 13
68 162 120 1
269 141 120 10
375 278 120 18
333 422 120 14
388 237 120 10
240 157 120 3
395 32 120 3
136 66 120 17
92 119 120 6
444 394 120 12
441 15 120 15
361 293 120 2
108 230 120 3
174 115 120 14
312 56 120 6
312 305 120 14
233 252 120 16
5 387 120 19
378 41 120 19
88 38 120 6
388 41 120 5
422 401 120 6
140 72 120 19
144 245 120 18
133 119 120 2
358 430 120 6
292 225 120 10
277 230 120 5
327 160 120 8
48 257 120 17
163 208 120 4
312 182 120 3
306 331 120 14
83 28 120 3
431 160 120 19
387 80 120 19
210 381 120 5
285 210 120 4
300 89 120 20
365 146 120 19
20 309 120 15
172 183 120 18
278 42 120 15
18 124 120 19
12 117 120 4
134 56 120 15
238 275 120 17
130 113 120 17
260 422 120 1
103 339 120 11
212 368 120 13
81 102 120 3
141 380 120 13
75 407 120 6
56 429 120 19
196 125 120 5
415 363 120 9
130 55 120 13
54 324 120 9
76 436 120 8
244 200 120 6
272 290 120 7
46 431 120 4
318 68 120 18
266 124 120 8
330 329 120 20
12 307 120 3
426 436 120 14
57 53 120 16
110 128 120 2
73 371 120 20
404 206 120 6
389 261 120 4
316 132 120 4
212 397 120 13
100 290 120 14
102 311 120 12
39 289 120 15
30 346 120 20
354 18 120 15
210 90 120 5
286 46 120 12
204 444 120 2
115 322 120 2
93 87 120 1
215 196 120 18
208 307 120 5
70 345 120 13
377 384 120 12
290 290 120 14
340 63 120 19
313 348 120 7
55 114 120 2
57 228 120 1
200 330 120 7
302 97 120 7
247 314 120 12
65 393 120 4
171 323 120 20
186 175 120 12
217 67 120 4
338 389 120 8
68 6 120 17
241 62 120 6
288 271 120 2
432 126 120 15
333 372 120 12
84 446 120 14
188 169 120 18
229 364 120 4
122 134 120 6
67 24 120 8
379 91 120 7
347 331 120 2
105 182 120 16
192 176 120 12
386 61 120 16
447 144 120 4
16 342 120 20
364 123 120 17
439 244 120 19
153 320 120 16
245 251 120 4
353 160 120 6
86 264 120 12
89 8 120 20
217 404 120 9
279 413 120 17
339 428 120 1
140 354 120 12
295 355 120 1
146 60 120 11
21 314 120 13
433 230 120 11
301 315 120 14
341 403 120 20
118 182 120 10
403 23 120 12
395 361 120 11
280 63 120 20
308 358 120 18
131 56 120 2
284 76 120 11
239 71 120 4
364 372 120 14
304 275 120 16
262 392 120 1
176 358 120 16
55 315 120 4
371 157 120 5
146 17 120 6
275 148 120 13
26 431 120 7
91 232 120 9
374 148 120 14
98 5 120 9
223 266 120 10
93 442 120 20
431 59 120 12
246 430 120 18
113 138 120 3
357 423 120 2
209 1 120 2
137 91 120 3
146 28 120 9
88 135 120 4
305 357 120 15
29 12 120 16
120 443 120 6
68 241 120 18
182 363 120 11
313 272 120 11
154 33 120 3
425 180 120 16
44 335 120 15
257 432 120 9
27 289 120 18
72 327 120 9
112 446 120 15
220 76 120 15
320 258 120 13
110 133 120 2
333 297 120 11
109 284 120 5
432 327 120 13
346 146 120 8
393 172 120 12
360 254 120 12
339 365 120 13
322 147 120 4
109 19 120 12
257 138 120 15
240 23 120 1
265 141 120 3
22 136 120 17
123 44 120 9
208 446 120 16
155 369 120 11
419 260 120 2
254 144 120 14
164 262 120 8
342 72 120 14
215 311 120 4
374 128 120 18
379 159 120 5
274 281 120 3
305 51 120 17
80 206 120 7
98 187 120 2
43 3 120 8
144 166 120 1
273 70 120 12
92 284 120 7
401 210 120 16
394 152 120 3
84 425 120 12
275 292 120 10
7 371 120 17
107 21 120 20
39 73 120 19
114 226 120 10
4 51 120 3
422 153 120 6
256 116 120 9
227 62 120 16
366 156 120 15
338 430 120 5
371 446 120 15
171 105 120 9
158 153 120 6
156 266 120 5
320 270 120 19
107 254 120 20
187 63 120 11
29 299 120 3
23 218 120 11
4 118 120 6
276 41 120 20
25 222 120 3
252 389 120 4
114 97 120 14
191 427 120 18
339 96 120 7
192 282 120 6
171 310 120 14
221 342 120 10
426 355 120 9
176 194 120 19
371 228 120 18
233 42 120 9
247 155 120 19
79 356 120 16
201 247 120 15
119 2 120 13
109 182 120 6
397 402 120 3
19 380 120 8
205 118 120 7
431 41 120 18
442 283 120 16
393 82 120 12
4 170 120 17
51 370 120 13
193 51 120 20
169 159 120 8
18 119 120 11
228 137 120 11
345 341 120 13
219 334 120 8
320 328 120 10
25 284 120 18
342 297 120 2
120 348 120 6
145 103 120 18
180 272 120 5
397 299 120 10
130 79 120 14
253 433 120 9
45 204 120 2
335 86 120 13
12 111 120 12
218 15 120 5
166 135 120 10
36 279 120 1
404 21 120 3
47 427 120 9
254 110 120 5
161 372 120 19
417 416 120 4
113 303 120 3
137 315 120 2
6 95 120 4
182 260 120 14
268 295 120 8
447 262 120 14
22 318 120 10
343 124 120 20
294 294 120 6
251 274 120 9
402 386 120 11
201 75 120 19
120 91 120 6
53 282 120 9
131 103 120 18
39 112 120 9
415 133 120 15
334 28 120 17
371 332 120 2
343 135 120 17
273 89 120 15
78 299 120 10
188 428 120 16
411 34 120 5
447 164 120 11
330 212 120 2
47 190 120 13
71 86 120 3
228 9 120 10
242 361 120 12
82 186 120 3
318 264 120 19
181 14 120 19
134 424 120 8
378 423 120 3
278 315 120 20
288 361 120 3
431 441 120 14
165 232 120 4
219 26 120 20
418 118 120 20
259 435 120 16
418 168 120 18
100 311 120 12
273 241 120 17
171 81 120 4
271 369 120 19
123 362 120 18
60 79 120 8
16 298 120 10
332 278 120 1
396 99 120 15
287 69 120 13
190 169 120 10
90 441 120 15
413 174 120 5
176 445 120 3
299 130 120 5
416 200 120 8
327 215 120 7
264 109 120 13
327 57 120 19
388 343 120 5
178 96 120 20
289 185 120 12
193 160 120 15
187 335 120 1
103 197 120 12
380 165 120 16
288 55 120 13
57 318 120 10
103 207 120 2
257 147 120 2
23 335 120 14
424 176 120 13
371 378 120 17
45 117 120 7
172 219 120 3
439 151 120 14
11 2 120 6
254 58 120 9
158 170 120 7
129 426 120 20
442 12 120 15
413 435 120 10
131 359 120 11
9 413 120 2
232 137 120 7
213 129 120 12
359 149 120 6
112 403 120 11
192 123 120 15
32 261 120 13
28 265 120 4
368 240 120 3
436 371 120 6
444 389 120 15
131 173 120 11
47 386 120 8
124 307 120 1
211 419 120 3
346 173 120 3
222 214 120 17
77 241 120 4
390 171 120 19
244 159 120 8
18 165 120 15
205 306 120 5
91 362 120 6
115 48 120 19
287 259 120 20
425 167 120 17
248 388 120 2
331 18 120 8
242 407 120 7
383 213 120 6
9 241 120 17
24 445 120 20
222 98 120 1
367 212 120 9
372 61 120 4
348 38 120 13
60 295 120 6
432 179 120 12
160 420 120 10
59 365 120 17
127 374 120 16
359 407 120 13
22 191 120 18
36 111 120 2
118 35 120 14
1 383 120 7
70 5 120 5
70 436 120 15
96 158 120 20
92 217 120 20
311 343 120 13
312 264 120 1
321 285 120 14
436 330 120 8
326 1 120 9
276 11 120 1
273 81 120 20
108 160 120 19
141 265 120 6
147 357 120 10
70 220 120 17
376 94 120 3
204 424 120 11
223 423 120 9
352 301 120 10
69 139 120 17
177 411 120 9
300 82 120 8
420 222 120 1
251 378 120 2
298 447 120 15
250 385 120 12
28 142 120 20
90 374 120 2
35 279 120 11
446 347 120 20
421 86 120 20
39 395 120 2
263 368 120 4
305 171 120 15
265 32 120 4
8 281 120 13
291 309 120 5
113 408 120 13
358 5 120 5
8 4 120 1
254 424 120 2
16 16 120 6
316 288 120 17
390 145 120 20
395 420 120 3
410 427 120 14
372 280 120 16
28 392 120 19
67 312 120 2
375 320 120 16
154 126 120 9
19 151 120 8
289 19 120 20
31 408 120 7
401 366 120 13
355 338 120 9
163 262 120 2
278 289 120 19
354 365 120 15
445 302 120 11
91 9 120 7
161 37 120 2
256 325 120 9
192 366 120 3
282 319 120 19
344 237 120 8
395 409 120 14
278 239 120 13
125 156 120 18
274 153 120 4
305 243 120 5
24 404 120 10
350 222 120 7
247 423 120 2
105 267 120 6
347 173 120 20
23 120 120 18
416 407 120 15
204 85 120 14
366 358 120 12
372 226 120 1
397 259 120 16
21 162 120 4
416 408 120 10
283 75 120 6
41 422 120 18
35 444 120 4
437 412 120 15
193 178 120 12
115 96 120 5
178 31 120 1
57 437 120 2
339 10 120 20
406 425 120 15
1 270 120 3
319 310 120 13
363 354 120 9
80 353 120 20
213 99 120 20
430 213 120 12
120 400 120 17
36 10 120 15
220 358 120 7
108 316 120 12
413 316 120 10
346 198 120 8
253 113 120 3
166 202 120 6
54 414 120 2
119 396 120 5
289 69 120 6
53 114 120 10
242 333 120 20
4 3 120 10
200 425 120 3
218 324 120 15
109 139 120 11
364 315 120 20
67 378 120 14
325 59 120 18
358 357 120 3
353 409 120 6
368 204 120 4
283 217 120 20
76 416 120 20
195 196 120 19
64 315 120 9
56 231 120 9
239 307 120 19
398 184 120 10
69 104 120 5
255 19 120 2
107 386 120 6
301 231 120 16
40 307 120 3
214 64 120 16
273 128 120 7
34 193 120 6
109 441 120 18
114 401 120 16
187 23 120 12
170 277 120 16
114 394 120 16
261 247 120 5
197 297 120 3
101 73 120 12
210 355 120 19
187 389 120 14
403 60 120 8
32 184 120 7
300 370 120 19
235 92 120 6
188 205 120 14
79 28 120 18
201 224 120 8
182 334 120 8
237 97 120 4
428 283 120 17
365 248 120 7
294 289 120 11
177 152 120 10
82 386 120 18
274 136 120 10
411 214 120 13
358 415 120 20
144 149 120 15
12 395 120 4
235 376 120 6
408 293 120 14
194 139 120 11
153 316 120 7
55 407 120 18
48 233 120 19
245 207 120 17
43 117 120 9
65 271 120 9
420 292 120 19
434 89 120 7
283 50 120 2
389 243 120 12
337 406 120 14
446 13 120 6
56 60 120 7
238 314 120 17
197 367 120 5
122 431 120 11
206 413 120 2
238 399 120 20
207 244 120 15
22 195 120 13
442 85 120 3
283 93 120 19
93 149 120 18
136 396 120 1
385 145 120 1
304 277 120 17
55 35 120 15
98 272 120 10
230 32 120 15
410 63 120 8
396 57 120 18
350 349 120 3
326 441 120 1
361 130 120 10
273 67 120 9
103 380 120 8
374 445 120 7
152 95 120 3
349 324 120 8
341 297 120 11
81 255 120 7
352 158 120 9
289 36 120 11
373 407 120 2
406 232 120 6
147 344 120 9
173 270 120 16
224 432 120 4
100 333 120 10
26 236 120 15
5 317 120 15
59 231 120 9
15 72 120 11
421 445 120 17
62 413 120 16
226 122 120 8
333 295 120 15
437 71 120 18
199 180 120 11
284 216 120 8
228 230 120 1
426 288 120 15
345 312 120 3
309 285 120 19
232 346 120 12
406 135 120 17
29 20 120 7
369 20 120 16
256 218 120 17
38 54 120 19
56 291 120 4
389 269 120 11
59 176 120 15
258 37 120 12
16 278 120 9
187 236 120 13
43 275 120 16
202 196 120 20
432 15 120 13
415 52 120 20
155 117 120 3
135 59 120 20
402 127 120 9
96 394 120 14
75 410 120 9
410 159 120 15
441 201 120 13
55 403 120 9
125 397 120 19
422 364 120 17
335 82 120 12
91 216 120 15
126 180 120 20
336 275 120 11
145 360 120 9
242 332 120 13
128 325 120 5
297 380 120 10
225 67 120 15
167 52 120 6
161 386 120 4
281 40 120 5
22 175 120 7
336 63 120 8
160 217 120 8
393 12 120 7
348 149 120 10
56 8 120 19
186 233 120 9
265 399 120 9
271 122 120 2
358 402 120 17
213 433 120 18
257 332 120 13
129 44 120 15
369 447 120 17
37 357 120 1
39 422 120 4
430 160 120 5
440 434 120 10
55 258 120 1
65 178 120 19
124 391 120 20
347 210 120 6
205 338 120 15
269 260 120 8
365 306 120 17
151 354 120 18
402 336 120 12
438 328 120 2
436 392 120 16
98 9 120 17
181 132 120 2
250 41 120 17
203 245 120 20
210 77 120 20
225 441 120 3
160 154 120 10
58 109 120 19
136 109 120 11
200 107 120 1
74 214 120 4
135 395 120 2
140 197 120 10
364 410 120 14
31 172 120 14
415 406 120 6
219 118 120 3
367 186 120 19
412 321 120 18
348 73 120 3
219 156 120 20
108 290 120 13
138 439 120 9
209 355 120 16
88 396 120 9
32 373 120 15
427 144 120 12
81 73 120 16
300 48 120 3
190 395 120 14
187 176 120 16
408 293 120 13
128 431 120 4
45 202 120 11
381 289 120 7
4 331 120 19
33 310 120 14
199 400 120 8
103 252 120 17
327 441 120 7
196 191 120 13
220 151 120 16
96 278 120 20
411 333 120 14
207 276 120 1
397 280 120 17
66 322 120 20
335 73 120 12
239 185 120 15
191 64 120 6
100 269 120 8
194 41 120 4
134 146 120 3
57 120 120 16
202 326 120 2
178 285 120 6
47 360 120 18
235 257 120 17
375 49 120 10
319 249 120 11
276 358 120 13
414 104 120 3
264 238 120 14
402 304 120 12
425 58 120 4
277 245 120 12
417 301 120 12
432 88 120 7
81 15 120 18
362 343 120 1
278 172 120 14
6 148 120 18
240 411 120 3
173 376 120 16
225 353 120 16
165 182 120 9
390 152 120 17
90 146 120 9
46 226 120 18
61 150 120 16
333 428 120 14
69 443 120 19
355 245 120 3
4 418 120 19
403 205 120 14
413 370 120 3
221 322 120 18
339 421 120 13
97 19 120 8
337 89 120 10
16 422 120 16
332 43 120 11
349 407 120 17
349 410 120 12
267 365 120 15
100 341 120 12
115 124 120 15
291 15 120 15
165 121 120 2
275 11 120 15
87 36 120 5
336 377 120 6
153 288 120 19
204 189 120 14
246 8 120 6
35 108 120 15
213 222 120 1
265 76 120 16
290 240 120 5
343 67 120 20
38 163 120 1
164 61 120 5
332 213 120 8
12 427 120 2
111 225 120 7
138 259 120 19
57 34 120 8
100 298 120 4
166 150 120 11
353 55 120 15
103 103 120 7
345 266 120 4
70 151 120 14
82 172 120 16
282 283 120 2
53 430 120 18
378 39 120 15
51 148 120 19
235 314 120 12
232 219 120 19
296 332 120 11
85 229 120 4
381 308 120 6
6 389 120 3
47 234 120 1
322 286 120 5
418 227 120 14
90 277 120 15
79 74 120 17
217 306 120 16
410 154 120 18
267 248 120 15
390 181 120 5
216 187 120 13
224 243 120 2
76 118 120 18
358 88 120 18
231 188 120 14
261 276 120 17
158 46 120 2
273 18 120 11
272 284 120 2
62 227 120 11
160 5 120 18
200 238 120 14
45 314 120 17
176 234 120 20
86 17 120 16
292 287 120 3
125 444 120 17
262 269 120 4
116 103 120 7
216 175 120 12
60 334 120 4
100 96 120 7
383 141 120 12
345 316 120 20
405 412 120 8
205 256 120 18
291 380 120 4
421 195 120 3
122 320 120 14
116 98 120 10
346 168 120 7
133 267 120 3
158 212 120 14
59 110 120 9
193 77 120 10
353 282 120 6
353 125 120 8
359 108 120 7
196 239 120 13
136 354 120 20
250 262 120 17
261 395 120 13
367 115 120 11
176 174 120 10
300 376 120 9
389 282 120 16
286 197 120 13
125 108 120 17
169 313 120 2
94 2 120 8
117 261 120 4
297 84 120 15
317 13 120 19
91 188 120 18
441 41 120 19
410 429 120 14
224 277 120 8
171 411 120 8
236 142 120 17
83 236 120 19
293 352 120 3
327 212 120 17
299 81 120 5
395 181 120 18
227 174 120 19
434 146 120 6
29 379 120 4
266 113 120 4
184 348 120 10
414 430 120 17
198 285 120 4
252 165 120 20
400 26 120 5
114 430 120 5
25 209 120 5
423 205 120 10
365 233 120 10
146 62 120 11
337 255 120 1
233 221 120 8
364 418 120 1
420 232 120 6
239 195 120 18
139 308 120 15
238 342 120 18
54 327 120 5
25 244 120 3
384 399 120 6
399 288 120 6
324 74 120 19
241 447 120 15
6 419 120 4
382 211 120 19
346 359 120 8
302 149 120 16
29 212 120 17
398 236 120 8
125 183 120 12
360 134 120 5
402 20 120 15
217 270 120 18
2 276 120 11
28 220 120 4
249 129 120 10
339 440 120 5
334 22 120 7
197 429 120 3
324 106 120 16
401 18 120 12
329 419 120 7
330 188 120 5
331 199 120 9
313 236 120 4
68 37 120 16
171 386 120 15
432 272 120 13
11 31 120 19
283 354 120 7
289 318 120 10
439 199 120 9
160 82 120 2
161 422 120 15
447 297 120 11
59 364 120 2
255 97 120 14
444 81 120 7
207 102 120 5
408 384 120 1
267 235 120 5
153 226 120 13
10 396 120 20
74 119 120 7
336 119 120 12
387 187 120 2
37 4 120 14
72 1 120 17
398 217 120 16
297 178 120 18
113 7 120 6
246 160 120 17
141 169 120 16
106 253 120 7
66 141 120 3
311 80 120 15
46 116 120 3
313 197 120 20
224 157 120 6
246 7 120 4
204 119 120 8
407 375 120 10
398 68 120 6
337 183 120 10
404 258 120 16
143 132 120 13
77 177 120 16
15 42 120 16
400 276 120 1
118 84 120 6
22 298 120 19
380 257 120 5
3 207 120 20
252 106 120 4
305 62 120 2
52 214 120 11
336 291 120 8
298 315 120 11
9 268 120 3
334 395 120 15
218 426 120 1
231 359 120 18
180 371 120 6
207 175 120 20
426 43 120 15
8 104 120 16
169 439 120 11
58 289 120 2
446 308 120 19
225 204 120 20
88 432 120 8
247 215 120 15
226 404 120 18
420 173 120 13
273 151 120 11
197 159 120 15
334 337 120 20
325 394 120 3
173 403 120 10
308 190 120 1
390 287 120 14
13 97 120 7
5 332 120 17
367 304 120 2
9 139 120 19
161 345 120 12
406 242 120 20
215 119 120 2
313 301 120 9
281 161 120 15
6 103 120 1
171 125 120 1
104 129 120 16
3 48 120 8
84 67 120 11
306 227 120 1
259 195 120 12
101 409 120 7
337 275 120 19
100 108 120 6
53 123 120 19
303 294 120 5
191 407 120 4
431 409 120 19
70 45 120 8
314 361 120 1
9 182 120 16
392 283 120 9
9 182 120 13
363 281 120 9
440 344 120 7
182 199 120 11
39 399 120 20
34 382 120 10
86 14 120 2
205 338 120 7
92 346 120 16
194 301 120 11
247 309 120 2
127 235 120 1
124 227 120 11
254 409 120 16
220 10 120 5
155 53 120 16
61 148 120 6
12 352 120 8
332 7 120 2
397 200 120 8
297 446 120 16
388 135 120 11
313 258 120 2
143 65 120 8
182 294 120 5
172 12 120 4
96 72 120 20
44 83 120 15
329 425 120 15
66 384 120 15
112 234 120 3
30 184 120 15
182 59 120 16
114 212 120 11
26 393 120 6
395 117 120 9
378 222 120 13
62 266 120 14
98 157 120 16
149 222 120 14
390 344 120 5
191 373 120 2
127 108 120 19
330 231 120 17
160 266 120 4
293 213 120 4
438 154 120 12
207 225 120 18
68 322 120 9
364 34 120 5
149 423 120 11
