2000 666
104 394 36 7
19 51 36 4
156 335 36 8
428 156 36 10
402 183 36 18
270 138 36 20
437 323 36 13
145 194 36 8
283 73 36 6
337 268 36 10
39 371 36 2
330 400 36 18
390 108 36 9
200 99 36 3
347 53 36 3
46 332 36 5
37 321 36 13
118 19 36 1
192 301 36 2
40 200 36 1
352 238 36 5
154 120 36 9
16 72 36 16
223 271 36 5
148 181 36 3
255 236 36 7
63 273 36 13
184 400 36 14
61 145 36 8
10 194 36 4
237 98 36 1
388 262 36 17
33 287 36 16
253 72 36 4
114 219 36 12
47 37 36 9
301 99 36 13
439 282 36 8
147 352 36 14
156 372 36 16
373 161 36 4
381 101 36 18
60 144 36 19
278 396 36 13
320 73 36 4
94 119 36 4
114 420 36 1
396 421 36 14
194 120 36 17
135 275 36 2
280 201 36 9
85 134 36 8
161 203 36 14
76 34 36 14
73 363 36 5
289 9 36 1
103 123 36 3
16 81 36 20
221 274 36 17
330 419 36 19
373 261 36 4
129 355 36 13
433 68 36 14
443 153 36 3
402 226 36 3
432 67 36 18
134 169 36 15
265 195 36 6
359 415 36 4
146 307 36 9
207 232 36 9
21 370 36 7
435 356 36 12
157 361 36 2
370 315 36 18
60 300 36 7
206 433 36 13
37 251 36 15
396 172 36 19
154 317 36 9
320 76 36 10
309 106 36 10
205 93 36 9
178 260 36 20
303 192 36 7
207 251 36 20
196 10 36 15
364 56 36 9
279 14 36 1
161 167 36 17
359 39 36 9
341 357 36 10
246 124 36 14
78 301 36 16
261 157 36 6
322 373 36 19
244 131 36 3
152 48 36 20
310 326 36 9
203 40 36 3
422 408 36 20
269 302 36 18
232 110 36 9
298 187 36 14
175 11 36 12
244 342 36 16
126 138 36 1
27 290 36 10
420 152 36 1
390 364 36 1
90 338 36 10
275 170 36 16
369 411 36 13
150 261 36 5
232 436 36 8
32 242 36 16
205 377 36 1
61 403 36 8
421 385 36 17
212 338 36 18
63 427 36 9
311 254 36 8
423 185 36 20
197 335 36 13
167 129 36 8
148 160 36 10
22 364 36 17
34 434 36 3
345 407 36 20
361 182 36 19
303 244 36 19
135 107 36 11
147 82 36 4
122 278 36 19
367 444 36 17
154 154 36 2
201 176 36 8
168 219 36 9
99 117 36 4
415 40 36 3
174 342 36 18
359 29 36 18
360 185 36 2
89 306 36 10
161 236 36 19
372 389 36 15
285 152 36 15
124 319 36 3
397 428 36 1
183 395 36 2
159 122 36 19
369 43 36 4
247 403 36 6
207 54 36 14
16 214 36 2
269 148 36 9
229 432 36 5
373 119 36 17
289 68 36 9
331 260 36 12
412 419 36 15
397 350 36 4
411 149 36 2
162 365 36 4
238 391 36 9
93 212 36 4
345 3 36 8
312 386 36 15
151 237 36 1
416 121 36 3
192 95 36 2
89 45 36 16
39 18 36 6
390 189 36 15
348 426 36 11
72 71 36 4
400 426 36 18
276 290 36 10
280 3 36 2
352 429 36 7
246 173 36 6
121 272 36 16
355 310 36 1
290 262 36 18
163 162 36 20
416 233 36 2
7 196 36 11
37 34 36 11
15 324 36 20
229 228 36 9
127 36 36 17
119 166 36 19
175 73 36 2
238 372 36 8
52 98 36 11
281 76 36 13
154 82 36 16
5 128 36 19
156 142 36 17
319 381 36 2
16 60 36 16
342 188 36 8
56 372 36 17
88 162 36 9
382 213 36 9
381 56 36 15
185 210 36 16
194 224 36 15
246 389 36 7
165 260 36 12
330 285 36 1
94 190 36 19
22 245 36 1
33 342 36 19
425 277 36 10
20 220 36 13
147 404 36 14
356 160 36 11
246 405 36 17
297 132 36 9
271 25 36 9
324 118 36 11
127 139 36 17
301 171 36 9
189 148 36 17
299 167 36 20
27 314 36 14
412 232 36 14
136 30 36 2
248 336 36 4
183 169 36 4
403 45 36 10
374 181 36 17
153 34 36 19
273 232 36 10
222 93 36 4
390 120 36 14
77 94 36 15
380 229 36 15
193 39 36 18
148 222 36 9
127 187 36 18
223 123 36 17
21 285 36 12
436 110 36 19
114 341 36 1
416 283 36 16
147 369 36 5
110 311 36 2
112 67 36 12
439 214 36 6
51 351 36 13
165 126 36 15
12 156 36 10
349 154 36 16
24 278 36 15
239 256 36 8
135 403 36 6
135 65 36 20
362 176 36 1
191 177 36 16
241 238 36 7
40 402 36 15
419 423 36 18
198 324 36 16
86 348 36 8
315 149 36 1
390 293 36 19
386 427 36 17
265 352 36 9
201 95 36 8
370 336 36 3
432 385 36 19
182 366 36 8
98 116 36 18
178 202 36 18
77 69 36 13
242 11 36 14
362 406 36 11
119 234 36 12
51 444 36 20
160 366 36 13
68 350 36 11
388 94 36 11
235 202 36 12
416 379 36 8
50 18 36 17
279 270 36 8
364 194 36 16
428 313 36 2
396 363 36 18
21 75 36 11
429 153 36 3
337 103 36 5
163 337 36 13
115 306 36 11
278 355 36 2
73 197 36 15
335 113 36 20
118 93 36 12
125 51 36 11
137 71 36 18
68 62 36 2
357 398 36 6
303 114 36 17
3 238 36 13
91 69 36 3
197 151 36 18
124 38 36 16
245 155 36 15
241 289 36 6
143 436 36 12
129 66 36 15
277 432 36 7
80 288 36 16
229 300 36 9
247 401 36 20
172 150 36 18
303 283 36 14
109 91 36 11
7 331 36 8
412 36 36 9
440 174 36 9
93 3 36 18
144 92 36 5
317 331 36 2
281 130 36 18
323 301 36 15
68 166 36 11
317 274 36 2
264 290 36 3
72 254 36 11
305 246 36 9
176 339 36 4
21 45 36 15
174 361 36 1
179 195 36 15
137 80 36 11
254 158 36 18
206 27 36 11
259 300 36 4
195 371 36 14
176 238 36 4
331 413 36 9
52 434 36 15
311 160 36 10
16 348 36 13
297 37 36 3
441 290 36 6
303 58 36 19
1 316 36 19
445 73 36 7
238 249 36 1
286 142 36 3
236 193 36 5
239 66 36 8
146 81 36 1
267 387 36 13
21 380 36 18
388 245 36 18
335 255 36 16
145 252 36 12
325 42 36 2
295 338 36 2
231 136 36 14
163 374 36 18
254 83 36 20
255 349 36 8
302 379 36 14
201 330 36 5
158 227 36 1
440 381 36 7
347 258 36 6
76 106 36 11
383 336 36 14
445 52 36 6
136 315 36 19
355 133 36 17
66 434 36 4
166 188 36 16
74 345 36 11
227 347 36 9
184 256 36 6
202 331 36 16
111 276 36 13
154 284 36 8
134 419 36 4
196 326 36 10
170 401 36 2
75 130 36 4
329 203 36 18
362 439 36 19
329 185 36 6
107 387 36 6
446 50 36 6
237 213 36 17
79 347 36 12
236 95 36 13
87 264 36 9
372 348 36 12
407 229 36 6
349 154 36 13
190 35 36 9
297 151 36 1
287 160 36 3
115 396 36 17
227 28 36 19
320 273 36 11
301 359 36 19
236 294 36 20
310 253 36 19
150 165 36 5
438 354 36 18
6 203 36 5
408 52 36 20
431 167 36 19
210 403 36 10
345 275 36 16
128 128 36 11
184 374 36 3
140 246 36 7
335 405 36 5
246 395 36 15
192 401 36 1
298 371 36 10
126 354 36 10
349 117 36 18
163 14 36 13
258 151 36 3
265 334 36 17
118 27 36 14
234 371 36 2
56 170 36 11
252 371 36 12
204 221 36 14
217 356 36 3
406 267 36 4
103 429 36 7
74 250 36 1
192 67 36 18
237 195 36 8
90 428 36 17
347 36 36 14
115 298 36 4
283 54 36 3
384 280 36 10
392 238 36 8
88 340 36 1
245 423 36 18
106 177 36 1
310 423 36 19
93 65 36 11
256 422 36 13
142 99 36 20
397 382 36 4
446 328 36 14
402 282 36 3
178 370 36 4
393 167 36 5
409 282 36 17
65 144 36 19
352 236 36 14
172 45 36 14
38 196 36 9
210 155 36 3
436 153 36 9
56 118 36 12
361 295 36 13
120 250 36 2
302 222 36 6
223 286 36 16
119 191 36 9
100 362 36 3
55 409 36 11
109 172 36 9
106 170 36 10
441 225 36 5
164 138 36 13
255 258 36 1
86 122 36 20
189 354 36 2
445 35 36 20
52 135 36 8
151 189 36 20
7 297 36 14
8 413 36 14
182 406 36 5
15 122 36 3
153 387 36 10
104 25 36 3
275 223 36 18
285 220 36 5
48 272 36 18
183 432 36 2
279 438 36 20
109 9 36 12
118 190 36 2
351 214 36 4
275 377 36 20
29 33 36 15
351 307 36 1
132 155 36 19
405 212 36 16
364 394 36 15
65 235 36 10
73 353 36 10
45 23 36 12
423 384 36 17
49 211 36 12
60 240 36 10
96 153 36 14
365 285 36 6
416 242 36 5
291 168 36 1
160 233 36 3
29 305 36 6
354 349 36 13
430 335 36 19
273 383 36 6
45 5 36 8
306 101 36 15
427 28 36 15
274 443 36 13
333 296 36 18
339 8 36 4
142 36 36 18
307 389 36 16
48 372 36 18
172 207 36 8
70 252 36 17
216 110 36 12
68 99 36 13
214 383 36 2
154 268 36 2
272 169 36 11
174 320 36 7
391 180 36 2
62 237 36 9
87 409 36 4
47 41 36 9
11 256 36 1
96 334 36 11
197 100 36 11
314 264 36 9
268 88 36 15
240 271 36 5
257 214 36 2
225 285 36 2
118 381 36 2
227 427 36 8
140 1 36 11
172 96 36 6
303 302 36 11
379 168 36 5
276 446 36 10
351 248 36 9
298 57 36 1
435 281 36 19
351 408 36 6
248 187 36 7
175 326 36 20
377 61 36 4
19 363 36 8
207 305 36 20
221 133 36 3
332 46 36 19
266 343 36 14
424 330 36 14
430 243 36 14
369 43 36 3
297 227 36 15
226 157 36 4
259 185 36 12
147 401 36 8
213 184 36 13
286 68 36 1
150 343 36 8
79 330 36 5
299 312 36 15
33 243 36 13
400 92 36 12
208 317 36 8
77 139 36 6
328 285 36 20
426 60 36 2
219 356 36 13
67 58 36 6
257 146 36 16
340 8 36 6
219 40 36 1
140 439 36 19
297 209 36 13
164 285 36 5
224 165 36 14
238 153 36 9
434 381 36 15
261 447 36 11
440 267 36 2
44 159 36 2
416 377 36 16
136 79 36 18
404 376 36 11
95 102 36 9
371 325 36 5
58 125 36 4
251 122 36 12
342 392 36 19
63 384 36 2
386 427 36 17
260 405 36 1
182 93 36 16
96 59 36 4
218 154 36 5
187 87 36 16
331 144 36 6
181 394 36 7
421 298 36 16
213 370 36 14
282 309 36 20
52 131 36 7
218 312 36 7
6 407 36 18
169 177 36 5
443 374 36 12
148 257 36 19
434 447 36 12
394 430 36 3
298 206 36 4
138 40 36 19
414 101 36 18
210 318 36 8
98 324 36 20
54 55 36 10
174 61 36 8
380 208 36 10
282 204 36 18
151 150 36 5
318 447 36 20
417 147 36 5
387 123 36 20
30 332 36 1
441 439 36 8
375 55 36 12
39 228 36 12
85 160 36 20
398 5 36 13
264 165 36 9
112 45 36 15
175 24 36 12
277 410 36 3
32 2 36 2
104 6 36 7
73 380 36 15
96 428 36 16
179 76 36 7
32 26 36 20
88 289 36 6
303 410 36 18
70 147 36 13
440 423 36 19
48 17 36 3
434 121 36 15
384 203 36 6
378 298 36 7
173 29 36 4
128 70 36 18
96 157 36 20
239 22 36 20
427 101 36 3
191 103 36 3
364 150 36 9
102 146 36 12
292 82 36 20
415 22 36 16
91 195 36 3
279 332 36 8
45 437 36 15
110 229 36 12
148 218 36 17
332 408 36 9
54 324 36 14
230 426 36 1
99 270 36 8
170 247 36 13
91 337 36 8
40 168 36 15
58 223 36 10
252 342 36 1
20 52 36 6
335 383 36 9
305 437 36 20
434 229 36 2
271 338 36 9
179 60 36 1
129 151 36 2
262 190 36 17
300 258 36 5
317 62 36 5
135 82 36 15
170 426 36 3
155 284 36 10
36 280 36 4
343 104 36 1
35 292 36 12
420 420 36 19
258 245 36 16
274 97 36 15
64 423 36 18
216 120 36 7
410 289 36 18
112 443 36 12
250 31 36 10
179 383 36 3
446 417 36 10
325 390 36 17
354 210 36 18
135 36 36 12
184 110 36 16
294 325 36 14
58 297 36 11
237 408 36 7
263 210 36 1
131 399 36 16
92 397 36 2
354 274 36 17
142 190 36 18
184 324 36 12
322 70 36 13
445 363 36 9
240 430 36 1
323 230 36 17
401 55 36 12
83 185 36 3
147 286 36 2
180 192 36 12
166 344 36 19
351 90 36 3
144 412 36 17
37 419 36 12
264 212 36 12
350 87 36 8
397 41 36 11
217 133 36 10
434 279 36 11
164 21 36 20
166 186 36 8
358 99 36 20
436 243 36 20
136 289 36 3
209 105 36 13
275 17 36 12
112 414 36 19
14 193 36 6
99 189 36 16
23 352 36 7
148 71 36 10
169 428 36 20
279 426 36 3
374 124 36 16
430 343 36 7
250 170 36 16
166 291 36 12
133 304 36 14
231 413 36 17
171 435 36 1
131 135 36 11
276 313 36 13
83 154 36 9
142 80 36 20
42 62 36 12
46 321 36 1
77 40 36 2
73 172 36 11
272 412 36 16
202 135 36 20
46 265 36 2
418 104 36 9
322 196 36 4
215 338 36 4
231 379 36 13
142 435 36 13
232 64 36 18
175 146 36 7
422 417 36 5
197 181 36 1
416 237 36 11
322 207 36 14
103 81 36 13
48 295 36 17
62 88 36 13
157 229 36 8
126 23 36 1
134 198 36 12
333 182 36 17
40 389 36 2
338 357 36 10
6 242 36 4
235 354 36 12
222 401 36 20
99 25 36 13
364 192 36 16
170 317 36 15
58 14 36 17
82 346 36 20
96 395 36 2
280 295 36 14
263 311 36 18
5 108 36 2
284 329 36 12
411 427 36 13
189 343 36 16
195 75 36 17
233 133 36 2
22 224 36 1
2 319 36 5
370 161 36 12
210 423 36 7
292 437 36 8
290 274 36 7
241 237 36 12
227 435 36 11
414 192 36 9
24 425 36 13
93 9 36 14
81 20 36 14
17 389 36 12
247 151 36 7
340 5 36 4
103 294 36 8
194 88 36 6
264 324 36 1
239 301 36 2
289 324 36 14
34 426 36 14
13 60 36 1
320 76 36 8
340 332 36 12
346 234 36 20
342 336 36 3
163 92 36 6
231 365 36 1
297 156 36 2
97 8 36 18
341 51 36 10
146 73 36 7
417 402 36 9
192 305 36 7
127 203 36 15
67 107 36 4
301 280 36 20
184 73 36 18
391 369 36 17
14 28 36 4
407 368 36 15
342 76 36 5
345 55 36 5
434 246 36 20
406 383 36 8
175 2 36 3
278 312 36 2
36 49 36 2
157 439 36 14
444 16 36 9
301 432 36 2
219 326 36 16
209 234 36 1
163 230 36 18
422 198 36 9
436 372 36 1
129 203 36 6
102 248 36 4
147 404 36 19
113 411 36 13
107 264 36 15
42 35 36 13
42 253 36 7
106 416 36 17
416 390 36 18
234 388 36 7
54 69 36 5
185 180 36 7
364 326 36 11
107 439 36 20
303 108 36 1
46 149 36 10
124 200 36 9
446 306 36 8
102 284 36 14
413 71 36 18
202 134 36 15
192 318 36 17
440 244 36 15
207 350 36 5
384 215 36 15
377 270 36 8
425 394 36 17
269 402 36 8
90 56 36 18
311 22 36 14
24 223 36 9
263 424 36 8
235 426 36 6
85 195 36 13
393 131 36 11
371 71 36 16
51 48 36 14
388 326 36 11
145 426 36 4
186 289 36 13
317 312 36 13
124 128 36 20
258 362 36 2
188 9 36 3
21 411 36 20
68 334 36 16
394 385 36 12
220 335 36 6
446 32 36 16
291 218 36 8
167 87 36 19
265 221 36 4
350 31 36 3
423 219 36 10
243 249 36 9
204 326 36 19
235 272 36 14
314 54 36 3
281 63 36 5
226 363 36 18
12 83 36 19
119 347 36 3
364 259 36 1
85 234 36 19
262 40 36 9
411 253 36 13
447 41 36 19
430 364 36 7
310 197 36 13
212 422 36 8
340 443 36 15
108 124 36 18
106 40 36 6
145 125 36 2
401 396 36 10
12 369 36 9
404 379 36 5
174 371 36 2
8 234 36 17
350 445 36 5
171 337 36 13
64 8 36 11
324 123 36 16
385 267 36 9
252 221 36 12
159 242 36 13
318 198 36 15
80 382 36 7
205 399 36 2
79 311 36 17
384 35 36 9
247 108 36 9
233 431 36 19
259 378 36 2
429 183 36 6
100 351 36 11
150 221 36 10
130 310 36 20
34 67 36 4
181 145 36 10
325 81 36 10
379 337 36 6
439 122 36 18
185 391 36 1
208 372 36 7
13 35 36 10
60 184 36 2
314 313 36 3
65 357 36 14
214 100 36 3
236 435 36 2
293 366 36 15
20 367 36 16
177 105 36 9
275 322 36 6
108 334 36 5
291 393 36 11
247 269 36 10
75 343 36 9
416 119 36 9
7 355 36 17
145 210 36 14
162 239 36 16
311 415 36 6
402 243 36 5
428 350 36 11
51 194 36 5
304 3 36 18
433 88 36 7
23 56 36 9
170 73 36 12
304 217 36 10
356 389 36 16
328 262 36 19
423 226 36 20
383 207 36 17
239 267 36 6
40 124 36 4
120 109 36 2
96 141 36 17
200 311 36 10
211 167 36 2
431 86 36 8
5 423 36 15
440 398 36 12
244 333 36 3
397 134 36 12
306 174 36 14
217 303 36 6
226 408 36 13
300 170 36 18
446 380 36 13
371 363 36 12
248 377 36 18
375 370 36 9
291 176 36 20
413 125 36 3
365 430 36 13
439 199 36 7
185 434 36 13
81 286 36 17
277 294 36 4
212 218 36 13
243 28 36 1
238 402 36 17
194 256 36 1
46 221 36 9
31 148 36 18
189 150 36 3
222 344 36 19
216 424 36 8
390 263 36 17
39 37 36 2
60 279 36 3
21 80 36 6
351 283 36 3
419 328 36 8
154 358 36 11
328 109 36 11
264 331 36 1
186 109 36 17
403 51 36 4
20 99 36 19
311 169 36 4
192 189 36 6
28 103 36 17
118 74 36 7
439 238 36 20
24 128 36 6
204 401 36 17
291 149 36 5
353 105 36 5
241 134 36 2
155 8 36 19
367 199 36 8
202 226 36 14
329 344 36 1
346 345 36 4
274 368 36 16
311 135 36 9
250 425 36 11
308 340 36 3
417 133 36 1
177 297 36 13
115 217 36 13
241 428 36 20
23 319 36 3
335 217 36 9
447 44 36 14
249 364 36 15
442 176 36 17
347 37 36 16
355 6 36 5
70 192 36 16
229 306 36 2
150 99 36 20
296 131 36 6
348 28 36 11
307 37 36 9
187 286 36 2
211 290 36 14
212 189 36 2
116 107 36 2
162 176 36 3
67 405 36 15
189 117 36 18
310 422 36 12
293 322 36 3
55 191 36 20
317 378 36 12
48 141 36 19
411 363 36 10
354 41 36 13
311 212 36 4
23 278 36 18
29 29 36 8
144 339 36 5
400 194 36 11
236 258 36 6
108 127 36 20
276 184 36 3
276 147 36 10
27 63 36 5
332 374 36 8
375 406 36 10
385 434 36 10
54 141 36 2
154 93 36 16
138 338 36 2
312 8 36 20
427 283 36 19
245 111 36 4
435 148 36 10
218 32 36 17
212 416 36 8
36 353 36 9
356 416 36 6
110 132 36 14
67 279 36 15
281 153 36 17
184 142 36 2
260 386 36 2
46 383 36 5
341 153 36 16
125 364 36 18
304 410 36 12
42 318 36 13
368 438 36 1
348 57 36 14
219 348 36 9
97 84 36 19
267 354 36 16
101 399 36 11
82 292 36 18
104 426 36 6
104 292 36 7
9 333 36 6
339 253 36 9
353 164 36 3
208 382 36 8
206 41 36 7
355 307 36 7
442 408 36 3
28 42 36 8
214 156 36 18
316 269 36 12
380 278 36 11
314 179 36 19
249 85 36 3
240 302 36 9
141 60 36 1
125 424 36 13
16 429 36 17
314 9 36 5
20 222 36 13
150 100 36 2
125 32 36 2
442 346 36 17
117 157 36 16
413 396 36 4
195 99 36 8
18 223 36 4
157 248 36 2
256 125 36 16
406 154 36 13
265 303 36 12
402 437 36 1
379 431 36 12
87 111 36 6
347 76 36 17
4 270 36 12
167 287 36 9
327 443 36 16
11 261 36 6
161 220 36 19
95 47 36 20
128 11 36 10
193 389 36 5
166 38 36 5
305 384 36 4
392 387 36 11
140 117 36 17
121 443 36 16
359 17 36 2
274 177 36 13
352 281 36 9
295 408 36 15
238 164 36 4
165 339 36 1
201 197 36 4
323 151 36 6
267 301 36 5
60 421 36 4
296 342 36 5
356 178 36 15
187 92 36 6
75 396 36 2
409 187 36 14
248 361 36 5
134 114 36 17
403 446 36 2
185 265 36 18
93 325 36 18
444 183 36 17
373 101 36 12
32 288 36 1
417 362 36 7
326 333 36 16
398 133 36 16
362 266 36 12
84 232 36 6
404 426 36 14
130 72 36 19
286 68 36 20
346 3 36 4
136 34 36 6
17 14 36 11
294 349 36 1
309 310 36 13
248 224 36 5
310 317 36 14
370 274 36 5
248 413 36 13
13 262 36 14
398 160 36 12
9 306 36 15
344 322 36 15
166 168 36 9
320 40 36 19
170 287 36 1
286 159 36 12
195 81 36 4
93 329 36 2
52 341 36 8
98 301 36 6
147 309 36 18
229 215 36 16
334 390 36 20
350 273 36 12
219 442 36 12
320 290 36 11
301 38 36 6
118 130 36 11
348 192 36 8
391 299 36 15
157 8 36 5
238 246 36 17
184 142 36 11
317 45 36 10
32 263 36 18
43 145 36 9
212 9 36 7
14 126 36 16
155 26 36 9
199 427 36 15
96 146 36 12
302 384 36 8
296 130 36 7
222 446 36 11
430 30 36 6
185 82 36 5
240 293 36 18
332 316 36 12
117 23 36 10
102 221 36 18
386 317 36 5
241 181 36 5
341 29 36 9
135 260 36 4
421 252 36 9
84 447 36 11
359 239 36 4
195 124 36 18
157 250 36 14
164 351 36 1
150 300 36 12
281 93 36 3
359 433 36 12
118 130 36 7
333 103 36 15
139 197 36 8
27 108 36 6
216 303 36 8
274 22 36 17
355 185 36 6
229 344 36 16
419 177 36 3
352 98 36 14
324 216 36 7
119 111 36 6
165 259 36 15
210 295 36 6
56 74 36 13
36 347 36 7
264 264 36 17
396 45 36 12
380 16 36 9
19 378 36 11
100 254 36 20
321 382 36 7
197 99 36 17
279 318 36 15
31 384 36 10
96 419 36 11
181 235 36 18
24 184 36 5
199 126 36 13
114 155 36 14
137 264 36 11
374 137 36 9
285 333 36 16
7 164 36 5
33 205 36 7
123 300 36 1
132 33 36 4
394 56 36 20
264 265 36 4
160 388 36 3
422 77 36 6
64 14 36 10
78 298 36 2
200 304 36 6
202 336 36 9
141 21 36 15
50 152 36 3
214 109 36 8
114 372 36 15
150 84 36 20
339 69 36 16
345 132 36 12
41 219 36 6
79 428 36 6
290 183 36 15
249 323 36 17
69 382 36 20
369 149 36 4
298 272 36 5
43 421 36 17
186 313 36 12
406 220 36 4
201 260 36 11
284 348 36 18
232 191 36 3
79 2 36 20
394 70 36 6
423 2 36 11
103 309 36 14
174 351 36 12
329 90 36 18
115 58 36 5
33 258 36 16
179 104 36 10
295 346 36 18
167 424 36 8
350 380 36 15
41 355 36 12
327 20 36 7
438 194 36 6
85 85 36 9
44 200 36 11
222 242 36 8
233 420 36 12
145 277 36 14
246 443 36 16
369 356 36 13
114 396 36 10
317 286 36 16
391 276 36 1
368 370 36 9
445 413 36 14
141 197 36 20
95 430 36 5
163 137 36 2
138 392 36 3
90 313 36 6
422 426 36 20
234 305 36 4
55 248 36 3
80 169 36 8
199 176 36 8
80 316 36 16
202 421 36 10
306 146 36 12
239 283 36 7
178 373 36 16
35 357 36 3
288 143 36 9
388 207 36 2
317 296 36 17
177 57 36 2
3 136 36 12
35 347 36 13
59 205 36 17
219 444 36 1
323 184 36 9
293 229 36 13
262 79 36 6
88 19 36 4
161 335 36 14
423 75 36 10
412 77 36 15
270 111 36 18
121 169 36 13
107 387 36 15
396 272 36 6
162 128 36 10
295 389 36 19
132 39 36 8
176 199 36 9
69 184 36 20
28 149 36 9
132 418 36 15
126 92 36 15
335 208 36 4
102 156 36 8
53 328 36 11
242 175 36 7
62 306 36 20
348 35 36 16
84 113 36 18
341 150 36 5
237 281 36 12
243 417 36 10
427 304 36 15
113 415 36 13
70 21 36 19
155 272 36 10
190 334 36 19
264 244 36 2
99 327 36 16
117 230 36 18
284 19 36 7
441 261 36 7
242 240 36 15
260 352 36 5
434 431 36 15
51 138 36 6
289 338 36 3
386 154 36 10
79 262 36 19
342 378 36 5
306 224 36 12
104 217 36 18
328 21 36 5
418 281 36 12
29 277 36 6
106 328 36 15
18 179 36 20
273 127 36 1
324 216 36 13
264 110 36 5
433 415 36 3
183 82 36 16
193 409 36 15
5 390 36 17
178 418 36 2
335 76 36 13
192 104 36 7
386 386 36 13
286 273 36 6
10 89 36 13
121 85 36 20
19 277 36 8
134 33 36 11
279 37 36 16
257 225 36 19
74 112 36 7
219 313 36 4
95 251 36 4
107 99 36 5
335 118 36 9
224 248 36 19
91 267 36 6
39 410 36 20
416 241 36 17
277 60 36 7
119 133 36 8
46 361 36 14
86 18 36 8
64 125 36 18
315 22 36 12
217 245 36 2
223 336 36 3
48 384 36 2
363 352 36 5
267 192 36 16
405 310 36 1
207 365 36 11
331 3 36 2
258 66 36 9
293 380 36 18
8 159 36 1
407 381 36 2
189 439 36 8
369 354 36 8
363 183 36 19
405 140 36 3
153 356 36 6
262 239 36 3
398 59 36 10
211 361 36 18
55 368 36 9
133 337 36 7
120 78 36 15
53 447 36 8
337 362 36 18
366 329 36 7
276 45 36 6
104 316 36 20
370 266 36 16
275 39 36 3
113 93 36 12
119 235 36 5
68 364 36 15
9 416 36 17
312 306 36 15
351 234 36 17
91 72 36 2
187 175 36 5
83 108 36 15
48 382 36 20
372 57 36 1
180 175 36 6
334 253 36 2
108 271 36 6
339 145 36 15
46 58 36 19
102 149 36 1
192 345 36 17
160 437 36 15
403 37 36 20
247 419 36 12
183 151 36 1
364 47 36 4
4 154 36 4
79 55 36 12
13 111 36 7
189 212 36 6
447 414 36 7
423 126 36 9
68 92 36 1
105 348 36 16
199 84 36 6
20 447 36 15
103 13 36 9
19 91 36 14
79 113 36 15
187 302 36 20
16 311 36 19
189 286 36 8
352 364 36 8
114 31 36 14
284 229 36 3
177 258 36 20
106 370 36 2
208 388 36 3
355 20 36 16
175 216 36 13
217 242 36 14
214 430 36 6
347 344 36 5
134 10 36 10
269 303 36 15
49 32 36 10
286 147 36 8
97 355 36 6
446 272 36 14
24 10 36 18
359 226 36 8
111 439 36 10
149 349 36 19
122 35 36 1
126 313 36 17
359 372 36 18
412 210 36 16
387 316 36 1
303 325 36 6
248 348 36 8
419 269 36 19
383 380 36 13
330 91 36 14
184 212 36 5
47 338 36 14
222 259 36 1
439 223 36 9
356 162 36 20
189 28 36 7
304 285 36 18
428 256 36 5
330 202 36 14
224 84 36 2
28 267 36 6
324 323 36 14
49 98 36 1
134 89 36 20
2 7 36 18
175 196 36 13
235 52 36 6
195 33 36 17
433 372 36 15
147 158 36 1
407 196 36 20
442 72 36 18
367 120 36 2
113 264 36 9
91 265 36 16
241 2 36 14
417 236 36 8
441 440 36 6
274 425 36 2
317 134 36 3
444 94 36 16
401 98 36 17
233 28 36 18
162 150 36 1
189 241 36 6
233 34 36 4
25 3 36 13
326 7 36 18
221 280 36 16
41 159 36 11
19 166 36 18
201 129 36 14
8 361 36 19
392 85 36 17
144 283 36 20
171 69 36 13
198 93 36 13
24 428 36 4
278 202 36 15
73 242 36 12
2 270 36 4
33 24 36 14
162 31 36 19
318 422 36 4
187 129 36 14
295 309 36 15
437 59 36 12
154 82 36 2
314 370 36 1
326 442 36 2
49 6 36 17
385 39 36 4
411 200 36 7
351 71 36 5
374 257 36 17
233 114 36 13
170 103 36 8
200 266 36 16
210 142 36 5
421 20 36 18
446 79 36 3
294 26 36 16
165 436 36 2
77 339 36 16
420 276 36 10
7 61 36 12
349 241 36 5
312 440 36 3
367 202 36 19
344 185 36 1
316 183 36 7
303 30 36 13
328 204 36 4
105 290 36 20
410 272 36 3
86 278 36 18
323 189 36 20
216 54 36 20
384 420 36 11
246 317 36 1
128 195 36 16
98 60 36 11
93 387 36 1
77 54 36 2
409 26 36 8
132 112 36 17
362 434 36 3
396 212 36 7
411 148 36 12
201 404 36 5
164 94 36 12
330 192 36 19
78 284 36 13
40 370 36 15
301 341 36 2
376 25 36 14
292 387 36 6
397 335 36 12
107 308 36 16
247 61 36 18
256 235 36 10
22 127 36 9
294 205 36 7
58 254 36 9
333 107 36 4
196 45 36 16
160 337 36 13
120 286 36 15
302 402 36 13
185 202 36 19
33 20 36 4
412 42 36 3
108 335 36 19
88 403 36 12
447 298 36 3
252 46 36 20
82 205 36 2
298 334 36 12
421 199 36 16
415 383 36 10
22 425 36 18
330 390 36 18
307 60 36 4
62 147 36 9
69 146 36 15
193 398 36 15
371 42 36 14
438 340 36 18
363 323 36 17
242 290 36 19
323 321 36 1
433 203 36 5
147 63 36 19
205 134 36 20
219 202 36 18
92 404 36 7
1 327 36 14
133 327 36 12
162 242 36 11
379 37 36 18
104 369 36 17
254 364 36 1
355 73 36 2
59 277 36 10
377 58 36 17
393 150 36 16
369 160 36 20
386 292 36 8
306 7 36 13
101 395 36 9
195 62 36 2
163 315 36 17
344 222 36 11
139 291 36 19
68 220 36 15
208 165 36 8
304 96 36 17
280 44 36 15
146 349 36 4
263 12 36 20
426 217 36 20
73 389 36 9
83 285 36 11
165 424 36 5
86 44 36 14
65 251 36 3
193 107 36 10
43 397 36 17
185 105 36 6
332 377 36 13
437 365 36 2
166 447 36 13
209 82 36 20
47 256 36 19
174 351 36 4
74 426 36 11
157 181 36 7
336 224 36 12
111 408 36 17
244 292 36 10
389 292 36 15
313 20 36 1
179 229 36 16
329 275 36 18
18 1 36 2
197 84 36 17
199 251 36 2
307 139 36 14
375 259 36 11
99 55 36 5
210 7 36 14
247 319 36 1
274 60 36 15
391 398 36 6
327 415 36 11
166 174 36 14
440 372 36 19
437 232 36 7
221 169 36 2
411 277 36 14
9 49 36 2
355 296 36 11
274 132 36 15
430 85 36 15
414 421 36 7
418 139 36 16
58 141 36 6
406 131 36 10
444 361 36 12
304 324 36 12
218 343 36 9
138 260 36 20
396 96 36 14
267 79 36 10
89 55 36 15
335 25 36 20
307 92 36 3
204 50 36 16
342 57 36 13
211 360 36 16
357 130 36 10
104 277 36 8
156 235 36 5
349 55 36 13
189 153 36 13
440 40 36 11
393 346 36 17
49 103 36 16
282 7 36 16
438 218 36 10
23 127 36 3
408 240 36 16
168 405 36 20
33 306 36 12
414 47 36 15
411 50 36 7
443 5 36 7
129 53 36 9
311 344 36 2
103 334 36 8
263 356 36 11
116 326 36 7
244 56 36 7
170 89 36 16
150 65 36 3
282 38 36 3
16 43 36 7
106 171 36 9
297 35 36 12
58 147 36 20
36 419 36 1
140 97 36 3
46 341 36 15
346 63 36 4
77 213 36 11
302 57 36 20
138 83 36 15
426 188 36 2
318 37 36 14
117 95 36 2
238 140 36 16
288 280 36 17
217 335 36 14
201 234 36 6
293 320 36 3
439 184 36 19
185 322 36 5
411 310 36 7
381 190 36 6
374 306 36 2
87 107 36 14
228 394 36 5
8 173 36 1
139 383 36 19
342 228 36 6
320 219 36 14
364 404 36 8
44 377 36 15
357 310 36 15
270 247 36 13
277 343 36 15
434 123 36 5
432 140 36 15
318 278 36 1
437 182 36 4
439 64 36 16
187 438 36 18
256 34 36 16
197 400 36 18
317 223 36 15
316 62 36 8
411 48 36 12
26 43 36 4
260 360 36 8
429 360 36 19
379 361 36 1
111 100 36 14
265 355 36 2
349 104 36 4
296 430 36 16
61 299 36 11
179 272 36 16
418 307 36 14
350 119 36 9
123 111 36 8
87 42 36 8
124 162 36 2
152 427 36 9
222 328 36 3
245 186 36 11
53 257 36 4
370 435 36 16
287 415 36 9
256 318 36 11
137 440 36 8
378 89 36 3
84 212 36 10
347 373 36 16
69 148 36 20
362 402 36 18
190 18 36 18
326 387 36 15
296 236 36 17
126 44 36 10
75 190 36 6
143 130 36 3
263 224 36 5
98 123 36 15
368 201 36 5
72 115 36 18
429 314 36 10
147 192 36 3
310 51 36 16
440 176 36 10
440 260 36 14
5 413 36 18
105 228 36 7
416 325 36 6
216 246 36 4
173 327 36 10
85 308 36 12
13 8 36 7
338 327 36 4
13 319 36 11
179 321 36 1
97 325 36 11
144 429 36 15
415 407 36 13
370 186 36 10
99 358 36 1
390 5 36 18
100 18 36 4
11 365 36 13
420 387 36 1
120 118 36 1
89 214 36 14
14 358 36 18
176 335 36 6
215 267 36 7
63 366 36 1
237 308 36 11
271 407 36 5
333 427 36 18
263 409 36 5
75 81 36 17
206 170 36 9
225 193 36 8
224 368 36 20
193 145 36 3
347 207 36 11
412 6 36 2
44 277 36 11
140 172 36 12
173 444 36 2
135 71 36 1
225 287 36 11
92 64 36 2
315 287 36 12
436 33 36 14
366 379 36 16
234 353 36 20
409 396 36 14
96 98 36 2
219 270 36 8
304 415 36 6
33 202 36 3
377 293 36 5
30 161 36 1
59 149 36 17
233 77 36 19
177 320 36 18
126 281 36 14
371 386 36 5
330 157 36 6
285 24 36 16
321 56 36 19
206 442 36 17
154 24 36 8
399 93 36 20
228 325 36 11
