2000 200
386 144 120 5
265 184 120 20
147 432 120 10
120 328 120 5
298 163 120 7
153 275 120 16
209 324 120 12
191 404 120 19
26 63 120 3
299 192 120 6
338 130 120 15
38 394 120 13
432 104 120 19
113 233 120 18
274 93 120 12
297 246 120 6
164 17 120 6
54 217 120 16
410 253 120 20
77 104 120 13
416 442 120 17
15 32 120 6
253 26 120 17
29 138 120 3
131 412 120 1
406 261 120 9
62 434 120 9
50 51 120 7
442 13 120 5
2 99 120 19
220 77 120 15
120 101 120 13
424 354 120 19
393 382 120 8
158 75 120 19
16 44 120 14
118 105 120 10
247 154 120 17
135 149 120 6
285 160 120 7
101 390 120 9
359 62 120 16
201 48 120 11
78 441 120 5
93 161 120 3
82 176 120 1
342 304 120 16
141 103 120 2
447 247 120 17
318 94 120 20
297 194 120 16
352 105 120 17
61 305 120 3
133 393 120 8
139 38 120 6
220 120 120 20
353 14 120 8
144 164 120 2
98 163 120 16
200 43 120 18
34 339 120 19
258 243 120 20
106 314 120 19
1 9 120 13
347 148 120 9
416 377 120 10
213 282 120 9
324 435 120 15
89 85 120 8
111 294 120 1
215 338 120 12
86 148 120 2
52 263 120 5
342 263 120 3
120 172 120 9
392 140 120 5
347 353 120 16
314 229 120 4
8 327 120 16
310 437 120 14
218 215 120 3
16 300 120 18
67 361 120 7
431 255 120 9
377 384 120 6
22 329 120 1
44 238 120 16
367 104 120 19
230 121 120 11
188 431 120 13
430 211 120 9
124 226 120 9
423 293 120 6
89 286 120 8
28 215 120 17
149 247 120 12
399 300 120 7
127 219 120 10
93 11 120 17
385 199 120 6
220 191 120 18
269 324 120 8
181 299 120 18
6 398 120 4
85 435 120 7
101 136 120 17
8 97 120 10
152 223 120 1
410 315 120 10
341 253 120 19
255 35 120 2
389 314 120 5
301 47 120 19
79 62 120 17
142 156 120 3
429 257 120 20
69 274 120 10
7 436 120 2
174 398 120 12
361 291 120 4
299 108 120 10
427 49 120 9
441 359 120 2
307 447 120 14
133 141 120 16
394 123 120 9
353 201 120 12
398 207 120 10
239 390 120 13
395 303 120 17
365 154 120 3
380 143 120 16
261 137 120 15
188 6 120 19
186 139 120 9
340 95 120 5
312 447 120 11
121 407 120 9
365 199 120 10
122 156 120 5
179 73 120 10
343 16 120 8
128 276 120 6
272 17 120 10
425 212 120 1
261 114 120 9
240 436 120 17
418 109 120 3
366 27 120 11
257 158 120 1
23 347 120 8
389 252 120 2
4 380 120 3
212 204 120 3
436 191 120 15
350 4 120 20
369 253 120 13
386 234 120 17
373 152 120 14
111 418 120 16
4 440 120 18
427 392 120 14
417 395 120 20
246 170 120 2
91 158 120 18
158 70 120 9
338 438 120 10
69 377 120 13
345 302 120 10
221 423 120 17
254 426 120 4
186 415 120 7
379 395 120 5
48 193 120 4
386 294 120 13
21 4 120 13
106 351 120 15
6 429 120 13
150 336 120 5
445 109 120 20
273 372 120 6
94 120 120 12
316 52 120 2
49 109 120 6
397 47 120 7
19 67 120 3
167 182 120 13
305 198 120 9
383 347 120 20
315 354 120 18
232 179 120 4
147 273 120 9
20 151 120 12
307 199 120 20
340 149 120 19
218 177 120 5
110 343 120 20
361 210 120 20
157 145 120 2
278 22 120 15
70 263 120 3
234 410 120 14
81 429 120 14
425 289 120 10
441 181 120 3
56 408 120 1
204 80 120 4
87 441 120 7
177 160 120 13
176 437 120 20
81 59 120 5
165 303 120 15
93 393 120 13
162 370 120 19
3 373 120 7
428 438 120 19
156 195 120 15
225 291 120 18
57 21 120 17
34 206 120 11
32 287 120 1
302 14 120 11
78 116 120 9
292 288 120 19
357 290 120 19
165 270 120 1
390 435 120 20
238 213 120 3
89 269 120 14
109 312 120 6
118 343 120 8
186 208 120 19
128 285 120 20
6 139 120 17
263 58 120 19
8 232 120 1
191 174 120 14
121 412 120 19
352 63 120 6
155 182 120 14
174 299 120 16
42 47 120 15
380 175 120 18
387 190 120 5
233 15 120 18
359 22 120 11
327 213 120 6
292 333 120 6
13 237 120 8
12 402 120 3
322 138 120 17
91 180 120 16
77 122 120 1
347 61 120 9
318 294 120 10
346 215 120 14
158 104 120 10
154 395 120 1
123 407 120 8
165 428 120 18
398 313 120 4
26 413 120 16
157 43 120 12
15 399 120 5
72 270 120 14
143 168 120 6
235 336 120 5
103 52 120 16
313 184 120 7
322 359 120 1
286 309 120 17
397 344 120 6
250 53 120 5
214 77 120 19
249 148 120 5
130 300 120 12
235 98 120 17
433 210 120 10
142 85 120 4
277 406 120 7
382 254 120 5
363 213 120 1
319 15 120 4
317 229 120 4
266 40 120 3
38 180 120 20
434 414 120 18
281 410 120 2
179 104 120 20
270 380 120 4
283 324 120 18
157 249 120 3
374 120 120 8
207 436 120 10
117 255 120 13
184 302 120 1
103 298 120 11
130 131 120 16
365 319 120 3
248 151 120 18
89 443 120 2
183 152 120 2
53 89 120 17
395 295 120 5
70 421 120 10
242 157 120 4
146 270 120 10
17 399 120 16
296 326 120 11
242 126 120 19
129 214 120 5
350 407 120 7
373 22 120 12
68 416 120 7
208 49 120 17
156 300 120 14
404 446 120 3
66 25 120 17
314 320 120 14
434 124 120 8
267 253 120 8
95 165 120 18
95 90 120 4
173 157 120 3
119 365 120 3
28 83 120 20
103 49 120 7
1 114 120 2
306 438 120 1
43 424 120 9
363 253 120 1
2 357 120 10
57 5 120 8
143 187 120 5
198 305 120 4
301 332 120 15
267 445 120 13
240 445 120 1
228 313 120 5
98 356 120 4
91 271 120 16
347 282 120 9
330 338 120 6
392 33 120 2
184 241 120 2
340 104 120 16
141 380 120 16
438 173 120 17
411 400 120 15
374 60 120 16
323 150 120 15
77 59 120 3
197 388 120 9
332 343 120 17
206 79 120 20
374 419 120 8
447 122 120 6
70 112 120 19
147 75 120 1
80 1 120 12
377 323 120 12
61 409 120 11
25 169 120 20
337 63 120 16
244 268 120 7
391 204 120 3
194 204 120 10
377 283 120 14
295 430 120 5
165 72 120 1
94 1 120 11
183 71 120 12
340 106 120 15
437 442 120 6
440 238 120 14
74 191 120 4
136 384 120 4
329 324 120 9
177 181 120 18
110 346 120 14
43 2 120 4
308 184 120 4
98 86 120 11
66 86 120 10
96 78 120 13
393 161 120 19
10 306 120 3
286 187 120 3
398 364 120 17
45 36 120 16
210 78 120 19
386 395 120 11
195 46 120 20
109 121 120 19
27 217 120 3
192 172 120 2
100 181 120 14
401 30 120 1
152 427 120 7
73 25 120 17
349 234 120 3
179 182 120 3
203 386 120 13
323 57 120 7
70 93 120 1
352 284 120 16
346 393 120 1
199 357 120 18
248 61 120 7
213 133 120 6
223 44 120 20
310 232 120 11
354 435 120 16
444 310 120 11
217 389 120 3
206 293 120 18
366 202 120 12
280 410 120 2
213 210 120 15
136 432 120 15
82 217 120 17
272 79 120 11
197 432 120 8
80 438 120 7
9 207 120 7
41 412 120 13
367 341 120 8
201 173 120 13
381 396 120 12
194 84 120 11
149 175 120 6
137 447 120 11
366 196 120 9
146 275 120 11
244 293 120 17
284 344 120 17
170 273 120 8
266 26 120 18
335 416 120 19
165 162 120 6
447 310 120 16
40 9 120 1
179 384 120 3
302 82 120 17
415 326 120 14
298 162 120 19
156 341 120 18
353 170 120 14
286 57 120 20
167 231 120 2
151 240 120 2
300 290 120 12
10 21 120 10
363 322 120 9
115 299 120 14
160 160 120 3
101 315 120 10
324 220 120 5
115 69 120 9
331 245 120 13
271 396 120 5
63 258 120 5
330 267 120 16
77 192 120 18
372 317 120 9
98 29 120 2
442 140 120 9
243 16 120 2
213 141 120 17
249 34 120 16
79 305 120 1
148 377 120 3
69 260 120 19
447 346 120 6
262 270 120 10
385 377 120 8
231 381 120 5
380 177 120 2
322 389 120 1
332 201 120 5
140 289 120 14
352 446 120 1
375 67 120 10
227 66 120 18
270 337 120 17
193 284 120 8
154 67 120 6
244 10 120 11
359 341 120 15
178 226 120 7
20 375 120 15
176 279 120 19
261 206 120 15
159 432 120 10
411 265 120 9
39 20 120 17
52 173 120 2
436 426 120 14
112 347 120 18
187 77 120 1
24 106 120 7
150 281 120 20
273 105 120 20
26 263 120 19
290 226 120 12
7 274 120 4
7 326 120 18
83 324 120 2
179 446 120 18
168 185 120 17
382 218 120 13
86 377 120 9
68 203 120 3
266 238 120 8
2 80 120 18
11 86 120 8
40 92 120 15
250 185 120 8
439 363 120 16
80 83 120 14
244 17 120 20
77 112 120 18
191 189 120 17
408 8 120 12
441 19 120 12
272 39 120 19
376 78 120 19
369 338 120 3
238 339 120 8
95 418 120 19
156 224 120 20
434 301 120 17
195 44 120 2
178 4 120 5
388 7 120 13
231 278 120 1
169 217 120 14
208 138 120 20
432 375 120 1
123 32 120 6
344 197 120 15
153 183 120 17
74 388 120 4
183 118 120 19
299 69 120 20
443 309 120 18
178 30 120 19
1 247 120 6
161 231 120 2
212 354 120 10
243 260 120 7
51 412 120 12
158 38 120 3
319 220 120 16
36 81 120 1
196 76 120 2
207 264 120 9
434 264 120 20
361 425 120 3
215 199 120 20
110 5 120 6
201 65 120 8
38 222 120 16
261 103 120 1
165 138 120 9
137 344 120 14
427 103 120 18
299 100 120 6
428 13 120 8
340 238 120 12
168 347 120 8
265 111 120 10
326 148 120 15
435 408 120 17
327 136 120 4
309 272 120 10
366 252 120 20
240 113 120 13
387 93 120 18
64 442 120 3
386 162 120 1
276 426 120 11
229 305 120 12
414 302 120 11
255 181 120 10
243 42 120 1
127 418 120 14
123 220 120 13
229 159 120 12
347 222 120 19
255 170 120 3
82 8 120 11
20 247 120 9
114 213 120 12
169 30 120 14
369 272 120 1
394 408 120 8
232 84 120 4
183 312 120 6
237 221 120 17
285 38 120 5
47 119 120 4
255 148 120 1
320 262 120 6
250 440 120 10
360 362 120 6
84 318 120 1
226 102 120 8
139 295 120 19
211 84 120 3
66 368 120 10
91 424 120 5
134 242 120 17
432 114 120 19
49 373 120 1
143 295 120 15
81 379 120 10
426 167 120 3
418 305 120 15
283 68 120 1
369 144 120 19
44 244 120 4
305 387 120 5
267 372 120 2
52 420 120 8
287 115 120 6
436 195 120 10
18 184 120 7
159 154 120 13
146 436 120 4
217 357 120 10
227 411 120 3
214 268 120 9
5 97 120 2
357 149 120 15
197 435 120 20
331 434 120 4
397 14 120 18
181 172 120 2
280 328 120 6
10 107 120 14
329 333 120 18
8 110 120 18
74 124 120 16
63 33 120 9
25 239 120 17
112 123 120 7
403 72 120 8
440 262 120 5
173 105 120 6
341 114 120 19
429 5 120 7
33 13 120 20
362 86 120 6
340 158 120 8
19 183 120 11
152 304 120 6
272 269 120 18
415 261 120 10
292 433 120 1
60 336 120 19
370 328 120 1
129 370 120 14
7 284 120 6
9 186 120 19
43 214 120 6
325 366 120 11
283 200 120 13
321 177 120 13
174 31 120 20
141 90 120 19
221 13 120 20
316 151 120 16
422 158 120 7
177 166 120 10
89 218 120 3
193 95 120 16
163 387 120 3
391 271 120 15
442 7 120 9
41 148 120 1
432 378 120 7
267 246 120 9
24 221 120 1
64 407 120 5
300 58 120 8
303 260 120 20
223 422 120 8
353 365 120 4
211 369 120 13
100 419 120 20
79 413 120 11
79 232 120 17
230 255 120 5
101 329 120 20
147 181 120 8
410 36 120 18
331 269 120 20
201 174 120 18
341 394 120 4
50 47 120 5
354 125 120 4
141 213 120 11
183 443 120 11
9 96 120 13
240 253 120 18
82 215 120 10
192 108 120 15
277 308 120 16
278 211 120 19
211 261 120 5
124 167 120 6
440 317 120 9
104 62 120 13
32 70 120 18
288 320 120 1
277 401 120 9
322 155 120 12
188 431 120 11
237 262 120 15
233 35 120 10
284 158 120 7
13 161 120 16
411 274 120 14
357 305 120 8
408 145 120 7
265 431 120 10
346 306 120 15
87 46 120 12
136 283 120 12
396 78 120 6
31 361 120 3
290 383 120 13
417 346 120 11
169 265 120 15
438 236 120 9
131 63 120 10
235 408 120 12
56 47 120 5
307 193 120 7
373 151 120 5
35 191 120 7
302 33 120 8
292 13 120 18
118 181 120 19
248 181 120 11
85 322 120 11
363 119 120 19
51 174 120 10
242 33 120 15
268 405 120 16
381 3 120 7
408 314 120 5
380 159 120 15
250 286 120 14
395 87 120 16
328 171 120 1
323 86 120 18
288 137 120 13
310 388 120 6
76 209 120 11
440 152 120 15
110 112 120 4
259 44 120 17
431 304 120 16
336 251 120 16
431 132 120 17
401 17 120 7
41 305 120 19
302 167 120 9
158 242 120 2
428 244 120 6
254 353 120 9
393 175 120 16
253 158 120 6
398 56 120 9
193 39 120 6
158 2 120 15
218 43 120 19
425 354 120 15
125 74 120 2
43 64 120 2
102 317 120 7
293 272 120 8
81 77 120 12
181 38 120 4
75 230 120 11
120 397 120 15
182 167 120 16
100 154 120 7
185 278 120 5
74 320 120 20
216 432 120 20
264 287 120 10
39 367 120 12
428 101 120 16
415 185 120 14
4 315 120 6
51 49 120 18
150 148 120 18
155 332 120 4
243 415 120 19
394 194 120 7
425 10 120 20
281 59 120 15
223 39 120 16
202 17 120 3
420 30 120 2
140 80 120 19
26 229 120 13
76 393 120 9
404 188 120 10
167 144 120 16
371 132 120 5
414 422 120 5
387 197 120 7
13 408 120 13
291 380 120 6
425 72 120 12
171 107 120 14
54 193 120 14
288 149 120 12
53 325 120 7
11 248 120 15
426 224 120 1
24 164 120 20
108 186 120 15
208 29 120 3
347 17 120 9
118 187 120 11
117 240 120 1
81 90 120 7
232 143 120 3
90 153 120 3
78 141 120 18
51 175 120 7
219 282 120 13
358 53 120 1
428 399 120 2
133 70 120 6
401 196 120 17
414 277 120 16
138 61 120 19
186 150 120 17
54 238 120 16
135 298 120 19
400 69 120 12
403 426 120 20
434 417 120 8
35 112 120 18
278 75 120 11
314 41 120 5
12 188 120 7
289 383 120 18
291 436 120 14
434 133 120 15
304 85 120 13
19 40 120 1
222 37 120 3
387 71 120 19
184 358 120 3
167 234 120 19
435 245 120 1
327 96 120 19
379 387 120 3
220 373 120 7
359 240 120 12
139 258 120 8
344 42 120 2
72 439 120 8
367 185 120 11
290 351 120 13
262 349 120 3
432 238 120 5
89 169 120 6
192 399 120 17
427 310 120 13
309 11 120 13
241 354 120 9
199 435 120 19
237 355 120 20
196 207 120 16
388 31 120 18
387 15 120 16
25 114 120 1
59 305 120 13
29 294 120 19
247 165 120 11
276 406 120 9
366 157 120 9
447 404 120 20
265 162 120 5
444 112 120 2
87 51 120 17
415 86 120 15
17 154 120 3
27 192 120 7
346 439 120 18
238 277 120 16
26 205 120 14
259 204 120 6
409 31 120 19
318 28 120 1
258 124 120 18
222 91 120 3
309 117 120 5
263 153 120 7
63 51 120 7
27 298 120 17
397 334 120 5
49 145 120 9
94 107 120 1
320 424 120 15
210 244 120 20
150 28 120 13
186 336 120 12
375 151 120 7
318 223 120 10
253 250 120 5
26 209 120 11
4 257 120 16
194 360 120 4
415 232 120 7
216 441 120 5
161 153 120 8
196 338 120 20
357 275 120 5
224 146 120 7
152 408 120 5
377 433 120 18
51 446 120 15
316 193 120 5
241 170 120 18
152 396 120 14
316 109 120 11
61 304 120 14
142 213 120 17
383 447 120 9
409 151 120 5
228 90 120 13
274 150 120 19
120 18 120 10
334 258 120 18
333 419 120 10
344 298 120 5
51 358 120 7
116 62 120 16
8 7 120 13
45 416 120 4
52 206 120 5
54 32 120 6
55 161 120 14
268 48 120 6
194 390 120 6
77 286 120 20
59 337 120 19
353 15 120 1
423 22 120 20
55 76 120 13
284 127 120 9
165 190 120 1
195 255 120 9
253 75 120 8
121 278 120 4
427 355 120 2
137 423 120 5
204 328 120 6
342 314 120 13
50 368 120 6
163 215 120 1
44 379 120 3
414 137 120 17
50 389 120 16
180 72 120 7
252 51 120 2
162 187 120 14
429 390 120 1
252 295 120 11
107 344 120 4
26 70 120 18
92 123 120 1
347 89 120 3
419 148 120 9
118 327 120 12
105 141 120 10
446 313 120 13
325 294 120 13
85 98 120 9
167 214 120 8
180 250 120 19
407 341 120 6
129 250 120 12
433 221 120 7
232 348 120 8
101 6 120 8
31 14 120 19
138 339 120 18
207 433 120 18
123 162 120 5
382 352 120 15
284 321 120 9
298 2 120 13
410 445 120 19
233 229 120 18
393 339 120 5
236 380 120 1
401 70 120 2
412 286 120 9
83 408 120 20
415 352 120 15
112 188 120 7
149 38 120 19
435 11 120 15
57 253 120 15
27 198 120 11
11 443 120 11
19 396 120 20
375 370 120 10
279 16 120 9
335 440 120 16
314 105 120 11
157 253 120 9
12 241 120 3
320 297 120 19
410 333 120 7
411 354 120 4
334 382 120 10
336 320 120 12
176 151 120 18
433 48 120 12
137 362 120 1
39 71 120 1
436 92 120 7
395 412 120 5
170 384 120 10
143 357 120 1
111 243 120 14
47 141 120 19
343 326 120 16
217 311 120 15
84 10 120 4
54 49 120 5
277 37 120 11
303 441 120 6
189 164 120 16
417 306 120 11
94 426 120 1
172 25 120 9
113 378 120 20
214 147 120 14
352 230 120 19
415 294 120 16
111 133 120 14
355 446 120 15
117 187 120 2
271 156 120 9
335 259 120 19
203 430 120 6
212 105 120 8
98 318 120 14
305 233 120 1
74 210 120 16
348 320 120 3
211 227 120 5
77 353 120 18
107 187 120 15
4 84 120 16
337 286 120 15
247 60 120 9
87 168 120 19
83 35 120 6
319 108 120 6
401 8 120 15
169 228 120 3
381 314 120 17
343 430 120 3
22 444 120 12
407 333 120 16
347 142 120 13
391 228 120 5
306 320 120 14
6 192 120 2
362 145 120 12
153 313 120 13
181 257 120 7
124 152 120 9
253 173 120 6
8 142 120 17
58 41 120 19
178 432 120 19
28 300 120 2
349 306 120 17
340 230 120 15
348 393 120 5
136 136 120 13
238 259 120 8
322 64 120 9
402 81 120 18
377 148 120 15
46 326 120 7
399 363 120 12
177 265 120 16
147 167 120 8
281 68 120 17
280 203 120 18
99 3 120 19
68 334 120 10
210 288 120 6
57 227 120 14
391 272 120 15
272 223 120 5
15 410 120 16
54 109 120 13
332 399 120 4
118 231 120 5
29 329 120 1
208 407 120 10
13 169 120 7
345 225 120 10
377 178 120 19
298 12 120 14
134 27 120 15
244 90 120 11
83 431 120 16
427 101 120 6
99 129 120 15
220 346 120 1
228 358 120 4
97 265 120 3
182 194 120 10
111 54 120 17
273 197 120 10
387 3 120 1
182 86 120 13
375 75 120 14
352 173 120 13
230 402 120 16
67 183 120 16
72 289 120 18
312 23 120 7
293 143 120 19
285 416 120 4
313 365 120 3
430 100 120 19
93 27 120 4
293 388 120 14
184 170 120 1
430 246 120 15
139 318 120 2
122 192 120 3
308 37 120 9
101 331 120 20
91 206 120 14
93 198 120 14
180 290 120 3
341 145 120 1
237 328 120 12
87 320 120 6
120 21 120 20
3 142 120 4
366 3 120 10
424 103 120 16
3 203 120 9
403 305 120 3
9 37 120 20
98 387 120 3
137 176 120 14
346 263 120 10
354 392 120 16
251 394 120 3
330 322 120 4
19 298 120 1
38 300 120 19
262 266 120 18
247 284 120 18
85 391 120 4
57 80 120 7
376 426 120 2
111 342 120 4
324 155 120 14
241 38 120 8
150 56 120 12
181 103 120 19
425 374 120 1
70 174 120 16
208 268 120 14
285 334 120 7
101 262 120 19
189 383 120 15
221 259 120 15
220 52 120 13
83 211 120 19
243 401 120 8
266 379 120 12
117 11 120 2
251 218 120 9
338 65 120 7
48 176 120 10
202 374 120 18
261 148 120 19
27 377 120 15
277 12 120 1
155 254 120 9
135 83 120 18
41 209 120 5
131 23 120 11
40 360 120 20
283 417 120 17
350 172 120 19
352 442 120 6
165 21 120 3
49 307 120 17
143 14 120 12
200 158 120 13
199 198 120 16
217 328 120 13
6 378 120 9
326 223 120 1
364 125 120 1
348 29 120 3
33 203 120 5
93 251 120 19
165 403 120 11
53 155 120 16
33 363 120 10
221 143 120 17
432 148 120 15
108 36 120 14
210 399 120 19
37 299 120 3
314 341 120 12
175 434 120 4
341 151 120 7
84 213 120 2
430 245 120 5
90 18 120 2
78 12 120 15
5 129 120 3
155 339 120 14
428 385 120 7
303 261 120 6
369 435 120 15
249 339 120 2
93 422 120 6
92 404 120 11
27 57 120 5
93 134 120 7
317 138 120 11
138 292 120 12
358 283 120 7
2 138 120 6
423 69 120 19
384 327 120 11
67 420 120 5
400 74 120 8
82 100 120 10
249 203 120 7
428 82 120 18
288 219 120 3
49 139 120 14
194 140 120 1
152 116 120 12
108 62 120 5
402 128 120 12
233 90 120 14
21 182 120 14
321 430 120 15
308 410 120 15
432 260 120 13
420 308 120 17
244 54 120 11
214 216 120 3
253 323 120 8
172 288 120 7
82 73 120 7
66 103 120 9
160 424 120 9
18 284 120 15
405 278 120 15
126 250 120 6
432 56 120 8
441 270 120 12
128 75 120 16
323 256 120 17
219 338 120 3
194 413 120 11
360 135 120 13
61 163 120 4
182 120 120 17
116 255 120 2
367 249 120 14
234 243 120 4
317 380 120 15
285 266 120 1
93 37 120 16
420 240 120 13
413 152 120 15
382 212 120 19
187 394 120 20
289 72 120 10
194 1 120 17
154 244 120 4
393 113 120 13
259 397 120 14
381 52 120 10
413 25 120 11
411 437 120 17
96 372 120 12
400 121 120 15
376 410 120 20
169 166 120 12
200 319 120 19
47 264 120 15
273 85 120 17
317 29 120 11
407 441 120 1
289 414 120 1
322 72 120 10
129 24 120 11
330 409 120 5
174 130 120 1
19 330 120 4
117 376 120 17
327 201 120 15
50 80 120 1
282 39 120 18
90 327 120 20
335 201 120 11
77 329 120 3
387 221 120 1
211 405 120 8
211 433 120 11
91 102 120 14
235 428 120 9
26 41 120 5
292 332 120 7
124 421 120 9
360 319 120 19
221 395 120 8
125 334 120 4
427 108 120 5
412 328 120 15
289 418 120 4
114 215 120 2
139 240 120 2
243 94 120 2
385 218 120 7
416 140 120 4
210 370 120 6
333 47 120 13
239 27 120 4
112 1 120 8
417 300 120 20
376 413 120 10
325 105 120 2
325 347 120 18
198 295 120 14
65 263 120 9
240 26 120 7
383 368 120 8
402 169 120 6
91 280 120 8
117 249 120 11
113 187 120 20
324 64 120 8
328 388 120 7
445 149 120 2
332 213 120 5
368 16 120 15
317 398 120 19
323 362 120 4
364 15 120 10
406 131 120 7
300 243 120 6
170 120 120 13
153 10 120 16
36 7 120 2
213 348 120 9
226 268 120 19
263 148 120 6
231 23 120 18
366 396 120 14
334 355 120 5
122 217 120 18
97 396 120 19
135 102 120 17
123 147 120 13
250 360 120 20
162 138 120 15
89 410 120 7
423 193 120 16
224 112 120 19
49 8 120 20
4 139 120 5
211 235 120 20
101 369 120 18
446 45 120 13
351 304 120 17
165 28 120 15
257 116 120 1
49 101 120 19
310 334 120 7
83 382 120 11
219 395 120 5
135 168 120 8
447 268 120 2
412 267 120 4
87 180 120 7
131 344 120 19
312 164 120 10
19 212 120 5
365 85 120 5
385 177 120 19
422 395 120 7
140 93 120 15
103 92 120 12
445 56 120 8
383 153 120 7
198 283 120 9
29 158 120 7
443 186 120 11
62 113 120 5
15 60 120 19
358 34 120 5
202 173 120 6
213 276 120 14
54 273 120 18
152 218 120 3
438 415 120 5
184 7 120 9
83 2 120 16
214 63 120 8
418 87 120 19
362 445 120 11
263 199 120 20
256 421 120 2
330 27 120 14
32 188 120 20
344 189 120 13
44 372 120 9
368 18 120 13
430 231 120 6
157 211 120 19
390 125 120 16
219 387 120 19
220 195 120 18
60 87 120 13
181 129 120 2
73 25 120 13
390 78 120 6
265 445 120 18
152 427 120 12
111 146 120 20
156 88 120 14
199 316 120 20
2 88 120 5
226 157 120 20
49 338 120 20
59 420 120 15
258 362 120 9
391 190 120 14
84 351 120 5
27 14 120 9
170 169 120 16
438 367 120 16
219 379 120 1
194 157 120 11
265 205 120 13
18 273 120 18
251 83 120 9
125 26 120 16
442 119 120 11
312 145 120 3
316 315 120 19
428 315 120 17
397 86 120 17
27 279 120 8
251 97 120 2
374 124 120 1
23 374 120 8
44 61 120 10
253 56 120 14
366 367 120 1
64 245 120 13
368 225 120 3
165 185 120 20
339 211 120 10
233 24 120 14
330 398 120 11
263 430 120 8
289 26 120 12
340 289 120 10
72 217 120 6
406 280 120 1
170 211 120 17
249 385 120 7
423 276 120 7
438 71 120 10
103 401 120 2
347 226 120 12
81 67 120 7
313 416 120 4
172 41 120 5
398 9 120 5
431 179 120 9
251 437 120 18
256 422 120 20
34 412 120 4
282 77 120 2
34 434 120 6
235 67 120 13
14 389 120 14
92 114 120 4
385 74 120 15
64 57 120 18
410 317 120 16
236 125 120 12
358 158 120 7
93 440 120 16
248 36 120 8
181 280 120 2
191 303 120 15
170 394 120 11
188 342 120 20
235 405 120 2
13 378 120 13
227 176 120 13
425 86 120 6
151 188 120 3
400 435 120 1
198 169 120 19
62 369 120 8
315 91 120 6
234 279 120 15
236 66 120 19
294 89 120 5
232 315 120 14
294 303 120 3
76 16 120 17
308 415 120 11
137 175 120 17
246 236 120 19
210 104 120 4
130 347 120 6
392 146 120 19
164 439 120 1
323 233 120 19
210 79 120 15
193 165 120 16
364 35 120 9
75 171 120 1
421 426 120 5
241 188 120 8
152 328 120 20
341 272 120 19
169 445 120 18
84 330 120 3
314 92 120 12
419 295 120 12
82 211 120 1
169 295 120 16
430 278 120 2
43 71 120 12
215 223 120 6
287 126 120 11
67 294 120 13
296 388 120 20
310 264 120 5
412 236 120 11
242 317 120 18
105 49 120 4
149 41 120 9
172 83 120 4
392 298 120 19
45 147 120 15
416 214 120 20
347 72 120 5
150 391 120 20
64 365 120 12
263 159 120 12
234 274 120 3
63 432 120 1
168 166 120 4
344 110 120 2
305 164 120 2
402 142 120 7
345 51 120 6
238 200 120 9
384 274 120 20
329 99 120 1
153 342 120 14
35 404 120 14
394 135 120 13
399 31 120 16
254 346 120 18
266 300 120 19
53 207 120 13
359 444 120 1
160 380 120 6
336 271 120 11
234 433 120 13
404 30 120 9
112 424 120 6
443 385 120 19
436 202 120 19
155 20 120 8
26 72 120 1
385 430 120 18
69 153 120 3
26 51 120 6
71 284 120 12
20 241 120 1
383 362 120 7
433 357 120 13
77 345 120 11
65 63 120 15
363 88 120 19
419 35 120 14
25 103 120 15
20 128 120 17
295 208 120 18
119 238 120 2
420 183 120 6
269 169 120 20
46 245 120 1
34 319 120 16
41 234 120 7
120 206 120 13
201 240 120 20
434 259 120 19
270 116 120 18
390 245 120 8
313 227 120 17
151 48 120 15
355 94 120 8
9 137 120 11
183 178 120 6
444 307 120 19
302 60 120 15
263 46 120 8
362 325 120 12
231 268 120 9
337 143 120 20
178 303 120 11
198 210 120 7
24 229 120 10
169 411 120 9
111 407 120 19
257 261 120 9
206 87 120 9
412 1 120 3
287 231 120 1
416 120 120 16
324 307 120 20
280 67 120 18
338 101 120 17
86 279 120 17
11 389 120 12
252 209 120 6
115 414 120 19
33 378 120 1
266 228 120 13
338 196 120 10
106 83 120 1
187 362 120 7
30 252 120 13
111 338 120 5
155 358 120 11
178 173 120 11
14 287 120 7
384 320 120 11
316 148 120 13
42 38 120 1
333 154 120 7
47 340 120 13
285 379 120 18
185 42 120 2
354 206 120 1
38 393 120 6
386 406 120 17
254 342 120 1
52 211 120 1
97 252 120 1
337 147 120 5
213 204 120 16
2 41 120 19
53 235 120 14
441 152 120 17
303 189 120 19
326 137 120 6
199 390 120 7
411 441 120 4
323 90 120 9
273 437 120 8
385 202 120 16
390 213 120 4
335 276 120 4
322 269 120 13
86 124 120 13
233 13 120 15
348 221 120 16
357 185 120 20
140 60 120 17
183 342 120 9
373 290 120 14
329 232 120 5
335 119 120 18
129 3 120 6
73 89 120 11
206 331 120 17
38 231 120 4
259 140 120 1
37 279 120 20
362 25 120 12
228 397 120 3
296 289 120 8
139 176 120 10
267 304 120 1
216 377 120 7
309 145 120 2
414 192 120 7
293 3 120 1
365 50 120 18
70 411 120 8
117 191 120 10
5 49 120 18
135 197 120 19
383 16 120 18
206 242 120 18
108 103 120 12
359 70 120 10
384 372 120 3
111 299 120 7
126 369 120 10
166 38 120 9
155 52 120 12
442 186 120 1
20 131 120 15
349 337 120 9
170 7 120 5
145 365 120 2
311 311 120 12
43 421 120 7
270 100 120 7
14 265 120 15
405 429 120 2
397 423 120 18
149 5 120 2
364 354 120 17
372 86 120 10
46 231 120 10
236 94 120 9
360 136 120 17
326 416 120 1
222 429 120 4
166 396 120 15
161 345 120 11
341 47 120 3
215 410 120 7
435 344 120 12
214 390 120 2
358 188 120 14
375 101 120 1
365 436 120 3
18 220 120 9
391 385 120 11
299 98 120 1
191 2 120 18
88 226 120 17
348 214 120 6
247 427 120 14
375 337 120 2
160 274 120 20
91 202 120 15
436 219 120 9
326 172 120 14
163 23 120 5
345 224 120 9
146 321 120 11
356 222 120 18
16 21 120 15
84 405 120 17
340 118 120 10
269 208 120 4
176 206 120 11
323 94 120 7
397 257 120 1
141 164 120 1
334 310 120 5
305 228 120 2
42 253 120 12
205 337 120 12
268 239 120 20
168 61 120 20
268 246 120 15
150 121 120 12
203 80 120 15
288 231 120 8
150 117 120 15
342 431 120 12
308 25 120 18
304 239 120 5
257 70 120 18
338 237 120 13
178 67 120 20
234 216 120 2
394 418 120 10
352 259 120 15
47 418 120 10
51 312 120 5
283 182 120 17
330 48 120 4
256 304 120 19
440 194 120 15
238 382 120 16
281 178 120 15
444 124 120 16
260 39 120 14
296 85 120 10
11 136 120 8
156 428 120 1
335 310 120 20
306 128 120 16
355 120 120 14
194 357 120 20
109 200 120 20
239 207 120 19
350 19 120 18
282 325 120 16
194 335 120 20
417 54 120 1
384 398 120 4
398 266 120 17
279 184 120 10
363 387 120 14
371 48 120 10
119 296 120 10
438 199 120 15
348 43 120 8
353 237 120 10
55 216 120 4
185 153 120 18
176 113 120 5
305 401 120 18
116 316 120 8
293 249 120 2
213 368 120 6
349 368 120 8
67 279 120 13
98 194 120 17
37 248 120 11
29 432 120 16
429 171 120 19
210 28 120 10
174 153 120 20
87 445 120 10
37 221 120 13
292 132 120 7
309 198 120 16
368 296 120 20
216 332 120 10
289 371 120 4
68 362 120 8
416 134 120 11
270 317 120 2
3 403 120 18
422 439 120 17
333 293 120 12
165 164 120 16
285 84 120 10
151 309 120 3
265 151 120 9
373 228 120 14
204 196 120 6
62 18 120 2
82 21 120 1
109 5 120 20
347 347 120 12
279 65 120 14
408 349 120 8
386 63 120 20
268 327 120 3
73 262 120 1
249 18 120 4
101 89 120 13
279 180 120 8
412 288 120 10
99 197 120 12
88 28 120 19
241 436 120 10
31 384 120 5
129 204 120 5
397 286 120 5
435 87 120 20
231 197 120 16
44 38 120 2
345 12 120 20
202 110 120 13
406 207 120 18
237 1 120 17
427 31 120 16
231 169 120 13
372 118 120 12
326 115 120 2
298 345 120 4
377 398 120 7
179 295 120 3
278 60 120 3
136 28 120 18
22 265 120 14
353 254 120 10
173 37 120 13
206 408 120 9
77 297 120 6
44 157 120 19
207 86 120 5
417 264 120 6
181 104 120 9
64 250 120 1
154 271 120 3
253 187 120 5
383 359 120 15
243 128 120 19
221 214 120 20
322 268 120 10
311 27 120 4
260 444 120 17
66 187 120 14
379 261 120 5
282 414 120 11
2 229 120 15
432 174 120 8
4 417 120 15
441 200 120 11
290 74 120 4
285 394 120 9
376 216 120 13
283 282 120 18
303 223 120 17
126 67 120 8
229 78 120 4
71 62 120 20
281 75 120 3
182 79 120 6
296 368 120 14
240 216 120 19
210 144 120 3
187 426 120 5
360 291 120 13
336 426 120 7
298 207 120 1
41 287 120 11
405 131 120 20
291 312 120 17
386 170 120 13
108 409 120 6
223 181 120 11
106 367 120 16
281 289 120 7
230 187 120 15
256 37 120 4
358 78 120 10
85 45 120 18
323 346 120 6
202 284 120 4
11 401 120 15
26 176 120 8
193 292 120 6
349 125 120 8
348 364 120 20
335 182 120 3
82 103 120 19
116 187 120 7
279 62 120 2
327 273 120 1
96 283 120 16
284 318 120 11
205 74 120 19
65 422 120 13
204 332 120 1
93 219 120 19
18 301 120 10
30 416 120 17
86 257 120 15
51 136 120 8
299 242 120 4
63 78 120 6
13 292 120 11
254 356 120 19
182 113 120 4
37 215 120 4
73 242 120 11
211 271 120 18
88 366 120 3
36 426 120 18
256 277 120 4
321 350 120 19
257 372 120 14
276 179 120 15
269 370 120 20
