2000 666
351 5 36 10
117 268 36 11
343 34 36 18
327 320 36 8
120 379 36 4
117 399 36 15
58 380 36 9
121 404 36 17
161 131 36 12
304 14 36 8
156 375 36 7
130 44 36 12
272 396 36 12
90 285 36 1
216 415 36 13
13 84 36 20
139 151 36 1
434 271 36 16
220 431 36 13
447 297 36 11
395 6 36 16
357 145 36 1
139 416 36 12
412 68 36 10
110 294 36 17
197 316 36 11
234 17 36 17
204 13 36 2
130 232 36 14
197 232 36 7
277 189 36 1
294 98 36 18
354 236 36 20
372 211 36 12
238 320 36 18
71 79 36 9
444 313 36 4
74 69 36 18
421 209 36 1
304 415 36 15
57 244 36 8
262 100 36 18
164 16 36 8
44 387 36 18
2 188 36 20
252 268 36 5
381 265 36 18
79 348 36 15
246 321 36 6
198 187 36 12
381 244 36 15
315 58 36 10
336 222 36 9
166 265 36 3
195 276 36 14
117 81 36 10
118 24 36 20
430 112 36 13
374 357 36 10
89 108 36 16
208 51 36 10
143 366 36 8
177 264 36 10
226 429 36 3
225 187 36 12
420 303 36 5
436 430 36 11
289 423 36 5
32 349 36 16
105 1 36 13
365 218 36 6
420 361 36 17
96 90 36 7
440 326 36 5
165 103 36 11
175 85 36 12
265 74 36 6
378 372 36 1
155 404 36 3
298 71 36 18
112 435 36 1
423 418 36 1
215 66 36 3
260 69 36 8
297 243 36 6
83 417 36 7
172 234 36 19
253 174 36 1
299 338 36 18
266 188 36 11
234 309 36 14
419 294 36 18
80 61 36 14
287 331 36 10
373 190 36 17
113 273 36 18
395 444 36 9
313 249 36 8
156 110 36 11
411 385 36 13
290 181 36 20
167 152 36 3
23 241 36 4
402 81 36 8
402 6 36 19
197 128 36 12
418 86 36 6
435 398 36 18
178 116 36 8
248 80 36 15
79 379 36 3
218 108 36 6
213 131 36 2
279 95 36 7
228 50 36 20
367 256 36 15
340 237 36 1
320 224 36 8
110 402 36 18
20 212 36 11
314 290 36 17
351 70 36 19
93 293 36 17
86 124 36 4
158 352 36 2
236 281 36 15
441 173 36 15
284 55 36 6
97 175 36 12
26 194 36 11
34 70 36 18
441 430 36 14
61 86 36 20
258 171 36 11
112 328 36 7
26 116 36 14
195 119 36 16
153 402 36 5
334 62 36 4
33 87 36 16
400 131 36 11
162 124 36 12
4 194 36 11
148 14 36 2
406 125 36 15
130 160 36 7
145 354 36 14
332 59 36 18
126 403 36 5
105 435 36 16
286 397 36 10
100 121 36 7
343 125 36 5
224 282 36 12
285 240 36 4
226 380 36 1
283 77 36 3
22 408 36 18
172 96 36 17
383 210 36 11
233 59 36 10
224 168 36 16
347 63 36 17
217 296 36 4
99 133 36 9
116 368 36 1
293 204 36 2
376 235 36 15
70 406 36 20
177 341 36 10
280 136 36 19
333 369 36 2
59 269 36 10
366 48 36 1
60 146 36 20
4 262 36 9
327 107 36 7
289 35 36 7
221 114 36 10
259 300 36 20
59 133 36 5
374 18 36 13
399 76 36 16
59 441 36 18
4 53 36 3
101 67 36 17
108 393 36 9
339 245 36 5
356 18 36 2
332 276 36 18
220 334 36 14
244 260 36 4
200 221 36 19
423 279 36 19
247 292 36 15
226 392 36 8
19 63 36 18
375 401 36 17
328 319 36 11
394 203 36 9
323 433 36 2
374 239 36 10
15 438 36 4
168 414 36 15
324 223 36 1
106 1 36 7
390 29 36 20
183 413 36 7
210 293 36 6
265 249 36 20
158 125 36 7
394 61 36 15
443 76 36 14
286 253 36 10
407 140 36 5
382 245 36 17
302 187 36 18
304 370 36 4
259 142 36 3
96 416 36 4
135 136 36 9
169 83 36 11
441 88 36 12
257 373 36 10
49 342 36 16
63 277 36 16
87 141 36 6
139 445 36 14
166 266 36 16
38 361 36 8
159 48 36 4
423 226 36 11
301 220 36 6
264 39 36 15
43 98 36 2
407 160 36 10
122 257 36 13
33 395 36 15
323 124 36 10
317 161 36 6
290 329 36 12
389 305 36 4
142 168 36 10
430 442 36 11
197 37 36 19
315 443 36 18
272 117 36 5
359 159 36 9
17 44 36 12
387 361 36 16
223 203 36 10
117 154 36 9
237 296 36 3
148 278 36 16
88 37 36 9
135 361 36 6
342 185 36 5
367 107 36 1
350 133 36 17
446 72 36 2
266 294 36 3
414 411 36 2
439 210 36 15
174 357 36 7
361 8 36 3
136 142 36 6
364 46 36 7
262 423 36 20
328 325 36 19
437 334 36 5
13 152 36 16
248 128 36 10
199 119 36 11
9 302 36 12
96 225 36 12
239 361 36 13
296 277 36 11
91 101 36 12
11 428 36 8
64 418 36 17
177 440 36 19
157 250 36 3
100 11 36 17
262 19 36 3
334 124 36 2
422 363 36 1
215 211 36 5
54 311 36 20
324 322 36 8
25 385 36 7
69 124 36 18
264 281 36 15
149 390 36 12
162 205 36 14
40 101 36 17
142 75 36 14
157 290 36 2
11 353 36 13
423 229 36 1
369 264 36 1
304 332 36 5
222 159 36 13
398 317 36 2
138 42 36 5
344 81 36 2
236 222 36 8
33 388 36 16
50 408 36 8
378 384 36 4
143 315 36 6
292 171 36 6
128 402 36 19
243 363 36 3
311 53 36 5
136 406 36 20
71 194 36 17
91 226 36 20
409 286 36 13
186 226 36 8
191 369 36 20
22 223 36 20
194 350 36 4
88 146 36 8
288 19 36 15
82 155 36 9
423 235 36 20
81 335 36 15
136 297 36 5
151 35 36 10
103 225 36 17
378 256 36 2
387 12 36 7
351 99 36 7
229 396 36 3
170 40 36 12
70 15 36 7
163 95 36 14
44 240 36 2
211 391 36 10
166 56 36 9
52 443 36 4
170 383 36 17
191 296 36 13
357 87 36 16
105 257 36 20
16 326 36 6
172 41 36 20
216 94 36 3
108 314 36 10
35 32 36 17
195 93 36 19
174 273 36 12
164 16 36 15
262 383 36 12
309 50 36 8
406 65 36 16
60 247 36 3
265 15 36 15
273 122 36 10
224 156 36 15
240 361 36 20
252 87 36 5
208 250 36 20
23 74 36 20
361 393 36 11
71 351 36 17
116 420 36 3
211 247 36 7
389 73 36 10
444 306 36 11
94 109 36 1
293 370 36 16
317 140 36 8
356 162 36 5
331 85 36 19
364 165 36 13
15 280 36 20
369 43 36 12
290 442 36 2
343 1 36 19
114 94 36 20
245 386 36 15
25 255 36 20
44 164 36 4
156 57 36 4
214 430 36 9
174 445 36 12
117 376 36 9
306 229 36 4
120 134 36 10
259 257 36 12
50 54 36 11
219 78 36 9
81 131 36 11
115 296 36 16
233 62 36 15
68 236 36 15
193 352 36 18
361 220 36 3
85 349 36 19
257 160 36 8
86 219 36 2
300 1 36 16
321 81 36 9
79 205 36 6
339 447 36 8
145 68 36 5
395 270 36 12
127 193 36 20
96 278 36 2
199 97 36 9
110 182 36 7
75 34 36 16
136 365 36 15
338 443 36 18
388 344 36 10
52 42 36 10
409 436 36 9
232 125 36 9
275 231 36 4
218 429 36 3
321 91 36 11
196 175 36 8
80 321 36 12
45 211 36 17
235 161 36 7
414 212 36 7
223 183 36 3
301 415 36 14
125 242 36 1
236 12 36 15
7 333 36 7
406 91 36 8
391 170 36 16
294 225 36 12
201 22 36 1
15 435 36 2
317 210 36 1
171 63 36 20
149 198 36 11
357 443 36 19
109 2 36 9
398 417 36 3
425 361 36 5
315 217 36 20
425 427 36 6
258 442 36 12
303 311 36 7
83 34 36 11
287 192 36 13
285 101 36 16
294 219 36 1
199 180 36 12
193 157 36 15
367 25 36 14
328 12 36 17
310 280 36 7
289 135 36 14
30 227 36 3
291 76 36 17
301 360 36 6
327 206 36 18
355 404 36 6
352 160 36 9
272 79 36 15
408 417 36 15
76 289 36 8
196 131 36 8
169 160 36 15
195 13 36 20
403 314 36 1
285 193 36 20
385 110 36 7
217 24 36 3
215 295 36 4
248 265 36 18
302 341 36 14
178 89 36 18
208 267 36 12
27 24 36 8
368 437 36 9
184 274 36 10
215 221 36 13
203 447 36 11
360 224 36 16
149 24 36 7
363 325 36 18
419 65 36 7
168 282 36 19
77 318 36 17
8 238 36 8
262 431 36 10
261 199 36 8
380 411 36 11
76 324 36 15
76 25 36 8
340 397 36 6
61 369 36 6
326 89 36 17
421 175 36 7
92 182 36 13
209 443 36 9
162 267 36 1
325 199 36 11
60 274 36 18
8 359 36 9
437 252 36 2
297 312 36 9
221 200 36 19
436 183 36 9
75 274 36 20
409 45 36 18
279 206 36 19
357 93 36 7
398 152 36 6
326 170 36 9
277 159 36 16
178 18 36 12
447 248 36 4
368 247 36 1
16 321 36 1
302 292 36 1
137 133 36 12
238 52 36 19
101 13 36 18
247 338 36 2
304 167 36 18
166 345 36 13
358 354 36 2
293 284 36 15
421 299 36 10
375 154 36 18
393 300 36 13
170 101 36 1
50 211 36 6
81 10 36 17
301 323 36 19
232 51 36 16
181 409 36 16
388 264 36 19
383 237 36 3
272 174 36 9
6 120 36 14
319 289 36 7
236 348 36 7
176 428 36 11
5 281 36 7
11 76 36 4
371 256 36 4
191 206 36 18
294 152 36 20
258 423 36 12
386 428 36 12
376 299 36 15
9 98 36 18
309 283 36 12
181 287 36 16
365 308 36 9
163 231 36 15
379 421 36 6
402 277 36 6
224 88 36 16
219 36 36 4
344 411 36 16
310 429 36 11
186 300 36 15
53 33 36 16
211 407 36 13
443 133 36 5
47 64 36 2
304 28 36 8
264 251 36 4
200 23 36 19
127 366 36 6
362 238 36 3
247 433 36 16
424 49 36 19
3 259 36 18
327 254 36 17
7 301 36 3
97 157 36 20
27 430 36 1
54 193 36 8
126 329 36 13
161 243 36 10
197 52 36 12
75 38 36 19
5 40 36 18
342 376 36 2
373 382 36 12
21 42 36 18
154 68 36 13
90 132 36 17
48 257 36 1
381 428 36 4
67 177 36 16
185 262 36 11
352 266 36 17
339 170 36 17
133 106 36 17
237 136 36 9
50 289 36 12
303 378 36 2
300 435 36 5
189 368 36 1
319 434 36 8
64 182 36 6
292 86 36 5
123 424 36 1
330 120 36 12
24 356 36 4
196 406 36 11
8 271 36 11
399 133 36 17
162 321 36 15
352 203 36 20
281 266 36 9
25 120 36 20
44 253 36 11
232 135 36 2
89 158 36 16
81 363 36 3
371 380 36 7
145 331 36 13
364 55 36 4
56 416 36 13
191 260 36 7
61 284 36 5
25 327 36 6
413 121 36 19
36 219 36 8
15 299 36 17
398 233 36 5
178 387 36 15
80 313 36 5
312 368 36 5
300 122 36 1
115 192 36 11
60 216 36 3
257 182 36 17
141 227 36 6
192 241 36 3
158 202 36 12
57 379 36 11
296 11 36 19
152 332 36 12
424 194 36 20
61 319 36 12
438 378 36 19
257 198 36 4
207 348 36 8
375 93 36 17
394 260 36 19
219 326 36 16
430 174 36 4
49 336 36 15
56 312 36 12
194 373 36 15
66 373 36 4
164 193 36 11
442 399 36 10
63 326 36 13
362 282 36 4
434 53 36 18
428 35 36 3
441 94 36 2
349 159 36 19
4 353 36 7
423 418 36 8
326 134 36 3
436 139 36 1
10 201 36 19
122 125 36 11
47 112 36 2
308 92 36 8
305 95 36 5
180 444 36 12
376 447 36 19
61 422 36 9
118 311 36 10
377 309 36 20
140 328 36 2
218 3 36 10
140 59 36 17
115 366 36 3
135 223 36 19
247 412 36 4
81 341 36 17
257 411 36 17
414 91 36 6
267 20 36 14
268 159 36 12
12 386 36 11
338 88 36 6
338 213 36 8
429 347 36 17
178 156 36 16
369 237 36 6
123 56 36 14
298 32 36 19
356 308 36 15
275 128 36 2
85 150 36 10
344 40 36 9
215 388 36 13
4 369 36 1
25 99 36 18
11 21 36 14
347 143 36 7
209 3 36 19
161 368 36 1
132 205 36 10
281 290 36 10
368 186 36 10
96 400 36 7
45 413 36 3
351 438 36 19
365 11 36 16
178 368 36 6
56 139 36 5
413 300 36 18
184 441 36 11
92 275 36 6
139 195 36 13
245 300 36 11
282 355 36 5
250 258 36 5
316 185 36 6
413 372 36 20
214 437 36 16
18 403 36 9
198 149 36 17
136 240 36 20
363 388 36 19
349 185 36 12
287 19 36 6
190 278 36 10
104 147 36 1
28 122 36 16
329 335 36 1
321 362 36 3
166 113 36 18
14 258 36 3
126 184 36 7
5 85 36 4
184 371 36 7
270 123 36 12
176 226 36 8
276 253 36 11
310 134 36 10
334 8 36 19
322 183 36 18
12 196 36 17
407 331 36 14
296 335 36 1
369 72 36 20
33 351 36 4
422 90 36 20
63 375 36 11
272 238 36 10
389 124 36 10
410 8 36 3
106 29 36 17
59 436 36 19
206 284 36 20
436 215 36 14
143 247 36 6
429 232 36 14
46 294 36 2
363 129 36 16
377 70 36 13
407 32 36 3
173 147 36 1
133 215 36 20
424 420 36 11
165 409 36 17
434 114 36 4
159 95 36 16
431 150 36 20
173 76 36 9
162 15 36 9
284 421 36 2
423 146 36 5
134 289 36 2
290 275 36 12
292 2 36 14
61 435 36 8
97 156 36 1
353 139 36 20
19 321 36 20
260 45 36 6
133 338 36 20
37 314 36 7
107 10 36 5
382 300 36 20
202 144 36 15
430 215 36 15
334 311 36 14
342 216 36 8
52 245 36 20
285 57 36 11
84 190 36 11
314 236 36 17
253 343 36 5
32 287 36 11
86 41 36 1
150 33 36 18
202 366 36 10
409 260 36 8
327 311 36 8
119 148 36 18
413 242 36 5
150 108 36 2
210 360 36 2
279 392 36 2
211 40 36 9
286 189 36 20
138 400 36 14
300 361 36 19
240 241 36 11
425 369 36 16
219 334 36 1
222 36 36 9
13 255 36 13
147 87 36 3
139 297 36 18
162 145 36 13
226 282 36 1
209 144 36 9
3 383 36 11
128 360 36 2
401 141 36 10
20 362 36 7
214 375 36 11
311 84 36 17
371 222 36 16
34 393 36 20
332 172 36 14
145 390 36 11
319 402 36 10
296 83 36 8
195 36 36 16
427 65 36 8
267 279 36 12
352 152 36 6
96 85 36 19
136 118 36 1
330 12 36 14
368 157 36 20
102 28 36 9
219 324 36 4
258 71 36 8
447 60 36 2
104 326 36 17
145 241 36 6
279 346 36 11
188 35 36 15
52 374 36 16
87 305 36 20
74 406 36 11
15 187 36 14
49 7 36 19
117 7 36 15
260 120 36 12
244 265 36 1
379 96 36 18
162 283 36 9
62 344 36 1
430 440 36 4
61 66 36 4
166 91 36 5
157 139 36 4
238 265 36 19
368 78 36 5
396 321 36 6
218 263 36 11
395 424 36 5
159 38 36 2
306 20 36 5
311 90 36 7
284 265 36 7
6 421 36 17
182 211 36 20
364 141 36 14
229 100 36 11
357 327 36 3
134 274 36 5
204 442 36 7
170 300 36 20
138 173 36 13
172 9 36 6
306 15 36 14
141 206 36 13
251 123 36 11
427 361 36 10
50 270 36 19
382 404 36 7
243 170 36 14
151 349 36 12
79 39 36 14
106 221 36 5
397 89 36 11
225 240 36 7
274 43 36 2
26 32 36 1
324 82 36 1
54 26 36 13
67 269 36 5
64 419 36 14
380 60 36 17
412 175 36 3
16 135 36 14
90 359 36 11
380 195 36 13
345 220 36 18
223 96 36 11
371 149 36 2
37 215 36 20
320 288 36 7
66 221 36 1
288 195 36 16
303 220 36 12
397 320 36 18
292 252 36 16
230 150 36 10
199 382 36 3
259 315 36 3
344 362 36 18
261 234 36 11
149 309 36 15
116 160 36 3
258 15 36 2
87 411 36 20
275 266 36 15
220 48 36 19
394 246 36 12
217 57 36 4
189 410 36 10
395 223 36 15
441 381 36 12
281 50 36 10
315 307 36 11
121 394 36 19
247 231 36 6
187 3 36 8
286 406 36 10
319 176 36 14
230 364 36 2
45 321 36 4
113 324 36 20
33 157 36 9
121 34 36 18
214 155 36 11
291 411 36 13
185 160 36 11
127 445 36 15
333 326 36 18
149 119 36 15
374 173 36 3
374 286 36 16
318 328 36 6
301 1 36 9
154 225 36 8
399 68 36 10
428 262 36 5
21 388 36 7
20 274 36 4
204 422 36 6
304 358 36 14
287 284 36 15
147 155 36 8
173 18 36 15
232 181 36 17
9 133 36 5
195 123 36 4
94 153 36 15
446 183 36 14
230 386 36 19
142 253 36 11
227 92 36 9
149 248 36 9
399 430 36 19
212 215 36 15
239 233 36 1
353 427 36 17
271 73 36 6
140 72 36 1
292 311 36 11
428 6 36 19
27 242 36 11
367 390 36 9
423 351 36 16
50 115 36 7
305 363 36 2
264 268 36 2
336 92 36 13
123 241 36 4
82 86 36 6
436 66 36 9
159 93 36 6
420 22 36 4
44 444 36 17
98 47 36 5
376 361 36 2
439 177 36 14
45 75 36 3
170 197 36 3
366 288 36 20
435 277 36 16
73 445 36 16
398 417 36 17
219 13 36 3
401 121 36 17
260 49 36 13
34 51 36 12
86 105 36 9
239 274 36 3
186 202 36 4
227 199 36 4
334 271 36 1
96 222 36 17
326 3 36 1
106 403 36 7
398 215 36 13
157 259 36 1
102 354 36 12
121 156 36 2
347 341 36 2
414 130 36 2
319 17 36 1
212 122 36 6
93 1 36 20
434 116 36 2
11 66 36 18
94 222 36 8
226 323 36 17
26 7 36 20
98 353 36 3
382 329 36 14
417 201 36 3
275 422 36 17
375 67 36 13
20 64 36 17
77 74 36 2
359 177 36 3
15 403 36 9
25 438 36 3
189 88 36 15
257 32 36 2
7 1 36 18
230 286 36 16
127 213 36 12
35 242 36 11
57 318 36 15
155 240 36 3
28 254 36 1
233 278 36 8
444 20 36 10
123 276 36 15
141 292 36 2
349 84 36 6
84 210 36 9
343 254 36 14
217 321 36 2
175 28 36 19
310 55 36 4
409 297 36 16
52 293 36 4
239 426 36 2
10 129 36 3
239 31 36 1
306 124 36 13
148 19 36 10
231 246 36 2
185 430 36 2
387 292 36 7
386 264 36 15
236 325 36 2
104 126 36 4
258 145 36 6
255 384 36 4
346 252 36 1
199 410 36 14
315 193 36 20
305 387 36 9
322 327 36 9
403 265 36 7
334 63 36 19
121 167 36 14
342 424 36 18
245 241 36 5
178 149 36 8
245 357 36 18
330 235 36 20
223 92 36 5
98 413 36 2
275 378 36 14
278 265 36 14
158 395 36 8
163 289 36 2
323 87 36 18
418 274 36 18
318 81 36 4
190 420 36 19
255 195 36 16
259 303 36 4
142 140 36 2
299 428 36 15
72 138 36 13
21 311 36 11
393 186 36 19
122 166 36 20
446 47 36 13
242 236 36 5
273 43 36 5
394 311 36 3
44 5 36 19
81 314 36 18
382 395 36 10
183 416 36 9
282 361 36 12
31 35 36 4
63 43 36 3
165 295 36 18
250 120 36 18
93 76 36 5
247 119 36 14
104 209 36 9
388 143 36 11
363 335 36 20
220 170 36 9
263 210 36 2
34 272 36 18
298 446 36 15
350 249 36 8
8 351 36 16
424 160 36 4
417 264 36 11
276 204 36 13
82 119 36 4
304 349 36 12
12 174 36 3
201 207 36 12
433 57 36 16
75 416 36 10
293 424 36 19
140 410 36 9
105 379 36 19
278 207 36 10
157 298 36 18
371 164 36 5
316 175 36 14
24 376 36 20
2 371 36 5
436 9 36 7
224 301 36 2
372 440 36 19
233 107 36 7
356 385 36 18
236 104 36 2
245 37 36 8
154 363 36 6
247 386 36 15
98 397 36 8
16 386 36 14
359 172 36 12
231 97 36 3
65 339 36 16
287 247 36 15
268 36 36 12
119 280 36 13
124 443 36 19
324 242 36 4
441 340 36 8
55 365 36 9
114 286 36 4
37 69 36 16
399 133 36 13
420 419 36 6
399 249 36 15
34 367 36 14
152 54 36 11
186 387 36 13
177 380 36 14
108 435 36 15
444 111 36 10
48 147 36 12
214 98 36 11
272 81 36 13
129 32 36 15
21 65 36 2
202 226 36 2
378 421 36 20
349 151 36 3
222 258 36 17
12 265 36 15
97 312 36 14
250 88 36 10
88 369 36 16
354 50 36 14
431 80 36 15
438 281 36 8
50 212 36 6
59 113 36 6
10 335 36 7
395 356 36 16
6 6 36 9
211 265 36 13
77 353 36 2
22 269 36 11
9 263 36 8
69 253 36 16
355 312 36 15
168 380 36 1
140 389 36 14
370 346 36 4
427 352 36 9
358 115 36 12
377 191 36 14
317 223 36 7
316 231 36 6
395 299 36 16
308 217 36 19
431 384 36 13
230 86 36 6
373 9 36 20
425 445 36 3
54 356 36 20
385 285 36 19
194 164 36 17
272 32 36 19
164 427 36 20
329 287 36 6
358 280 36 15
329 63 36 12
252 445 36 16
64 432 36 2
236 39 36 9
86 433 36 2
127 180 36 10
399 4 36 15
8 177 36 17
382 58 36 3
68 425 36 16
157 317 36 15
321 131 36 9
57 204 36 19
247 440 36 16
335 88 36 19
270 214 36 14
378 176 36 7
60 193 36 8
179 127 36 19
136 194 36 12
373 360 36 10
235 233 36 18
95 299 36 9
396 98 36 16
288 442 36 18
165 274 36 7
222 204 36 18
291 264 36 2
90 5 36 18
414 140 36 3
268 66 36 11
1 310 36 5
311 404 36 2
378 362 36 9
10 202 36 12
167 367 36 18
100 151 36 6
218 4 36 13
71 104 36 16
60 70 36 9
242 337 36 4
346 337 36 11
245 210 36 17
443 151 36 2
302 160 36 11
155 326 36 12
291 435 36 18
194 205 36 12
360 275 36 16
93 344 36 1
413 148 36 10
360 46 36 20
170 291 36 8
384 296 36 15
75 150 36 16
414 304 36 19
236 158 36 20
217 351 36 6
202 274 36 12
300 366 36 13
10 341 36 5
76 254 36 8
31 423 36 8
196 369 36 6
63 6 36 13
100 420 36 18
16 218 36 13
376 434 36 19
46 199 36 5
438 51 36 2
290 71 36 13
289 146 36 19
343 177 36 6
241 372 36 9
444 444 36 11
349 107 36 1
121 122 36 15
50 60 36 6
340 105 36 2
8 106 36 14
52 405 36 5
437 246 36 4
190 141 36 3
376 391 36 5
37 397 36 1
150 309 36 13
245 429 36 12
110 42 36 17
418 381 36 17
31 388 36 12
151 3 36 18
341 439 36 11
219 191 36 7
294 120 36 8
282 156 36 1
287 315 36 5
388 112 36 9
173 231 36 10
27 211 36 2
433 251 36 14
49 401 36 6
70 294 36 3
355 76 36 3
324 369 36 16
257 213 36 18
139 53 36 19
329 440 36 3
63 176 36 12
286 202 36 8
4 187 36 7
120 236 36 16
238 315 36 1
347 222 36 15
210 109 36 12
201 375 36 9
348 76 36 17
361 414 36 4
49 29 36 6
423 324 36 11
114 338 36 10
66 10 36 20
408 248 36 6
159 157 36 3
433 376 36 16
190 130 36 13
160 30 36 18
182 400 36 11
207 11 36 4
406 434 36 8
360 110 36 3
54 175 36 6
439 145 36 3
255 304 36 8
302 299 36 2
20 51 36 6
112 221 36 5
279 402 36 18
412 171 36 18
136 130 36 10
194 52 36 1
152 105 36 4
120 107 36 12
354 371 36 20
298 235 36 3
181 254 36 8
202 365 36 12
253 196 36 3
266 170 36 3
289 305 36 3
309 62 36 1
438 213 36 17
304 342 36 12
315 249 36 11
192 99 36 12
377 289 36 6
176 44 36 1
184 296 36 2
167 124 36 19
311 412 36 8
156 273 36 3
43 273 36 10
45 130 36 4
162 7 36 18
213 199 36 11
50 138 36 6
151 313 36 19
168 60 36 7
401 226 36 19
355 99 36 20
167 255 36 17
50 307 36 16
146 361 36 6
136 86 36 6
384 298 36 6
283 357 36 8
34 70 36 13
275 238 36 3
364 201 36 20
149 108 36 12
346 275 36 16
368 334 36 8
225 32 36 2
222 177 36 20
215 113 36 5
416 406 36 8
317 439 36 16
74 267 36 20
347 193 36 2
399 342 36 12
102 240 36 10
69 170 36 18
342 404 36 16
82 178 36 17
364 402 36 8
49 380 36 13
101 250 36 17
232 333 36 1
153 233 36 19
274 194 36 2
65 295 36 13
131 373 36 16
93 267 36 11
86 359 36 14
256 275 36 20
102 334 36 4
352 444 36 15
147 228 36 17
208 390 36 3
25 216 36 13
182 290 36 10
132 430 36 9
260 75 36 9
345 171 36 20
161 426 36 5
378 90 36 15
90 5 36 2
42 161 36 9
336 379 36 15
415 403 36 1
250 137 36 2
379 278 36 9
443 101 36 9
326 445 36 7
131 158 36 11
210 98 36 19
185 188 36 5
166 239 36 9
374 127 36 10
77 104 36 19
5 353 36 17
222 284 36 18
422 289 36 20
250 167 36 5
257 307 36 16
243 79 36 10
339 263 36 16
428 438 36 16
241 364 36 10
432 3 36 8
131 7 36 6
434 239 36 9
110 213 36 13
343 25 36 11
126 282 36 17
87 87 36 9
136 425 36 7
391 416 36 6
438 209 36 4
163 204 36 5
2 344 36 11
192 330 36 5
229 2 36 7
106 354 36 16
160 33 36 12
74 119 36 13
66 264 36 8
330 218 36 7
138 208 36 14
320 380 36 5
67 391 36 14
267 136 36 11
259 364 36 15
26 32 36 15
264 192 36 6
337 265 36 3
59 340 36 17
205 222 36 18
320 370 36 18
196 252 36 2
285 318 36 7
280 147 36 17
158 415 36 5
38 440 36 3
271 257 36 10
99 156 36 18
55 214 36 15
285 418 36 16
285 300 36 5
55 58 36 10
205 352 36 3
298 185 36 14
89 342 36 1
243 379 36 20
1 212 36 8
398 310 36 16
174 365 36 20
290 212 36 8
190 50 36 5
12 104 36 18
105 308 36 9
68 168 36 5
177 256 36 4
264 61 36 3
344 62 36 6
252 22 36 8
306 195 36 1
145 37 36 13
402 226 36 20
75 247 36 3
242 361 36 13
323 428 36 14
152 158 36 8
312 431 36 17
423 337 36 5
299 142 36 13
38 10 36 11
150 154 36 4
27 119 36 5
410 193 36 12
13 444 36 4
370 329 36 13
10 33 36 10
363 354 36 3
330 330 36 6
367 181 36 20
436 228 36 12
242 378 36 14
94 414 36 20
182 387 36 7
80 399 36 4
338 321 36 11
129 340 36 6
88 256 36 18
30 148 36 15
308 67 36 2
281 55 36 5
272 306 36 18
417 400 36 1
233 144 36 8
251 223 36 18
265 123 36 7
161 252 36 8
89 339 36 1
370 368 36 14
107 238 36 12
24 81 36 6
168 353 36 20
263 332 36 12
324 128 36 14
324 378 36 7
275 196 36 4
109 356 36 19
282 7 36 5
274 386 36 12
412 45 36 6
180 68 36 17
3 246 36 18
141 61 36 6
241 384 36 15
47 260 36 3
76 87 36 18
228 205 36 10
193 39 36 4
60 322 36 10
293 287 36 1
317 19 36 20
422 31 36 14
441 181 36 17
355 431 36 5
386 31 36 1
358 106 36 6
77 343 36 14
162 99 36 4
262 158 36 18
291 3 36 12
365 330 36 17
69 314 36 20
28 317 36 2
37 225 36 4
439 173 36 10
216 83 36 18
79 160 36 13
156 331 36 4
271 145 36 4
271 446 36 8
110 373 36 10
435 441 36 10
333 21 36 14
431 67 36 10
56 68 36 20
168 283 36 20
396 361 36 18
82 79 36 4
313 349 36 9
254 183 36 19
217 292 36 10
53 279 36 5
211 174 36 17
249 168 36 2
64 223 36 16
62 401 36 11
132 349 36 8
381 430 36 8
66 305 36 19
352 111 36 13
190 327 36 1
399 389 36 1
175 163 36 2
417 421 36 7
279 38 36 11
217 99 36 2
438 240 36 2
134 183 36 3
356 258 36 8
42 162 36 12
357 361 36 2
79 323 36 9
80 50 36 5
275 19 36 11
179 307 36 17
316 87 36 6
416 77 36 17
427 220 36 7
420 138 36 11
280 179 36 10
250 98 36 1
110 177 36 15
368 256 36 16
341 83 36 1
287 272 36 10
281 150 36 16
382 119 36 5
276 98 36 17
361 81 36 2
257 360 36 8
324 173 36 17
314 282 36 3
180 212 36 18
114 105 36 2
67 401 36 3
337 234 36 15
245 179 36 14
240 7 36 17
17 377 36 7
378 196 36 19
34 82 36 7
235 396 36 13
174 138 36 5
369 251 36 19
220 318 36 13
331 217 36 9
165 14 36 11
117 263 36 8
167 279 36 18
306 220 36 13
368 263 36 16
155 60 36 5
223 234 36 10
65 165 36 15
21 384 36 19
368 278 36 4
64 442 36 5
395 112 36 12
285 288 36 15
114 156 36 13
149 77 36 9
266 231 36 10
340 17 36 20
105 91 36 20
140 112 36 6
45 42 36 6
166 115 36 6
310 62 36 6
280 346 36 19
82 22 36 7
102 171 36 1
385 436 36 11
291 338 36 16
429 442 36 16
285 144 36 6
78 188 36 2
157 363 36 12
231 236 36 18
426 68 36 15
14 149 36 1
205 261 36 19
34 208 36 17
94 51 36 19
180 43 36 8
367 327 36 16
207 414 36 15
99 124 36 6
104 364 36 15
171 343 36 17
145 366 36 5
151 123 36 13
317 167 36 13
44 270 36 9
99 3 36 18
168 369 36 19
370 138 36 4
333 246 36 4
212 350 36 4
335 83 36 8
79 237 36 14
429 388 36 2
154 267 36 11
87 321 36 3
81 419 36 6
116 139 36 15
41 71 36 8
380 404 36 5
394 178 36 3
345 65 36 7
191 144 36 16
403 135 36 17
310 298 36 20
373 395 36 2
268 28 36 13
176 153 36 8
4 194 36 19
427 126 36 7
212 82 36 18
345 427 36 18
124 170 36 16
139 135 36 16
114 444 36 11
355 379 36 4
23 210 36 16
128 385 36 4
372 398 36 11
239 388 36 8
82 152 36 15
92 59 36 10
176 182 36 4
414 330 36 20
338 443 36 1
113 351 36 19
292 383 36 15
51 63 36 19
420 434 36 13
87 235 36 9
337 316 36 19
221 417 36 6
94 146 36 7
136 112 36 3
323 12 36 4
70 125 36 15
195 426 36 17
82 40 36 3
363 22 36 11
157 118 36 1
339 7 36 1
244 237 36 18
198 340 36 12
344 39 36 7
372 371 36 14
395 440 36 20
342 187 36 20
223 278 36 20
177 203 36 16
128 360 36 10
323 261 36 7
386 57 36 15
419 265 36 5
160 161 36 7
22 85 36 4
343 42 36 18
350 383 36 17
346 169 36 5
381 355 36 10
437 35 36 6
164 357 36 5
344 306 36 14
333 277 36 17
215 447 36 13
135 21 36 16
436 373 36 9
282 286 36 8
314 184 36 8
177 118 36 3
243 107 36 5
230 270 36 12
31 176 36 6
355 62 36 4
39 286 36 20
340 431 36 8
278 419 36 3
267 253 36 15
202 119 36 15
315 306 36 11
326 101 36 14
391 340 36 8
365 380 36 5
198 287 36 10
317 335 36 7
435 227 36 11
136 57 36 9
220 334 36 18
142 98 36 15
248 423 36 3
33 301 36 4
372 254 36 3
97 171 36 10
444 368 36 4
405 237 36 3
224 234 36 9
17 380 36 11
237 152 36 4
283 304 36 19
447 104 36 12
22 146 36 17
164 71 36 18
198 167 36 7
165 163 36 20
429 130 36 2
133 353 36 10
73 379 36 5
70 179 36 1
400 14 36 11
401 13 36 2
366 44 36 4
205 207 36 3
286 414 36 14
101 132 36 17
284 123 36 1
266 265 36 13
44 337 36 2
202 417 36 2
64 369 36 6
239 332 36 12
70 251 36 2
46 8 36 7
103 303 36 18
335 404 36 19
293 250 36 6
389 78 36 9
391 121 36 20
335 332 36 18
9 395 36 18
154 196 36 17
320 265 36 20
83 321 36 3
61 433 36 4
6 330 36 12
92 185 36 15
310 127 36 6
355 80 36 6
290 424 36 1
203 443 36 1
38 159 36 18
215 31 36 3
204 113 36 1
201 174 36 14
63 179 36 8
338 281 36 18
405 143 36 10
112 51 36 4
396 350 36 16
108 105 36 17
225 153 36 12
100 377 36 5
249 133 36 16
272 343 36 17
299 405 36 1
209 295 36 9
304 262 36 6
87 383 36 9
407 332 36 13
267 2 36 4
121 226 36 18
134 335 36 8
177 137 36 9
342 418 36 9
234 269 36 1
314 31 36 18
217 334 36 12
282 430 36 6
388 400 36 20
405 219 36 18
100 339 36 2
384 35 36 19
160 221 36 13
79 126 36 4
340 359 36 10
111 235 36 13
197 14 36 15
98 295 36 5
381 245 36 7
111 203 36 20
289 312 36 9
256 249 36 4
111 418 36 15
111 59 36 4
92 398 36 20
341 72 36 3
183 268 36 13
358 365 36 7
88 298 36 3
218 418 36 4
118 260 36 13
367 68 36 20
214 188 36 20
281 309 36 16
36 400 36 14
149 303 36 9
59 38 36 14
429 405 36 18
199 45 36 20
224 262 36 9
4 390 36 17
96 319 36 1
445 85 36 9
328 375 36 4
270 420 36 2
172 131 36 20
145 189 36 14
385 180 36 6
116 389 36 4
145 165 36 16
144 169 36 12
402 274 36 8
300 281 36 13
376 162 36 7
323 441 36 11
222 165 36 18
433 309 36 16
234 256 36 15
2 372 36 7
272 69 36 10
366 222 36 10
402 186 36 20
319 38 36 7
321 424 36 15
251 299 36 7
163 84 36 8
215 79 36 18
9 313 36 11
440 324 36 3
364 158 36 6
6 86 36 8
283 50 36 17
386 369 36 13
333 242 36 17
440 55 36 4
94 227 36 2
368 442 36 14
67 3 36 14
31 442 36 19
366 359 36 3
332 374 36 3
82 220 36 20
7 168 36 3
426 53 36 16
365 46 36 12
165 149 36 15
58 79 36 1
29 145 36 17
313 185 36 19
46 103 36 12
383 444 36 17
359 78 36 4
395 84 36 4
351 73 36 2
102 437 36 6
355 164 36 2
397 231 36 18
433 259 36 14
34 134 36 2
77 179 36 14
41 115 36 5
389 36 36 4
71 430 36 5
358 344 36 7
261 445 36 11
218 362 36 16
