2000 500
358 224 48 15
115 289 48 18
431 188 48 16
217 35 48 9
62 234 48 10
90 247 48 2
109 430 48 3
399 171 48 12
71 429 48 1
443 357 48 7
151 277 48 11
173 391 48 4
285 385 48 16
397 154 48 17
70 226 48 18
247 325 48 20
291 443 48 15
436 394 48 3
222 28 48 13
443 33 48 17
368 183 48 5
69 355 48 3
78 202 48 17
264 161 48 4
48 231 48 14
75 30 48 5
358 330 48 9
186 319 48 6
195 103 48 7
186 98 48 10
95 18 48 4
271 96 48 7
400 173 48 4
9 447 48 6
238 57 48 6
246 141 48 9
130 61 48 15
20 256 48 4
303 14 48 3
166 209 48 1
61 303 48 15
148 126 48 9
142 88 48 12
347 96 48 17
265 344 48 16
424 142 48 10
175 281 48 14
255 300 48 19
207 165 48 14
280 330 48 4
14 390 48 5
213 90 48 15
70 241 48 14
109 140 48 12
158 415 48 11
262 391 48 17
60 118 48 14
374 372 48 12
50 141 48 6
186 431 48 4
83 444 48 5
293 209 48 14
191 288 48 15
176 407 48 17
257 117 48 12
244 378 48 18
382 447 48 7
354 374 48 9
188 423 48 5
196 172 48 4
87 254 48 10
378 109 48 7
311 299 48 1
47 28 48 1
370 294 48 11
223 101 48 7
9 35 48 13
379 398 48 20
227 148 48 10
215 344 48 3
196 440 48 14
173 370 48 9
369 233 48 4
416 290 48 14
421 222 48 10
106 445 48 17
178 16 48 19
249 395 48 11
257 174 48 14
240 398 48 7
394 146 48 5
364 318 48 19
6 250 48 8
394 218 48 5
381 201 48 10
215 316 48 11
149 46 48 9
128 305 48 9
67 124 48 4
153 363 48 6
146 319 48 10
131 245 48 17
38 251 48 14
188 207 48 9
190 150 48 19
414 365 48 9
197 66 48 19
433 203 48 4
179 269 48 12
98 432 48 4
414 130 48 10
438 260 48 7
343 307 48 20
49 58 48 8
430 247 48 13
117 223 48 7
119 420 48 14
177 415 48 14
92 147 48 19
140 254 48 4
113 221 48 19
394 221 48 4
46 116 48 14
394 175 48 11
55 157 48 11
322 273 48 9
59 391 48 2
318 121 48 18
343 222 48 10
200 372 48 9
40 37 48 11
10 441 48 5
248 39 48 13
346 432 48 15
54 49 48 12
19 370 48 14
216 438 48 5
385 319 48 20
84 214 48 10
377 423 48 1
29 16 48 12
368 25 48 9
23 272 48 14
261 181 48 3
226 234 48 10
347 252 48 13
293 20 48 16
183 414 48 2
212 51 48 8
16 427 48 11
191 18 48 8
413 385 48 9
180 417 48 18
433 231 48 7
233 19 48 18
91 366 48 3
319 211 48 20
101 403 48 12
210 168 48 7
86 183 48 7
395 384 48 20
261 349 48 4
172 81 48 19
354 66 48 6
279 308 48 11
437 399 48 16
410 270 48 6
413 380 48 15
382 143 48 5
411 228 48 5
429 175 48 16
17 446 48 1
446 180 48 9
407 86 48 4
152 374 48 18
372 363 48 11
63 326 48 7
411 291 48 11
278 235 48 7
312 198 48 18
92 189 48 12
254 205 48 15
318 213 48 8
25 172 48 16
244 323 48 17
324 257 48 8
365 319 48 12
239 283 48 20
35 123 48 11
440 435 48 15
168 89 48 18
91 352 48 11
22 232 48 17
132 256 48 19
337 53 48 9
21 386 48 11
78 314 48 10
12 105 48 13
237 149 48 18
248 141 48 8
30 318 48 8
436 419 48 1
163 440 48 13
111 135 48 6
231 34 48 9
237 65 48 19
52 142 48 5
195 153 48 6
174 399 48 16
275 210 48 17
363 239 48 10
112 237 48 11
202 409 48 10
87 73 48 9
238 313 48 11
440 102 48 1
154 163 48 10
171 358 48 10
302 84 48 11
134 368 48 13
116 283 48 14
416 394 48 20
239 158 48 12
65 255 48 8
25 45 48 10
29 47 48 9
106 201 48 13
335 381 48 18
269 236 48 9
174 379 48 15
279 48 48 15
184 16 48 4
326 254 48 18
440 319 48 6
178 353 48 17
229 391 48 20
392 50 48 20
270 394 48 17
68 225 48 13
416 398 48 19
227 229 48 6
330 423 48 20
389 311 48 7
158 303 48 13
192 34 48 14
279 272 48 11
413 216 48 18
300 48 48 4
131 115 48 10
206 93 48 7
213 319 48 18
277 201 48 6
356 152 48 2
252 310 48 8
18 64 48 1
147 342 48 6
220 308 48 6
341 170 48 19
419 310 48 20
273 79 48 19
78 301 48 8
112 131 48 15
130 49 48 1
12 300 48 17
197 318 48 20
424 27 48 15
29 246 48 4
307 140 48 6
185 121 48 19
177 393 48 14
272 34 48 13
239 155 48 18
406 284 48 12
287 306 48 12
41 55 48 20
304 41 48 1
25 70 48 16
53 386 48 16
271 123 48 4
351 299 48 14
72 134 48 3
93 372 48 17
255 340 48 5
18 179 48 9
80 229 48 8
23 86 48 3
2 110 48 10
216 173 48 15
133 443 48 8
179 356 48 20
181 427 48 10
216 82 48 9
415 336 48 19
4 353 48 5
354 443 48 2
312 18 48 3
320 19 48 2
397 244 48 13
422 386 48 2
122 118 48 7
130 308 48 5
272 77 48 16
337 54 48 11
305 57 48 11
4 411 48 13
388 285 48 20
411 157 48 8
116 116 48 13
440 100 48 17
322 231 48 9
112 360 48 2
338 184 48 9
208 84 48 6
404 388 48 11
69 391 48 11
175 341 48 14
309 304 48 6
23 419 48 16
428 411 48 18
325 295 48 15
358 406 48 2
242 306 48 6
222 67 48 2
256 33 48 13
346 101 48 19
409 286 48 17
319 147 48 11
395 169 48 20
149 150 48 18
2 37 48 4
85 394 48 18
80 199 48 10
269 420 48 1
104 238 48 9
326 136 48 15
54 107 48 5
123 435 48 10
48 392 48 6
411 93 48 8
291 94 48 1
19 178 48 5
162 258 48 14
173 89 48 8
251 193 48 11
361 71 48 7
134 135 48 4
193 257 48 9
407 304 48 5
333 267 48 1
428 121 48 4
102 139 48 10
180 310 48 11
8 35 48 20
266 285 48 11
315 208 48 8
52 352 48 8
362 107 48 12
213 66 48 6
9 409 48 5
344 389 48 7
335 54 48 11
47 233 48 18
36 250 48 10
104 69 48 2
373 383 48 20
276 444 48 17
313 358 48 18
159 124 48 16
318 142 48 5
307 48 48 16
415 382 48 16
215 439 48 2
333 27 48 3
39 140 48 3
40 66 48 16
258 341 48 12
380 217 48 11
171 375 48 4
27 246 48 16
292 105 48 15
61 72 48 8
340 296 48 13
404 192 48 4
270 240 48 7
205 289 48 6
84 99 48 12
407 31 48 11
203 211 48 6
122 238 48 11
202 92 48 6
319 162 48 6
380 54 48 12
443 10 48 3
85 279 48 12
323 46 48 7
170 130 48 1
377 99 48 20
353 301 48 3
256 432 48 16
415 186 48 12
230 67 48 10
137 9 48 13
340 4 48 2
296 88 48 3
45 421 48 8
83 143 48 15
229 82 48 16
415 444 48 1
365 252 48 13
105 229 48 11
393 22 48 9
395 158 48 2
13 50 48 16
97 346 48 4
13 390 48 14
431 35 48 3
94 263 48 14
302 241 48 17
373 158 48 10
438 263 48 14
251 218 48 4
130 166 48 17
17 188 48 3
365 295 48 10
364 317 48 17
335 300 48 9
2 393 48 12
216 257 48 4
427 182 48 19
442 172 48 5
248 422 48 13
76 114 48 3
71 130 48 7
105 58 48 7
58 421 48 9
400 318 48 16
339 319 48 18
94 98 48 10
99 77 48 8
262 81 48 8
239 338 48 4
434 413 48 12
367 46 48 6
41 151 48 20
18 208 48 2
312 170 48 5
20 61 48 5
131 155 48 14
50 263 48 13
151 77 48 19
432 326 48 17
241 322 48 12
162 242 48 18
223 292 48 11
351 309 48 20
15 183 48 1
434 203 48 15
297 343 48 4
247 392 48 3
283 105 48 20
409 90 48 2
415 340 48 1
397 54 48 12
425 287 48 9
165 200 48 11
133 215 48 9
259 211 48 16
9 60 48 5
360 316 48 6
100 161 48 13
353 122 48 19
47 89 48 15
52 49 48 5
319 26 48 13
419 200 48 18
391 332 48 6
99 154 48 9
18 162 48 3
280 85 48 13
39 184 48 3
359 99 48 7
322 145 48 14
186 206 48 6
104 77 48 1
328 49 48 9
305 2 48 11
48 100 48 6
2 128 48 12
24 407 48 13
362 8 48 11
412 366 48 5
137 250 48 8
407 446 48 5
278 102 48 14
174 440 48 13
289 297 48 20
289 344 48 6
5 355 48 4
340 379 48 10
311 303 48 17
29 267 48 2
301 413 48 10
271 372 48 1
446 212 48 19
260 385 48 15
133 237 48 11
7 88 48 8
437 103 48 20
101 442 48 20
170 315 48 1
257 353 48 5
262 207 48 4
79 40 48 5
342 38 48 11
269 307 48 20
188 2 48 14
403 18 48 11
67 18 48 19
96 118 48 2
56 297 48 20
328 106 48 9
420 377 48 20
30 9 48 13
21 360 48 4
224 181 48 6
365 368 48 13
314 333 48 6
341 399 48 20
33 58 48 2
166 123 48 10
177 4 48 3
103 423 48 12
235 15 48 9
406 35 48 15
187 259 48 12
274 186 48 2
373 52 48 19
43 403 48 10
186 435 48 7
447 164 48 17
110 350 48 3
345 5 48 10
63 239 48 1
236 207 48 12
331 403 48 18
159 229 48 6
364 155 48 14
7 207 48 19
49 392 48 3
167 391 48 16
398 63 48 1
205 418 48 18
434 33 48 14
240 269 48 13
81 152 48 18
179 321 48 15
26 237 48 19
371 244 48 16
234 302 48 13
84 21 48 17
108 429 48 15
33 186 48 11
420 183 48 8
150 422 48 5
97 55 48 16
445 234 48 13
138 269 48 1
442 202 48 17
58 435 48 11
76 81 48 13
47 198 48 8
80 231 48 2
94 203 48 11
130 362 48 7
7 11 48 7
35 19 48 3
394 166 48 9
105 161 48 14
59 218 48 8
324 303 48 17
172 349 48 6
439 429 48 18
17 75 48 19
214 214 48 6
395 230 48 13
184 274 48 16
216 230 48 9
69 334 48 3
123 402 48 5
174 278 48 6
306 3 48 16
188 4 48 20
310 30 48 9
197 243 48 2
445 200 48 3
267 394 48 19
107 162 48 16
113 241 48 4
278 363 48 9
234 100 48 3
36 405 48 20
196 155 48 7
337 27 48 9
115 233 48 16
116 230 48 7
356 60 48 15
422 166 48 14
271 278 48 5
7 119 48 1
144 362 48 8
121 397 48 15
111 145 48 7
113 44 48 9
145 158 48 3
418 283 48 6
7 201 48 11
436 176 48 13
143 446 48 11
89 5 48 9
408 158 48 11
379 289 48 13
307 399 48 20
399 74 48 5
80 218 48 2
440 199 48 6
136 215 48 1
337 214 48 12
267 356 48 10
38 7 48 8
373 415 48 12
186 346 48 18
396 216 48 5
313 177 48 20
273 257 48 14
401 249 48 12
375 394 48 12
102 284 48 19
4 113 48 15
371 150 48 16
296 86 48 15
379 271 48 3
312 229 48 1
197 94 48 7
165 377 48 2
350 330 48 8
297 257 48 9
11 358 48 9
385 371 48 20
230 295 48 3
91 153 48 12
357 94 48 13
94 406 48 1
36 165 48 9
164 339 48 8
112 241 48 11
308 100 48 9
3 110 48 16
2 57 48 1
103 286 48 20
363 377 48 20
262 296 48 18
441 399 48 6
391 434 48 5
445 160 48 2
438 271 48 2
304 141 48 18
436 154 48 3
41 155 48 5
27 257 48 8
317 182 48 9
303 443 48 2
402 436 48 5
2 390 48 2
233 397 48 8
345 388 48 11
270 254 48 20
295 252 48 14
430 302 48 2
184 329 48 15
223 198 48 15
202 63 48 7
38 17 48 9
273 28 48 7
56 260 48 9
9 167 48 13
233 447 48 18
160 294 48 4
240 276 48 18
27 12 48 13
70 245 48 16
304 9 48 1
87 46 48 15
306 328 48 1
29 394 48 9
149 402 48 18
219 197 48 11
85 356 48 9
212 158 48 1
184 184 48 5
56 263 48 7
126 120 48 8
259 206 48 1
418 74 48 12
167 113 48 1
176 261 48 7
372 33 48 6
119 127 48 11
160 339 48 5
40 85 48 3
388 140 48 5
96 266 48 16
249 87 48 18
20 57 48 17
119 233 48 6
164 409 48 17
174 343 48 3
380 14 48 1
57 174 48 17
339 223 48 17
368 173 48 17
202 268 48 13
165 79 48 5
343 98 48 19
148 217 48 16
75 390 48 3
263 116 48 14
55 58 48 15
411 115 48 19
231 16 48 14
125 383 48 8
179 147 48 3
50 321 48 10
8 217 48 2
31 374 48 17
287 12 48 15
67 284 48 8
199 338 48 7
335 312 48 8
206 95 48 3
310 230 48 17
138 408 48 4
244 10 48 9
427 27 48 3
261 68 48 2
321 364 48 2
334 441 48 8
25 192 48 6
210 79 48 5
83 295 48 5
408 167 48 9
241 314 48 18
211 120 48 12
65 100 48 17
144 360 48 14
150 244 48 14
187 140 48 4
50 164 48 9
261 383 48 10
345 18 48 7
77 435 48 9
48 229 48 12
426 2 48 17
377 66 48 7
364 220 48 15
418 369 48 16
398 109 48 5
362 168 48 13
80 438 48 14
333 336 48 1
444 422 48 14
283 23 48 11
436 1 48 15
262 387 48 17
196 313 48 1
53 283 48 20
153 234 48 14
402 158 48 2
367 247 48 19
278 142 48 20
216 148 48 13
141 431 48 3
315 429 48 11
33 253 48 15
283 2 48 17
306 54 48 8
250 217 48 3
322 171 48 17
114 101 48 18
354 388 48 4
35 166 48 4
138 316 48 20
262 183 48 11
397 225 48 16
35 61 48 11
432 376 48 2
227 188 48 3
256 62 48 2
14 185 48 12
19 92 48 18
165 126 48 20
21 263 48 4
318 78 48 11
149 37 48 5
232 71 48 5
327 65 48 12
38 292 48 17
412 110 48 5
82 123 48 5
300 151 48 20
20 325 48 17
363 346 48 19
127 216 48 2
73 364 48 16
254 158 48 14
48 37 48 6
227 74 48 2
146 48 48 13
136 140 48 19
301 439 48 19
119 21 48 2
73 383 48 5
290 62 48 11
146 145 48 10
39 398 48 18
23 9 48 16
61 245 48 15
410 401 48 7
421 89 48 15
117 399 48 2
411 71 48 14
136 153 48 13
215 442 48 4
73 141 48 16
303 189 48 17
234 211 48 12
222 281 48 12
283 243 48 16
401 226 48 20
222 343 48 18
33 306 48 20
312 441 48 2
100 219 48 8
396 291 48 6
399 146 48 7
362 390 48 14
334 164 48 10
113 9 48 2
292 419 48 20
112 193 48 16
331 226 48 8
183 100 48 8
198 209 48 2
207 167 48 12
366 118 48 12
266 43 48 6
387 376 48 14
352 51 48 10
112 342 48 8
107 16 48 16
435 357 48 6
184 102 48 11
373 299 48 5
344 58 48 1
157 433 48 8
116 252 48 1
27 201 48 4
111 115 48 8
203 236 48 12
267 343 48 15
86 330 48 3
140 76 48 7
293 11 48 19
218 354 48 4
310 74 48 13
72 189 48 10
333 226 48 8
75 336 48 11
324 102 48 18
20 378 48 19
188 16 48 2
276 165 48 14
8 20 48 14
48 238 48 17
156 110 48 13
260 191 48 5
167 76 48 19
285 160 48 12
71 36 48 12
92 65 48 15
8 252 48 20
273 90 48 12
156 107 48 5
59 165 48 20
316 330 48 5
199 142 48 3
281 309 48 6
150 146 48 9
365 216 48 19
234 317 48 11
43 324 48 16
314 159 48 7
312 324 48 4
330 383 48 4
147 261 48 2
74 23 48 12
190 303 48 2
392 15 48 3
295 390 48 3
244 176 48 1
256 229 48 17
83 95 48 2
10 407 48 19
33 299 48 12
220 445 48 9
299 71 48 3
73 261 48 18
155 205 48 5
383 62 48 14
389 315 48 8
254 124 48 14
16 216 48 7
384 225 48 13
181 267 48 5
370 39 48 6
372 348 48 18
397 420 48 6
286 128 48 16
200 73 48 8
56 14 48 2
88 277 48 19
367 303 48 2
284 239 48 3
180 429 48 11
374 361 48 3
119 285 48 19
381 244 48 14
29 83 48 10
328 282 48 9
251 338 48 17
52 435 48 3
423 354 48 18
126 201 48 20
53 390 48 7
246 317 48 6
51 435 48 13
203 368 48 4
328 396 48 19
152 286 48 2
49 99 48 7
405 151 48 17
154 126 48 14
205 251 48 15
57 313 48 12
347 122 48 2
103 172 48 10
154 375 48 5
11 265 48 12
397 416 48 6
180 27 48 19
311 432 48 7
438 148 48 20
35 353 48 5
279 419 48 10
29 329 48 19
84 431 48 14
137 147 48 16
109 167 48 7
50 116 48 20
275 306 48 5
152 179 48 9
179 169 48 14
342 214 48 10
308 55 48 16
149 83 48 17
102 177 48 10
236 313 48 17
307 431 48 3
195 33 48 8
51 308 48 12
391 12 48 2
278 201 48 18
313 95 48 14
252 412 48 16
173 113 48 6
432 224 48 15
228 22 48 4
170 328 48 2
288 75 48 15
85 136 48 6
187 89 48 1
30 367 48 5
42 242 48 2
276 46 48 4
118 229 48 4
43 213 48 2
143 440 48 9
119 172 48 6
78 23 48 17
79 117 48 3
388 304 48 4
271 333 48 15
364 384 48 2
104 213 48 6
255 330 48 11
91 372 48 17
151 78 48 20
233 206 48 10
215 283 48 20
271 371 48 17
26 311 48 13
316 144 48 13
98 70 48 1
111 173 48 4
189 437 48 1
39 81 48 4
121 241 48 9
205 36 48 3
14 250 48 7
302 74 48 16
260 99 48 6
83 424 48 19
239 74 48 17
342 194 48 15
209 382 48 2
406 430 48 7
91 113 48 19
299 318 48 9
276 331 48 20
97 186 48 11
279 8 48 13
345 90 48 5
117 339 48 17
395 243 48 6
419 4 48 5
433 410 48 6
79 53 48 7
423 361 48 1
356 189 48 13
101 286 48 5
366 127 48 14
282 34 48 12
194 150 48 12
179 108 48 18
357 79 48 14
32 64 48 11
147 153 48 9
375 138 48 12
25 46 48 12
16 146 48 6
192 74 48 9
385 355 48 4
231 111 48 3
424 289 48 20
413 198 48 5
405 240 48 14
359 396 48 15
375 323 48 6
304 358 48 14
432 373 48 4
408 128 48 12
74 65 48 4
230 305 48 2
78 292 48 8
54 257 48 13
98 224 48 3
225 135 48 19
58 62 48 2
28 375 48 10
53 370 48 11
234 340 48 4
42 413 48 18
214 205 48 6
49 293 48 14
173 346 48 16
58 443 48 1
191 230 48 19
273 287 48 18
241 324 48 9
118 377 48 16
378 163 48 4
318 214 48 12
333 427 48 5
215 29 48 16
388 211 48 5
380 268 48 8
148 12 48 18
50 294 48 3
23 87 48 14
380 205 48 10
203 145 48 2
375 26 48 8
65 358 48 9
407 135 48 1
157 85 48 11
252 17 48 9
342 164 48 12
225 223 48 6
404 255 48 18
2 187 48 4
434 389 48 6
144 316 48 12
77 391 48 15
437 360 48 12
378 70 48 8
103 331 48 18
85 226 48 6
98 13 48 10
404 426 48 15
360 427 48 2
73 423 48 17
388 129 48 5
280 206 48 16
93 195 48 18
39 136 48 3
80 238 48 11
136 332 48 8
356 439 48 4
370 405 48 1
182 318 48 4
190 390 48 4
139 340 48 12
424 173 48 17
205 275 48 7
346 323 48 17
118 402 48 6
221 91 48 14
112 9 48 4
25 378 48 1
363 112 48 15
234 311 48 1
100 3 48 3
94 436 48 6
304 194 48 12
271 92 48 17
383 219 48 3
295 440 48 5
91 104 48 16
335 129 48 10
99 44 48 8
171 287 48 5
205 396 48 16
131 43 48 1
230 356 48 12
165 189 48 10
423 134 48 18
199 428 48 9
64 81 48 18
395 415 48 5
209 66 48 10
144 246 48 7
390 3 48 1
201 134 48 14
1 373 48 3
3 90 48 6
97 76 48 19
409 274 48 19
276 337 48 11
256 294 48 18
375 55 48 20
100 199 48 13
111 151 48 19
81 352 48 2
103 362 48 7
33 364 48 10
161 13 48 6
422 431 48 6
226 269 48 18
100 88 48 19
408 15 48 8
335 124 48 10
60 234 48 5
244 325 48 15
125 427 48 1
387 23 48 18
292 193 48 5
282 168 48 17
108 403 48 8
281 56 48 2
300 16 48 8
373 360 48 15
198 419 48 1
193 226 48 19
92 360 48 10
352 299 48 19
101 154 48 3
310 445 48 5
66 116 48 11
90 396 48 6
211 248 48 7
356 173 48 11
177 380 48 12
231 125 48 6
183 216 48 10
104 130 48 15
57 231 48 9
202 93 48 17
78 168 48 5
356 267 48 2
252 30 48 10
173 395 48 13
7 124 48 3
270 365 48 18
320 100 48 18
283 213 48 5
97 279 48 7
84 33 48 20
68 120 48 2
168 38 48 10
225 289 48 19
83 25 48 6
113 41 48 15
85 320 48 1
192 193 48 11
68 28 48 14
73 134 48 12
318 217 48 7
218 294 48 17
286 14 48 18
164 249 48 9
91 331 48 15
412 6 48 10
420 90 48 15
345 292 48 6
389 359 48 5
198 431 48 10
275 311 48 5
405 81 48 10
207 367 48 11
46 93 48 8
184 193 48 3
356 157 48 16
132 140 48 13
217 47 48 12
57 436 48 10
371 186 48 3
371 24 48 17
150 428 48 16
222 197 48 8
308 252 48 19
205 446 48 15
432 354 48 13
217 48 48 8
112 264 48 12
287 320 48 6
374 253 48 11
16 176 48 3
406 325 48 20
2 100 48 6
411 417 48 11
18 185 48 2
274 169 48 5
239 396 48 11
354 60 48 4
58 356 48 11
207 292 48 6
104 308 48 12
15 276 48 19
372 277 48 14
22 240 48 7
380 267 48 4
289 93 48 7
104 341 48 16
424 247 48 11
114 314 48 4
143 73 48 15
414 187 48 20
424 201 48 3
322 125 48 3
328 156 48 15
304 88 48 13
17 376 48 19
356 43 48 6
195 19 48 4
104 142 48 14
378 284 48 11
49 261 48 7
28 237 48 16
281 121 48 18
374 2 48 9
268 305 48 9
439 322 48 13
254 230 48 7
420 434 48 1
396 100 48 17
228 30 48 11
152 89 48 15
263 116 48 20
136 406 48 2
134 332 48 9
298 163 48 11
112 154 48 20
311 417 48 14
116 390 48 9
386 338 48 6
350 128 48 2
171 289 48 10
242 104 48 2
113 240 48 8
104 383 48 12
106 243 48 3
412 364 48 2
156 228 48 7
148 343 48 8
117 281 48 8
196 193 48 12
314 364 48 11
73 168 48 14
394 280 48 18
226 383 48 12
400 51 48 11
289 16 48 9
351 181 48 9
373 328 48 6
356 8 48 4
230 213 48 19
240 89 48 2
102 161 48 7
78 107 48 4
292 342 48 8
5 295 48 17
418 146 48 19
290 60 48 9
399 432 48 9
413 350 48 18
260 132 48 14
319 382 48 18
295 46 48 11
1 123 48 6
433 425 48 18
364 429 48 3
346 409 48 3
352 251 48 18
92 212 48 7
179 177 48 17
273 446 48 9
142 328 48 1
109 185 48 7
226 185 48 14
22 170 48 6
159 97 48 6
154 442 48 6
294 346 48 4
56 447 48 18
249 178 48 15
354 13 48 20
144 164 48 10
325 272 48 19
105 60 48 5
7 81 48 11
333 250 48 17
213 403 48 19
45 249 48 20
138 314 48 15
5 115 48 18
58 31 48 4
110 175 48 8
52 52 48 5
168 156 48 7
41 162 48 1
84 57 48 6
222 270 48 16
365 324 48 5
406 24 48 10
9 38 48 9
247 96 48 19
51 205 48 7
28 257 48 17
286 434 48 5
167 28 48 6
139 111 48 7
349 342 48 20
78 259 48 6
54 227 48 6
344 236 48 19
320 45 48 13
317 95 48 3
51 132 48 13
284 428 48 1
225 157 48 12
347 295 48 4
79 197 48 10
90 274 48 15
425 337 48 20
346 243 48 2
304 116 48 18
358 432 48 5
179 36 48 8
256 319 48 1
339 106 48 6
3 15 48 18
233 94 48 8
358 183 48 11
305 170 48 12
41 78 48 11
12 382 48 18
27 302 48 3
157 33 48 19
419 298 48 7
223 189 48 11
184 201 48 16
440 434 48 9
7 354 48 13
305 211 48 12
55 251 48 5
37 272 48 17
145 309 48 17
237 18 48 3
374 446 48 3
392 222 48 13
68 405 48 10
215 407 48 8
9 424 48 4
432 291 48 6
150 345 48 19
393 391 48 2
133 98 48 7
174 344 48 10
257 270 48 12
190 224 48 4
322 301 48 19
207 69 48 8
78 77 48 5
302 71 48 5
310 230 48 15
112 176 48 1
205 318 48 10
149 55 48 14
120 311 48 5
90 64 48 7
281 395 48 4
3 154 48 2
131 231 48 18
235 95 48 20
202 405 48 7
56 79 48 16
320 293 48 3
225 441 48 7
27 123 48 18
118 213 48 19
422 56 48 18
143 58 48 20
379 198 48 16
254 442 48 10
209 196 48 6
384 251 48 15
296 134 48 18
89 358 48 1
393 394 48 17
114 64 48 10
354 49 48 11
95 201 48 1
435 143 48 17
132 396 48 13
370 158 48 15
138 104 48 7
431 409 48 11
122 61 48 8
263 6 48 18
79 119 48 11
108 36 48 12
202 130 48 4
353 127 48 1
265 258 48 12
162 190 48 15
264 327 48 17
179 310 48 17
218 441 48 6
187 256 48 2
102 335 48 1
81 5 48 7
128 206 48 17
366 121 48 19
308 386 48 11
199 110 48 4
267 373 48 1
428 104 48 18
124 331 48 10
316 70 48 11
67 172 48 20
394 262 48 15
308 390 48 18
352 308 48 13
85 178 48 13
85 377 48 14
285 206 48 2
365 197 48 4
317 320 48 1
262 188 48 10
26 255 48 3
124 211 48 10
236 71 48 11
106 432 48 13
97 79 48 17
35 174 48 5
83 11 48 11
55 375 48 4
151 244 48 20
131 69 48 17
190 94 48 3
430 228 48 11
37 26 48 11
34 132 48 1
357 238 48 17
401 272 48 15
394 354 48 18
136 419 48 17
83 132 48 7
350 262 48 12
357 14 48 10
181 443 48 13
215 33 48 15
339 76 48 16
1 432 48 9
189 396 48 14
112 342 48 2
46 40 48 13
355 133 48 10
23 35 48 7
206 391 48 11
45 124 48 10
122 348 48 8
234 239 48 12
30 240 48 10
73 438 48 15
397 112 48 7
191 158 48 11
413 65 48 20
320 97 48 5
51 302 48 14
232 356 48 5
429 40 48 4
211 273 48 18
68 312 48 10
367 394 48 17
166 354 48 13
317 97 48 8
61 73 48 10
393 392 48 5
313 442 48 16
185 236 48 13
171 218 48 15
76 438 48 2
220 59 48 15
156 425 48 8
102 143 48 1
150 23 48 19
364 93 48 15
206 38 48 2
143 360 48 6
392 98 48 18
102 278 48 10
298 353 48 9
330 126 48 19
237 291 48 17
90 403 48 2
296 115 48 19
171 41 48 11
109 246 48 9
10 399 48 19
353 343 48 17
47 444 48 16
415 304 48 3
326 197 48 16
296 443 48 16
252 85 48 18
351 390 48 7
35 123 48 2
258 231 48 6
72 251 48 2
255 156 48 18
88 212 48 18
208 179 48 16
233 57 48 2
404 362 48 14
418 167 48 19
387 70 48 17
23 115 48 7
156 372 48 14
88 443 48 1
418 250 48 5
206 347 48 3
447 107 48 16
98 350 48 17
401 306 48 11
253 276 48 8
188 225 48 1
86 257 48 7
106 412 48 20
356 53 48 6
420 33 48 17
191 249 48 11
184 258 48 1
344 355 48 11
124 319 48 20
276 124 48 11
136 321 48 1
86 406 48 8
150 74 48 6
139 430 48 7
133 412 48 4
386 165 48 15
92 348 48 1
362 245 48 16
96 378 48 3
146 216 48 7
23 352 48 19
135 447 48 6
55 150 48 16
387 288 48 13
334 420 48 10
324 368 48 19
124 13 48 16
172 384 48 7
148 42 48 8
431 187 48 11
401 210 48 14
244 344 48 17
55 398 48 11
387 348 48 11
254 234 48 18
95 120 48 9
111 254 48 5
17 435 48 15
177 135 48 5
277 129 48 12
156 82 48 17
386 325 48 5
169 379 48 3
110 319 48 17
349 135 48 5
122 240 48 17
263 350 48 5
416 376 48 5
68 105 48 3
209 391 48 15
89 100 48 19
188 38 48 1
183 216 48 3
148 336 48 19
4 247 48 13
103 378 48 15
331 194 48 11
366 172 48 12
388 240 48 8
107 11 48 3
392 109 48 14
320 306 48 14
136 51 48 13
340 198 48 8
425 201 48 6
197 303 48 12
219 197 48 19
152 115 48 19
14 65 48 9
436 171 48 14
365 125 48 13
393 8 48 18
22 153 48 9
323 45 48 20
75 22 48 9
83 228 48 10
11 446 48 13
153 161 48 10
9 184 48 5
124 182 48 5
249 100 48 3
45 45 48 7
146 76 48 1
297 398 48 19
198 25 48 7
310 107 48 14
288 128 48 9
24 280 48 16
322 298 48 10
236 421 48 7
341 222 48 20
124 276 48 14
360 421 48 12
312 270 48 16
307 30 48 15
334 350 48 4
141 200 48 8
413 223 48 13
389 97 48 13
120 343 48 4
23 236 48 7
35 359 48 2
92 282 48 10
234 156 48 11
336 15 48 9
16 358 48 19
260 61 48 15
193 27 48 1
416 425 48 4
41 97 48 11
107 130 48 6
383 164 48 5
51 265 48 13
148 61 48 11
68 397 48 9
17 412 48 15
325 234 48 4
385 427 48 14
220 405 48 20
152 8 48 16
436 114 48 15
52 60 48 20
46 120 48 14
321 267 48 10
304 334 48 5
311 360 48 5
239 237 48 20
228 174 48 11
262 394 48 10
274 108 48 2
382 97 48 1
182 158 48 3
145 213 48 1
373 86 48 17
225 399 48 20
25 262 48 20
237 64 48 5
236 301 48 15
223 115 48 17
178 388 48 14
140 332 48 1
215 66 48 11
350 221 48 4
166 156 48 16
249 380 48 1
229 415 48 8
131 204 48 10
269 2 48 3
134 235 48 20
412 412 48 6
341 104 48 2
385 328 48 8
140 230 48 10
106 406 48 13
168 217 48 20
170 8 48 14
444 138 48 11
344 407 48 20
87 93 48 2
402 58 48 19
220 408 48 12
359 355 48 1
137 47 48 2
125 163 48 14
279 330 48 5
375 52 48 16
428 59 48 16
247 412 48 19
78 62 48 3
143 26 48 3
182 245 48 5
324 166 48 9
357 303 48 11
172 437 48 1
402 278 48 7
401 205 48 1
408 195 48 11
106 5 48 18
209 82 48 11
415 225 48 14
241 406 48 12
37 293 48 18
198 202 48 12
405 383 48 3
337 337 48 2
151 290 48 2
26 251 48 6
407 356 48 6
325 127 48 13
294 95 48 7
298 345 48 18
89 392 48 18
55 142 48 11
334 109 48 6
155 445 48 8
253 148 48 6
119 173 48 2
180 142 48 4
244 19 48 14
390 322 48 19
323 172 48 17
235 270 48 7
428 325 48 2
396 221 48 12
288 375 48 5
80 190 48 3
161 309 48 14
45 41 48 6
294 294 48 10
222 237 48 2
255 122 48 5
185 356 48 20
69 347 48 7
104 295 48 18
247 135 48 7
397 224 48 3
247 384 48 12
279 438 48 19
6 294 48 2
209 69 48 12
286 333 48 19
87 80 48 18
158 158 48 9
116 261 48 3
304 70 48 17
419 19 48 20
277 275 48 7
5 106 48 9
231 112 48 11
313 320 48 8
174 158 48 18
166 254 48 9
77 412 48 19
324 90 48 1
428 394 48 6
220 365 48 18
245 204 48 19
206 209 48 15
158 2 48 2
414 314 48 18
290 50 48 20
52 225 48 20
349 302 48 10
357 188 48 16
187 169 48 2
87 398 48 18
14 195 48 16
226 410 48 18
86 131 48 11
67 97 48 20
377 386 48 4
407 447 48 5
243 349 48 17
54 268 48 12
401 7 48 11
257 103 48 15
30 127 48 19
7 352 48 13
202 437 48 6
408 66 48 20
33 5 48 19
164 421 48 15
73 226 48 6
292 279 48 2
242 242 48 8
370 51 48 16
1 81 48 17
283 87 48 1
81 299 48 10
8 269 48 5
32 302 48 19
4 28 48 11
422 110 48 1
305 402 48 9
17 206 48 16
183 129 48 17
15 139 48 3
419 422 48 1
281 55 48 15
141 62 48 19
77 103 48 13
26 106 48 12
396 81 48 7
97 395 48 8
86 411 48 18
317 157 48 18
152 181 48 10
76 152 48 5
87 442 48 19
406 136 48 18
90 222 48 20
94 247 48 17
126 205 48 14
278 301 48 5
383 397 48 15
247 276 48 12
239 437 48 11
380 66 48 1
47 162 48 5
216 121 48 10
9 220 48 12
351 313 48 14
362 2 48 13
6 279 48 3
54 224 48 3
66 24 48 16
243 262 48 4
154 204 48 4
226 251 48 20
292 29 48 19
57 47 48 7
52 407 48 1
304 322 48 19
304 327 48 12
177 381 48 7
446 9 48 6
106 251 48 2
203 414 48 19
375 202 48 15
252 47 48 16
258 113 48 11
47 174 48 20
148 31 48 10
250 344 48 2
203 73 48 13
379 71 48 17
132 176 48 18
156 389 48 5
383 316 48 20
414 130 48 18
35 398 48 9
140 444 48 4
214 144 48 9
162 403 48 8
446 168 48 15
237 99 48 20
25 230 48 19
84 395 48 10
110 331 48 12
337 307 48 10
173 341 48 13
131 43 48 4
272 266 48 7
444 427 48 8
64 436 48 2
204 225 48 7
423 259 48 18
381 343 48 6
280 5 48 15
58 351 48 7
412 86 48 10
269 216 48 17
132 50 48 17
138 46 48 9
109 110 48 16
247 313 48 10
36 288 48 8
75 232 48 10
52 64 48 9
378 131 48 4
107 95 48 4
186 363 48 17
307 47 48 6
257 194 48 13
187 302 48 8
124 101 48 2
286 137 48 18
269 211 48 15
147 272 48 14
39 203 48 5
281 319 48 11
171 57 48 14
286 373 48 19
440 193 48 10
203 379 48 8
75 55 48 4
269 350 48 18
304 171 48 7
132 317 48 7
24 355 48 14
57 198 48 14
174 378 48 20
226 216 48 9
325 209 48 16
171 421 48 2
328 59 48 2
128 327 48 7
85 183 48 14
252 325 48 6
263 348 48 17
30 404 48 12
114 140 48 8
275 366 48 19
361 253 48 13
202 433 48 2
421 313 48 6
267 4 48 6
6 88 48 10
373 349 48 14
162 174 48 3
315 203 48 20
229 327 48 17
74 154 48 10
134 77 48 17
412 288 48 17
226 271 48 19
99 90 48 16
298 96 48 9
232 31 48 4
54 192 48 8
223 69 48 5
368 298 48 18
206 381 48 10
419 67 48 17
438 41 48 10
