2000 285
305 48 84 15
229 440 84 1
137 321 84 11
263 38 84 19
235 53 84 19
207 148 84 18
90 144 84 19
322 172 84 7
295 174 84 18
272 313 84 10
63 181 84 17
218 419 84 1
321 119 84 15
244 381 84 12
183 178 84 13
233 384 84 9
389 36 84 14
362 368 84 11
270 215 84 3
1 49 84 13
95 111 84 13
236 329 84 1
379 212 84 19
415 8 84 13
32 200 84 7
148 442 84 19
421 383 84 16
390 308 84 2
103 130 84 3
436 130 84 20
197 234 84 3
139 32 84 9
62 420 84 19
93 388 84 15
77 419 84 17
239 119 84 9
348 102 84 2
45 54 84 5
119 156 84 17
417 144 84 3
316 340 84 6
326 41 84 12
237 102 84 3
359 204 84 4
42 281 84 3
391 82 84 16
277 429 84 11
109 36 84 13
248 154 84 4
69 123 84 2
30 2 84 15
224 337 84 5
12 127 84 2
220 48 84 18
368 99 84 16
40 42 84 2
287 319 84 20
198 427 84 11
162 228 84 2
281 296 84 13
106 325 84 5
271 111 84 12
29 133 84 13
335 352 84 6
408 273 84 19
314 322 84 6
312 172 84 9
291 369 84 17
305 94 84 17
36 374 84 17
347 33 84 9
211 303 84 8
422 341 84 7
312 228 84 12
250 189 84 13
296 65 84 12
383 376 84 17
342 219 84 10
280 87 84 14
8 122 84 8
41 31 84 10
399 252 84 2
441 226 84 8
157 101 84 10
235 360 84 8
148 208 84 17
393 143 84 8
361 37 84 2
251 326 84 19
244 333 84 20
174 374 84 20
145 335 84 1
419 328 84 6
138 48 84 18
95 292 84 3
250 440 84 11
23 395 84 7
171 308 84 9
110 122 84 7
126 375 84 7
263 101 84 16
3 246 84 2
432 227 84 18
202 374 84 17
72 22 84 2
301 281 84 6
290 303 84 20
431 36 84 13
172 146 84 17
249 271 84 1
211 96 84 18
109 98 84 4
341 82 84 17
27 293 84 20
207 364 84 15
222 217 84 13
248 59 84 9
212 53 84 20
46 234 84 10
1 35 84 14
340 245 84 7
333 353 84 4
134 257 84 11
161 283 84 11
115 53 84 7
99 274 84 7
364 84 84 15
38 305 84 20
204 350 84 18
68 360 84 9
212 253 84 9
4 138 84 11
350 272 84 11
341 442 84 14
178 109 84 9
378 218 84 9
347 134 84 20
385 181 84 12
28 384 84 11
362 14 84 19
283 225 84 2
1 238 84 5
82 151 84 2
419 44 84 9
155 231 84 19
399 161 84 5
23 71 84 11
177 8 84 11
198 46 84 18
122 417 84 19
416 252 84 13
67 262 84 20
323 344 84 2
403 315 84 1
31 32 84 13
224 431 84 2
187 16 84 4
293 202 84 17
133 399 84 19
367 74 84 8
177 42 84 16
211 118 84 19
46 441 84 20
31 396 84 1
70 436 84 2
339 212 84 17
321 408 84 14
384 264 84 20
17 396 84 19
142 325 84 20
246 54 84 6
164 265 84 6
333 320 84 17
409 361 84 20
352 430 84 14
336 331 84 19
314 204 84 17
306 150 84 20
53 166 84 10
198 317 84 3
426 115 84 11
248 278 84 17
187 174 84 8
120 135 84 18
11 49 84 19
337 384 84 3
438 260 84 4
53 119 84 4
377 181 84 5
213 378 84 11
374 366 84 15
151 166 84 10
192 352 84 16
115 34 84 16
399 54 84 18
217 391 84 8
366 391 84 1
281 443 84 4
355 383 84 4
148 148 84 11
268 84 84 16
55 244 84 20
129 445 84 13
377 113 84 10
321 64 84 12
324 280 84 15
263 208 84 17
24 51 84 16
361 406 84 2
430 116 84 4
430 383 84 6
357 437 84 16
13 119 84 4
20 58 84 16
80 388 84 14
184 264 84 4
241 89 84 10
252 123 84 5
248 36 84 6
189 18 84 17
287 10 84 15
22 367 84 20
1 389 84 16
434 418 84 15
75 50 84 8
246 234 84 18
249 37 84 18
23 288 84 14
295 98 84 1
77 296 84 11
432 136 84 17
286 167 84 16
129 167 84 7
100 153 84 14
128 237 84 19
106 35 84 8
348 294 84 11
242 316 84 14
257 163 84 2
308 240 84 18
376 234 84 8
16 72 84 5
23 210 84 18
427 309 84 8
345 446 84 12
322 105 84 5
95 15 84 20
361 266 84 18
21 86 84 6
236 393 84 19
309 331 84 13
70 346 84 5
7 368 84 16
111 358 84 7
388 255 84 10
444 139 84 7
107 243 84 11
64 156 84 1
336 187 84 9
323 432 84 8
113 293 84 16
146 372 84 13
250 378 84 4
127 52 84 6
323 439 84 5
70 445 84 19
378 114 84 15
263 177 84 7
414 65 84 17
213 398 84 18
404 63 84 19
41 218 84 15
24 30 84 15
394 167 84 15
217 42 84 3
304 121 84 10
92 51 84 16
132 323 84 18
327 290 84 7
272 65 84 10
200 32 84 13
421 72 84 20
118 105 84 8
213 51 84 11
359 267 84 16
59 133 84 16
213 224 84 13
34 355 84 13
41 245 84 17
122 69 84 5
154 268 84 11
267 241 84 2
141 369 84 16
44 134 84 10
123 46 84 15
243 114 84 1
36 327 84 8
336 370 84 12
64 410 84 9
82 94 84 7
174 257 84 16
307 77 84 5
64 217 84 18
373 270 84 1
286 392 84 19
28 187 84 2
349 222 84 4
10 110 84 8
26 173 84 15
285 264 84 12
166 447 84 19
324 306 84 10
275 380 84 4
158 305 84 12
164 143 84 20
235 180 84 7
419 92 84 20
36 101 84 11
31 126 84 5
436 421 84 9
40 149 84 17
357 35 84 1
304 309 84 4
9 19 84 13
441 192 84 12
379 436 84 13
57 408 84 11
402 6 84 5
430 36 84 20
183 34 84 3
219 83 84 9
255 440 84 17
150 296 84 11
433 314 84 10
137 317 84 4
421 249 84 13
10 315 84 1
127 269 84 20
354 261 84 1
270 6 84 8
169 225 84 14
206 32 84 15
287 191 84 16
240 187 84 1
211 323 84 8
393 306 84 2
107 315 84 9
248 441 84 1
394 358 84 19
139 190 84 17
354 359 84 14
224 127 84 18
77 414 84 3
244 216 84 3
278 426 84 2
192 381 84 1
363 41 84 2
392 298 84 9
262 245 84 17
392 383 84 5
81 299 84 8
4 75 84 6
396 161 84 6
94 405 84 19
425 245 84 6
184 436 84 10
249 352 84 16
192 306 84 4
128 130 84 16
431 84 84 13
39 175 84 2
443 178 84 20
89 136 84 3
148 229 84 5
432 216 84 6
257 400 84 19
5 211 84 4
261 402 84 2
367 92 84 13
270 85 84 7
128 124 84 1
284 119 84 20
67 217 84 8
31 364 84 13
399 358 84 7
128 167 84 9
292 181 84 15
380 441 84 13
326 360 84 13
411 192 84 1
132 319 84 15
28 155 84 18
101 232 84 3
319 262 84 11
319 224 84 12
98 351 84 15
285 205 84 18
246 137 84 19
172 25 84 3
179 445 84 3
280 129 84 17
68 156 84 4
410 266 84 5
95 138 84 6
142 19 84 18
100 126 84 11
233 421 84 11
110 219 84 5
428 390 84 14
221 131 84 10
215 421 84 11
81 41 84 3
112 13 84 11
383 107 84 16
22 249 84 14
341 358 84 6
116 153 84 6
105 263 84 20
240 253 84 19
399 26 84 9
118 250 84 1
403 331 84 18
406 5 84 13
237 387 84 18
206 419 84 2
193 322 84 17
305 438 84 1
401 105 84 8
278 345 84 12
107 306 84 11
67 424 84 20
20 379 84 6
13 347 84 1
19 146 84 13
141 351 84 8
84 96 84 3
374 411 84 19
389 374 84 18
220 214 84 13
302 320 84 1
420 397 84 10
340 416 84 3
163 429 84 2
427 10 84 17
203 160 84 17
408 243 84 5
40 179 84 8
109 120 84 11
302 339 84 17
383 194 84 17
332 176 84 6
247 78 84 8
113 240 84 9
325 229 84 17
235 441 84 5
59 401 84 18
436 440 84 20
328 111 84 4
147 413 84 20
188 358 84 9
102 242 84 1
422 51 84 7
264 173 84 4
96 50 84 20
395 294 84 4
395 363 84 18
201 351 84 2
194 231 84 12
307 387 84 7
312 128 84 19
72 239 84 12
18 224 84 15
40 50 84 10
302 145 84 18
354 102 84 20
400 60 84 19
410 270 84 12
422 16 84 6
97 323 84 17
195 197 84 16
212 278 84 15
24 305 84 8
342 345 84 14
386 209 84 14
41 115 84 3
437 78 84 19
301 40 84 19
78 24 84 15
86 120 84 9
33 314 84 1
117 89 84 3
439 112 84 5
91 16 84 4
248 401 84 8
103 5 84 12
70 441 84 16
85 305 84 5
380 392 84 12
243 30 84 9
438 72 84 13
392 188 84 4
186 190 84 5
275 280 84 19
271 90 84 6
28 193 84 5
357 262 84 15
315 356 84 17
323 288 84 10
353 93 84 5
66 93 84 4
103 47 84 8
227 233 84 18
16 60 84 14
277 341 84 9
44 368 84 9
263 277 84 4
38 155 84 9
127 30 84 9
150 392 84 20
223 21 84 12
358 123 84 15
243 349 84 2
327 374 84 17
243 203 84 8
258 247 84 2
19 72 84 9
50 119 84 6
437 245 84 9
228 404 84 18
121 180 84 16
106 90 84 12
148 342 84 5
412 231 84 9
299 26 84 4
78 283 84 13
225 311 84 16
212 361 84 15
362 360 84 18
95 150 84 7
229 270 84 5
383 386 84 8
212 86 84 3
409 51 84 7
86 359 84 5
413 436 84 13
91 224 84 17
308 445 84 15
185 359 84 11
307 6 84 11
395 234 84 16
215 169 84 7
124 390 84 2
394 352 84 9
437 447 84 17
68 412 84 17
438 66 84 19
225 373 84 3
382 110 84 15
5 426 84 14
234 373 84 7
285 150 84 11
285 273 84 7
370 219 84 2
78 218 84 4
134 285 84 10
188 286 84 19
29 63 84 19
303 8 84 4
52 22 84 17
254 265 84 18
252 102 84 9
428 396 84 15
100 318 84 20
123 405 84 8
156 91 84 17
153 289 84 18
225 327 84 19
212 192 84 7
308 254 84 12
393 60 84 4
414 321 84 11
137 301 84 18
142 401 84 20
366 86 84 3
371 251 84 17
223 413 84 17
360 190 84 2
122 411 84 18
339 282 84 8
149 237 84 17
214 213 84 11
390 349 84 5
67 54 84 4
72 429 84 1
45 352 84 13
108 137 84 7
32 49 84 11
272 181 84 17
266 72 84 6
67 230 84 6
393 443 84 5
136 385 84 5
199 15 84 19
215 96 84 18
336 140 84 3
261 257 84 20
162 288 84 8
262 122 84 16
325 398 84 3
233 27 84 20
367 419 84 12
276 107 84 19
87 315 84 8
408 92 84 2
264 428 84 18
34 241 84 10
387 412 84 8
352 226 84 19
60 114 84 11
286 346 84 8
295 275 84 18
309 103 84 5
270 200 84 11
246 170 84 13
317 433 84 10
90 19 84 6
120 416 84 17
1 330 84 15
3 390 84 18
402 228 84 19
380 85 84 19
339 393 84 19
405 226 84 18
349 24 84 2
374 340 84 14
389 439 84 14
207 112 84 3
437 122 84 20
9 124 84 11
140 78 84 14
180 20 84 14
46 358 84 12
15 326 84 8
203 227 84 13
114 163 84 4
20 104 84 7
391 320 84 14
294 310 84 1
79 318 84 2
253 20 84 11
217 199 84 3
266 245 84 19
271 269 84 12
53 25 84 4
306 148 84 19
13 167 84 18
159 120 84 7
426 413 84 5
367 54 84 7
431 316 84 10
135 86 84 6
315 351 84 4
406 184 84 10
384 237 84 6
132 95 84 13
51 107 84 16
74 276 84 13
426 254 84 1
193 174 84 9
297 167 84 1
410 312 84 16
285 189 84 7
404 157 84 16
355 94 84 4
339 225 84 15
14 275 84 1
311 358 84 3
281 336 84 10
227 91 84 7
236 387 84 15
113 360 84 11
76 197 84 1
409 164 84 17
31 81 84 5
337 419 84 1
289 442 84 7
358 306 84 10
255 149 84 18
416 375 84 5
302 163 84 19
365 286 84 19
302 361 84 14
428 332 84 6
263 362 84 5
191 251 84 8
353 103 84 1
342 13 84 10
252 278 84 15
61 246 84 2
407 100 84 17
245 28 84 14
6 329 84 20
410 319 84 13
93 134 84 17
313 334 84 10
57 239 84 16
243 144 84 19
287 395 84 8
43 18 84 5
173 424 84 8
38 232 84 12
189 237 84 7
252 209 84 4
210 301 84 13
92 166 84 4
224 232 84 11
22 28 84 3
289 314 84 17
376 366 84 4
271 101 84 10
275 139 84 3
307 337 84 13
230 141 84 5
34 360 84 4
419 4 84 14
254 238 84 15
327 269 84 18
96 110 84 4
269 48 84 1
23 328 84 16
201 165 84 11
162 24 84 19
370 263 84 12
328 307 84 9
160 288 84 12
156 94 84 9
384 420 84 16
202 78 84 15
344 347 84 13
404 369 84 14
127 132 84 9
436 294 84 11
196 216 84 4
97 106 84 13
368 265 84 14
195 421 84 5
279 367 84 2
184 132 84 9
198 28 84 8
279 441 84 18
240 120 84 15
365 118 84 15
67 324 84 18
52 420 84 13
342 350 84 14
26 97 84 12
251 385 84 17
11 121 84 13
295 318 84 8
42 149 84 2
167 388 84 10
413 316 84 4
79 382 84 5
396 443 84 4
382 338 84 11
186 373 84 7
419 186 84 2
125 196 84 1
419 54 84 12
303 105 84 5
180 271 84 7
187 246 84 17
321 324 84 17
331 283 84 12
313 217 84 17
208 412 84 13
200 394 84 18
139 71 84 3
188 53 84 18
118 355 84 10
217 98 84 20
256 284 84 11
163 157 84 20
14 50 84 14
308 362 84 9
65 123 84 17
185 332 84 11
53 23 84 19
126 220 84 12
253 348 84 1
46 117 84 16
110 372 84 6
429 97 84 18
177 110 84 8
218 428 84 16
38 45 84 7
269 239 84 8
10 291 84 8
268 417 84 11
141 232 84 9
368 277 84 18
246 386 84 20
416 377 84 15
306 117 84 20
244 334 84 13
107 381 84 14
92 202 84 5
428 221 84 5
329 41 84 6
13 181 84 9
43 112 84 16
190 357 84 13
270 335 84 4
447 193 84 19
286 447 84 4
115 106 84 7
435 208 84 4
110 188 84 3
76 80 84 4
10 102 84 16
186 144 84 6
191 343 84 2
144 166 84 9
37 165 84 10
36 13 84 19
378 127 84 15
216 124 84 5
246 234 84 16
59 309 84 14
369 328 84 14
413 66 84 16
131 266 84 7
205 420 84 17
167 19 84 5
341 65 84 18
57 442 84 12
345 221 84 8
394 19 84 3
203 87 84 1
81 18 84 12
70 441 84 11
202 124 84 15
240 339 84 19
433 68 84 6
363 408 84 3
305 27 84 5
373 371 84 17
118 327 84 3
105 82 84 9
401 172 84 18
130 241 84 14
381 6 84 6
14 245 84 2
76 241 84 3
157 156 84 10
301 14 84 9
3 396 84 6
372 66 84 11
322 181 84 13
368 134 84 11
432 263 84 8
51 196 84 9
251 220 84 12
342 295 84 4
53 4 84 1
171 305 84 1
315 317 84 15
393 242 84 1
350 116 84 3
388 37 84 13
161 31 84 14
175 81 84 13
203 342 84 11
19 236 84 2
85 289 84 17
317 22 84 13
114 337 84 18
307 292 84 9
139 194 84 16
140 144 84 2
285 305 84 13
244 42 84 6
409 244 84 7
346 263 84 1
141 357 84 9
386 226 84 20
51 350 84 15
32 219 84 19
255 357 84 2
146 60 84 1
93 354 84 1
60 150 84 14
127 122 84 20
89 20 84 19
296 160 84 6
344 108 84 4
423 158 84 15
392 190 84 1
214 444 84 5
230 152 84 11
389 244 84 11
415 313 84 19
25 2 84 10
345 100 84 14
34 395 84 14
79 301 84 4
369 277 84 10
115 231 84 12
89 444 84 15
429 236 84 10
382 177 84 6
240 144 84 7
248 178 84 10
387 76 84 3
99 109 84 8
437 197 84 3
425 118 84 18
134 242 84 12
32 340 84 11
383 322 84 10
1 256 84 7
309 48 84 16
55 306 84 12
250 255 84 12
107 353 84 6
358 342 84 3
16 330 84 15
407 16 84 15
134 48 84 1
315 440 84 12
284 441 84 3
439 302 84 20
291 367 84 18
321 169 84 14
425 275 84 12
201 195 84 7
172 211 84 1
281 170 84 7
175 314 84 5
428 191 84 1
98 37 84 15
33 28 84 4
25 319 84 15
333 202 84 9
438 189 84 8
21 399 84 20
393 134 84 18
210 414 84 19
43 151 84 15
379 131 84 20
261 228 84 19
146 270 84 11
343 305 84 14
11 190 84 20
295 180 84 8
425 200 84 9
303 156 84 4
401 365 84 19
222 407 84 18
365 339 84 11
252 162 84 3
174 318 84 2
134 213 84 13
412 223 84 5
7 80 84 19
248 58 84 19
430 370 84 10
308 324 84 4
162 108 84 1
157 25 84 12
293 276 84 17
209 13 84 15
404 146 84 1
10 121 84 18
251 137 84 17
235 384 84 19
428 376 84 3
329 246 84 9
157 408 84 4
402 117 84 6
91 419 84 12
399 180 84 15
129 137 84 1
72 156 84 8
237 406 84 15
44 203 84 20
356 183 84 1
153 74 84 3
273 231 84 18
63 195 84 11
324 286 84 3
424 237 84 18
89 375 84 20
347 446 84 14
287 245 84 20
364 289 84 2
378 197 84 16
320 359 84 1
70 184 84 3
228 256 84 2
65 132 84 10
320 109 84 7
318 207 84 8
15 106 84 4
314 403 84 2
135 319 84 1
148 249 84 16
353 131 84 5
195 211 84 16
267 438 84 12
87 65 84 10
201 384 84 10
105 265 84 10
393 279 84 9
242 156 84 16
326 290 84 9
261 447 84 14
402 352 84 5
7 110 84 3
252 376 84 18
295 25 84 8
33 226 84 7
335 340 84 5
397 295 84 9
128 89 84 7
260 415 84 15
264 238 84 18
90 203 84 11
46 219 84 15
222 24 84 4
388 328 84 6
181 360 84 4
357 258 84 8
361 217 84 13
206 344 84 15
206 167 84 6
58 430 84 6
356 82 84 11
111 137 84 9
433 358 84 6
236 298 84 1
73 41 84 17
126 398 84 2
90 321 84 1
339 89 84 12
239 304 84 1
106 361 84 8
230 279 84 8
110 389 84 15
208 384 84 13
329 182 84 9
330 255 84 4
254 390 84 11
445 32 84 15
406 370 84 20
273 171 84 8
306 276 84 17
331 69 84 4
1 178 84 11
245 385 84 6
409 266 84 18
433 148 84 6
51 412 84 5
76 409 84 3
431 367 84 3
427 202 84 1
289 60 84 12
64 401 84 15
127 401 84 8
142 208 84 3
93 179 84 17
235 175 84 19
175 225 84 4
66 311 84 5
436 304 84 16
292 284 84 14
308 135 84 13
172 209 84 19
105 335 84 19
224 39 84 1
281 131 84 15
155 366 84 15
187 103 84 4
193 168 84 19
161 167 84 18
58 11 84 1
156 328 84 15
314 52 84 7
445 166 84 12
83 390 84 2
395 223 84 12
428 387 84 1
199 137 84 14
194 329 84 20
62 52 84 20
233 109 84 1
251 265 84 11
393 141 84 13
306 139 84 15
116 231 84 15
412 178 84 16
392 168 84 14
309 366 84 20
329 122 84 9
69 183 84 4
432 416 84 14
358 229 84 3
164 184 84 7
31 42 84 1
64 167 84 19
39 132 84 9
246 86 84 6
403 404 84 15
238 285 84 5
412 353 84 8
201 347 84 19
88 267 84 18
249 430 84 11
103 14 84 16
106 87 84 17
348 136 84 14
321 381 84 19
14 346 84 16
82 137 84 12
272 111 84 20
208 311 84 9
121 408 84 13
253 219 84 4
130 332 84 17
59 447 84 18
154 347 84 10
390 220 84 20
274 243 84 20
114 335 84 3
239 159 84 5
280 376 84 12
220 50 84 19
426 312 84 18
178 441 84 5
400 52 84 4
262 205 84 6
268 157 84 14
208 430 84 11
57 97 84 18
41 335 84 11
146 167 84 19
125 396 84 11
64 375 84 17
241 115 84 19
293 78 84 2
353 339 84 4
323 169 84 20
66 377 84 14
51 443 84 19
370 36 84 14
410 192 84 17
389 316 84 2
417 389 84 20
299 182 84 6
195 37 84 17
132 400 84 10
293 275 84 11
164 340 84 14
28 390 84 11
434 322 84 16
291 295 84 14
325 236 84 8
307 206 84 8
226 67 84 4
259 261 84 7
370 402 84 6
381 248 84 18
114 421 84 15
233 11 84 17
357 445 84 15
70 298 84 17
420 185 84 5
192 44 84 16
361 269 84 10
265 91 84 19
216 13 84 10
118 393 84 12
295 70 84 4
375 302 84 18
407 212 84 6
313 291 84 9
77 263 84 18
76 17 84 4
290 378 84 4
123 205 84 1
217 420 84 15
266 101 84 12
124 395 84 9
413 332 84 11
276 301 84 9
135 167 84 18
302 253 84 12
207 338 84 1
165 180 84 10
401 302 84 18
281 72 84 18
182 347 84 9
29 33 84 20
402 9 84 12
183 284 84 19
194 418 84 10
39 283 84 14
156 52 84 7
289 226 84 4
363 179 84 18
204 22 84 4
17 214 84 7
388 252 84 15
259 207 84 2
24 399 84 18
90 145 84 16
332 193 84 17
379 358 84 2
326 200 84 10
5 125 84 9
433 328 84 18
47 344 84 13
18 284 84 9
11 105 84 1
22 129 84 20
316 228 84 18
153 113 84 14
273 54 84 17
443 390 84 1
392 394 84 15
82 389 84 20
250 446 84 2
195 16 84 8
391 36 84 15
356 57 84 1
282 382 84 4
362 87 84 14
188 369 84 8
372 365 84 19
327 309 84 14
397 400 84 20
356 212 84 15
232 416 84 2
392 359 84 19
209 277 84 19
164 121 84 7
346 36 84 2
204 233 84 2
125 157 84 19
425 37 84 19
244 443 84 6
5 361 84 13
211 146 84 18
432 90 84 7
251 308 84 2
126 24 84 20
392 379 84 4
308 135 84 15
135 259 84 20
336 246 84 1
408 43 84 4
442 47 84 17
230 268 84 4
444 252 84 13
133 66 84 18
98 191 84 11
193 146 84 3
334 6 84 13
250 150 84 6
342 48 84 2
34 18 84 17
167 12 84 10
224 251 84 16
426 248 84 8
290 380 84 3
14 40 84 11
208 232 84 19
334 128 84 12
167 387 84 19
258 282 84 2
148 315 84 7
100 44 84 11
99 268 84 19
374 256 84 19
7 99 84 18
162 112 84 17
61 330 84 19
114 216 84 9
173 382 84 11
390 202 84 18
208 350 84 10
52 12 84 11
355 120 84 20
4 47 84 8
367 53 84 12
215 225 84 9
112 285 84 8
240 398 84 4
59 133 84 9
265 76 84 8
304 293 84 15
231 344 84 6
191 251 84 1
438 264 84 9
36 193 84 5
190 407 84 2
28 71 84 11
185 321 84 14
120 379 84 4
446 196 84 18
79 63 84 18
82 293 84 14
86 46 84 6
219 36 84 6
399 81 84 2
194 280 84 9
213 307 84 9
79 44 84 19
352 173 84 15
311 181 84 5
355 270 84 5
254 351 84 13
50 436 84 15
96 217 84 18
415 168 84 1
33 361 84 5
68 136 84 20
183 214 84 3
171 119 84 15
100 439 84 18
235 347 84 10
432 153 84 2
37 202 84 3
134 307 84 13
286 285 84 2
72 327 84 4
137 394 84 10
71 139 84 12
59 319 84 5
230 419 84 12
134 206 84 9
307 191 84 17
383 227 84 19
20 371 84 18
310 219 84 13
331 290 84 5
266 436 84 13
346 70 84 19
202 138 84 7
177 367 84 17
153 63 84 1
18 369 84 6
55 314 84 4
294 333 84 2
403 206 84 17
338 89 84 8
163 364 84 5
392 272 84 2
322 27 84 13
113 213 84 6
333 365 84 16
321 392 84 6
62 446 84 15
39 303 84 15
397 258 84 13
69 158 84 18
40 331 84 15
447 285 84 15
39 159 84 3
206 271 84 11
302 166 84 2
23 49 84 16
113 120 84 2
80 169 84 5
389 118 84 15
9 186 84 8
174 235 84 17
266 245 84 18
183 283 84 9
125 51 84 9
280 352 84 13
361 375 84 15
377 50 84 18
401 129 84 11
280 70 84 7
426 88 84 10
292 272 84 20
32 90 84 4
65 272 84 19
247 407 84 3
272 239 84 19
25 152 84 4
274 91 84 3
206 44 84 1
305 333 84 14
75 321 84 4
39 166 84 18
248 207 84 14
254 271 84 5
106 80 84 15
445 351 84 6
261 386 84 20
5 212 84 11
255 427 84 14
196 295 84 11
207 379 84 10
316 417 84 5
258 228 84 9
290 34 84 15
167 139 84 17
439 146 84 13
76 417 84 17
311 431 84 15
199 238 84 15
141 443 84 9
416 203 84 15
137 71 84 3
23 338 84 11
115 181 84 14
30 357 84 12
35 358 84 17
401 433 84 9
257 306 84 3
335 58 84 13
393 208 84 20
307 176 84 16
143 312 84 17
415 344 84 20
20 11 84 11
105 51 84 14
349 85 84 16
292 48 84 13
203 305 84 14
98 192 84 12
239 147 84 20
386 7 84 2
278 159 84 5
260 136 84 7
133 155 84 14
185 259 84 6
157 171 84 15
39 15 84 20
353 217 84 15
89 324 84 10
329 126 84 18
340 64 84 9
89 352 84 17
149 164 84 20
116 306 84 4
94 54 84 7
121 210 84 19
243 258 84 17
413 163 84 1
2 262 84 3
240 143 84 6
178 45 84 9
131 133 84 12
253 292 84 19
62 407 84 20
36 53 84 19
268 184 84 1
223 426 84 1
202 391 84 4
397 393 84 2
22 195 84 18
229 372 84 13
43 66 84 10
227 328 84 3
128 399 84 2
335 434 84 19
147 254 84 1
189 39 84 14
30 250 84 8
44 200 84 19
329 231 84 8
310 13 84 3
345 55 84 2
65 281 84 17
87 419 84 4
78 306 84 17
121 15 84 16
358 203 84 17
116 233 84 18
284 286 84 18
398 178 84 11
269 40 84 3
64 384 84 14
382 11 84 16
132 107 84 6
281 184 84 16
417 305 84 12
379 215 84 8
379 340 84 15
182 186 84 16
194 146 84 13
437 414 84 15
244 31 84 14
116 422 84 20
268 106 84 10
401 387 84 3
392 366 84 20
407 307 84 2
178 238 84 14
181 430 84 3
33 186 84 1
71 175 84 13
149 429 84 15
172 97 84 20
216 374 84 1
367 327 84 4
254 281 84 14
8 250 84 2
443 428 84 8
323 161 84 6
388 203 84 13
152 284 84 18
340 432 84 17
120 156 84 15
322 372 84 11
182 301 84 18
1 107 84 11
185 124 84 18
228 119 84 1
71 441 84 18
344 381 84 6
375 96 84 16
133 445 84 3
330 117 84 12
175 1 84 3
394 192 84 5
54 192 84 12
5 376 84 11
205 156 84 7
385 227 84 9
288 133 84 4
414 60 84 11
366 202 84 3
302 84 84 18
414 259 84 17
2 205 84 6
348 258 84 14
352 262 84 12
43 29 84 11
298 413 84 13
110 264 84 4
312 230 84 16
172 159 84 6
29 23 84 16
12 436 84 7
443 1 84 14
182 358 84 2
112 262 84 15
437 314 84 8
14 175 84 15
284 294 84 12
249 158 84 12
273 339 84 7
52 367 84 15
371 378 84 18
64 384 84 4
408 118 84 5
125 239 84 5
124 228 84 13
142 252 84 9
135 98 84 5
401 347 84 12
12 172 84 12
229 233 84 19
31 166 84 15
258 239 84 3
59 199 84 13
206 334 84 18
188 10 84 17
27 161 84 17
49 295 84 18
365 258 84 14
400 280 84 12
337 61 84 7
192 91 84 16
435 358 84 15
167 426 84 15
16 185 84 3
113 372 84 1
1 408 84 7
139 20 84 13
375 394 84 4
73 346 84 1
390 245 84 2
55 437 84 1
332 424 84 16
401 144 84 13
232 169 84 18
405 292 84 15
141 292 84 7
48 440 84 4
259 378 84 2
290 3 84 13
144 402 84 7
67 9 84 8
101 341 84 10
35 304 84 6
404 88 84 8
74 46 84 18
115 196 84 8
136 253 84 19
167 74 84 7
143 364 84 17
28 70 84 2
168 146 84 14
296 246 84 14
411 280 84 4
242 247 84 1
232 330 84 17
75 444 84 8
220 132 84 15
357 308 84 16
424 4 84 5
46 41 84 11
80 208 84 7
133 67 84 15
88 40 84 20
347 282 84 16
247 76 84 4
201 150 84 18
351 379 84 5
317 288 84 7
346 274 84 19
301 330 84 1
325 419 84 2
57 104 84 19
25 192 84 13
283 101 84 20
339 347 84 16
288 101 84 10
232 14 84 11
328 330 84 19
285 238 84 2
244 101 84 7
254 435 84 15
25 45 84 1
318 69 84 1
204 361 84 18
371 253 84 6
166 103 84 20
121 344 84 19
17 225 84 7
200 72 84 13
210 315 84 11
112 132 84 17
423 156 84 3
400 36 84 11
131 240 84 19
409 173 84 16
140 339 84 5
438 22 84 16
303 38 84 4
50 247 84 16
54 20 84 2
159 131 84 3
262 106 84 12
408 58 84 8
186 198 84 6
335 160 84 13
288 309 84 17
354 300 84 15
316 155 84 1
55 214 84 2
322 277 84 10
19 436 84 11
285 260 84 13
278 220 84 14
307 416 84 8
128 313 84 15
132 153 84 8
26 59 84 11
399 374 84 18
361 438 84 11
133 322 84 11
361 341 84 19
283 188 84 12
320 18 84 4
414 335 84 6
269 25 84 16
283 156 84 10
169 182 84 15
353 133 84 8
255 56 84 2
369 189 84 14
323 102 84 8
265 394 84 15
29 266 84 10
13 243 84 1
421 64 84 5
248 357 84 5
237 88 84 15
294 440 84 5
288 247 84 4
273 179 84 4
132 54 84 6
341 329 84 14
300 357 84 18
276 369 84 13
150 343 84 10
48 153 84 2
101 399 84 17
336 245 84 5
275 86 84 9
270 368 84 18
443 62 84 10
291 402 84 8
95 264 84 3
164 102 84 9
29 251 84 1
424 298 84 14
281 409 84 13
235 297 84 1
181 134 84 16
374 404 84 20
308 409 84 18
306 262 84 17
174 356 84 11
409 73 84 13
119 111 84 1
180 97 84 13
404 387 84 3
131 174 84 17
123 354 84 12
200 281 84 18
197 151 84 14
265 9 84 15
297 193 84 16
145 164 84 12
95 282 84 11
305 25 84 10
365 438 84 2
397 121 84 15
277 244 84 2
311 6 84 14
291 213 84 8
253 30 84 3
19 327 84 1
150 24 84 12
364 118 84 18
240 432 84 18
223 350 84 6
144 309 84 6
239 148 84 19
250 12 84 20
94 312 84 19
108 117 84 5
121 135 84 15
346 295 84 19
288 221 84 12
74 13 84 16
331 245 84 14
141 399 84 9
71 200 84 9
255 2 84 18
7 105 84 1
418 212 84 2
411 343 84 9
304 251 84 4
210 91 84 3
253 164 84 16
281 57 84 6
221 197 84 13
22 278 84 4
418 95 84 12
377 101 84 10
201 81 84 13
142 54 84 20
227 357 84 19
169 129 84 4
321 392 84 14
58 225 84 4
40 9 84 5
430 30 84 9
125 447 84 19
268 377 84 2
78 130 84 8
110 281 84 13
46 60 84 5
223 228 84 8
64 111 84 19
68 169 84 5
128 218 84 18
405 201 84 10
65 325 84 19
266 146 84 5
130 233 84 4
84 352 84 15
92 398 84 8
9 183 84 4
64 246 84 11
64 323 84 10
288 14 84 14
83 418 84 6
354 46 84 1
188 311 84 3
398 4 84 1
301 97 84 6
37 188 84 3
279 206 84 10
312 280 84 9
19 343 84 15
340 183 84 2
432 275 84 6
277 181 84 16
10 369 84 2
334 319 84 4
17 172 84 9
52 218 84 15
36 50 84 4
223 371 84 5
209 399 84 8
80 292 84 9
411 286 84 5
265 126 84 18
175 135 84 13
395 31 84 18
191 48 84 18
73 99 84 5
163 144 84 20
12 367 84 6
149 138 84 12
182 227 84 1
396 190 84 14
1 17 84 7
233 201 84 13
396 158 84 2
430 348 84 7
199 431 84 17
196 146 84 3
251 157 84 17
230 316 84 8
171 50 84 10
402 445 84 8
35 8 84 7
230 240 84 4
132 188 84 2
55 181 84 2
34 389 84 15
122 137 84 7
353 388 84 11
56 180 84 2
363 350 84 20
2 315 84 5
287 349 84 3
141 142 84 1
206 273 84 13
429 337 84 15
115 371 84 16
221 55 84 14
35 407 84 7
16 15 84 12
322 387 84 10
220 388 84 4
126 227 84 19
49 377 84 10
211 136 84 13
124 127 84 16
217 241 84 11
262 14 84 14
6 58 84 19
147 84 84 14
20 405 84 6
253 188 84 8
353 323 84 15
355 371 84 10
60 134 84 11
38 268 84 4
363 47 84 2
163 318 84 15
18 323 84 5
288 32 84 11
126 52 84 2
359 314 84 20
86 220 84 10
48 127 84 6
387 196 84 4
424 234 84 13
140 159 84 3
96 321 84 12
75 348 84 7
122 189 84 12
251 324 84 12
338 235 84 16
175 330 84 10
334 378 84 9
416 327 84 10
195 314 84 2
250 6 84 12
342 112 84 11
315 186 84 15
163 307 84 20
52 121 84 3
440 11 84 2
257 196 84 11
293 92 84 10
18 71 84 8
385 275 84 14
102 77 84 15
433 429 84 1
181 296 84 10
297 11 84 5
143 72 84 18
323 74 84 2
300 330 84 7
159 175 84 2
396 202 84 5
75 140 84 3
67 251 84 5
74 246 84 16
203 427 84 20
70 286 84 11
253 428 84 12
120 313 84 8
444 165 84 12
79 324 84 7
262 282 84 11
69 366 84 11
149 442 84 4
316 78 84 10
17 280 84 10
13 359 84 19
29 175 84 8
127 294 84 13
288 300 84 13
341 378 84 12
132 192 84 19
125 260 84 13
266 419 84 7
221 287 84 16
421 304 84 11
153 316 84 11
180 355 84 11
197 34 84 1
80 331 84 10
138 234 84 4
91 376 84 8
316 53 84 8
21 328 84 5
168 101 84 15
392 74 84 18
1 236 84 1
426 425 84 5
121 175 84 10
119 264 84 19
416 401 84 3
206 55 84 9
198 370 84 19
2 400 84 4
224 130 84 18
295 74 84 16
233 85 84 13
39 63 84 13
209 194 84 14
422 322 84 16
81 301 84 5
420 69 84 11
241 266 84 5
123 277 84 19
343 63 84 5
207 358 84 8
154 143 84 8
346 191 84 19
69 399 84 10
413 383 84 1
137 16 84 2
261 435 84 16
2 238 84 13
112 371 84 10
184 266 84 1
386 35 84 14
215 198 84 6
137 107 84 17
132 175 84 3
330 151 84 13
403 297 84 9
348 110 84 2
362 121 84 19
195 232 84 4
314 425 84 8
48 364 84 19
140 141 84 2
393 277 84 4
390 409 84 5
337 301 84 19
230 256 84 5
137 167 84 7
42 81 84 7
195 285 84 17
270 151 84 8
184 199 84 15
133 348 84 18
289 303 84 16
104 245 84 8
103 135 84 15
263 374 84 8
271 63 84 10
