2000 666
230 125 36 8
63 263 36 10
400 388 36 13
345 420 36 16
304 394 36 5
88 64 36 10
67 319 36 15
22 58 36 4
332 303 36 1
22 181 36 1
252 420 36 12
260 35 36 10
83 434 36 7
63 341 36 16
400 198 36 11
207 295 36 3
107 362 36 7
425 393 36 11
252 287 36 4
360 319 36 18
425 133 36 17
166 402 36 11
180 37 36 14
133 109 36 17
69 71 36 17
408 288 36 7
354 394 36 18
191 371 36 14
75 185 36 3
272 108 36 13
203 85 36 7
106 260 36 12
43 439 36 9
424 135 36 12
262 203 36 2
296 164 36 9
178 80 36 2
431 280 36 6
183 354 36 18
231 189 36 5
160 391 36 12
211 49 36 18
226 101 36 18
287 88 36 5
10 349 36 18
251 207 36 8
341 385 36 9
378 368 36 7
339 113 36 5
57 353 36 5
319 65 36 17
228 285 36 9
406 73 36 19
129 360 36 13
433 379 36 19
66 182 36 14
308 76 36 15
203 16 36 7
376 364 36 1
9 420 36 5
287 291 36 13
51 81 36 9
330 40 36 2
253 178 36 7
272 164 36 15
203 239 36 1
340 109 36 12
414 311 36 1
418 240 36 7
88 258 36 5
121 98 36 13
228 158 36 8
182 41 36 13
219 303 36 13
168 127 36 3
49 339 36 1
131 231 36 18
288 197 36 12
13 168 36 8
102 265 36 6
174 395 36 7
89 185 36 3
94 367 36 17
149 148 36 12
381 316 36 12
329 374 36 17
78 57 36 2
382 344 36 19
113 366 36 9
93 31 36 20
341 204 36 2
238 302 36 1
293 395 36 11
388 96 36 13
348 29 36 4
445 367 36 7
433 7 36 6
204 399 36 20
182 74 36 9
327 167 36 4
300 70 36 5
220 307 36 8
324 153 36 13
358 103 36 11
102 14 36 8
161 11 36 4
156 6 36 17
207 209 36 19
164 401 36 13
49 290 36 19
412 142 36 2
93 371 36 1
76 258 36 9
6 178 36 2
41 279 36 12
115 2 36 14
119 157 36 4
129 363 36 16
100 89 36 7
134 147 36 9
345 121 36 11
187 224 36 12
336 299 36 18
200 304 36 15
167 354 36 19
146 32 36 1
146 150 36 19
160 288 36 10
383 387 36 13
122 83 36 9
151 427 36 8
331 177 36 20
444 75 36 4
368 275 36 8
31 441 36 19
420 139 36 19
372 294 36 4
24 17 36 14
57 399 36 3
189 84 36 7
20 244 36 6
418 137 36 12
156 143 36 5
191 63 36 6
93 94 36 8
348 76 36 11
187 447 36 7
185 33 36 5
23 100 36 20
257 288 36 9
126 307 36 9
432 287 36 14
20 442 36 3
140 196 36 7
76 288 36 7
26 188 36 18
114 384 36 8
58 121 36 17
9 153 36 17
378 409 36 1
393 97 36 9
194 82 36 16
151 101 36 7
240 240 36 12
402 326 36 3
220 351 36 6
123 17 36 19
26 84 36 9
408 102 36 17
5 32 36 9
336 424 36 11
79 180 36 1
108 340 36 10
152 133 36 5
381 97 36 1
13 327 36 9
299 2 36 7
64 27 36 14
406 434 36 5
16 438 36 13
44 336 36 4
159 414 36 8
354 85 36 12
213 236 36 4
322 180 36 6
308 202 36 11
198 54 36 8
123 127 36 6
122 86 36 19
233 111 36 9
375 155 36 14
66 323 36 16
384 239 36 17
148 15 36 7
43 336 36 6
55 196 36 8
383 403 36 17
266 89 36 3
175 220 36 15
80 5 36 1
433 389 36 16
228 8 36 7
436 401 36 10
291 101 36 19
381 154 36 18
204 208 36 12
228 144 36 8
315 419 36 14
81 146 36 15
380 235 36 6
362 231 36 1
41 11 36 2
52 446 36 8
311 289 36 12
128 222 36 8
279 435 36 13
199 215 36 14
75 92 36 14
48 173 36 2
241 105 36 5
2 19 36 18
151 69 36 19
317 130 36 19
446 440 36 10
219 130 36 6
155 419 36 14
299 170 36 11
148 254 36 15
416 312 36 19
391 105 36 10
164 116 36 8
167 266 36 20
180 145 36 12
201 144 36 13
73 372 36 3
167 80 36 10
258 388 36 5
126 98 36 1
76 76 36 18
208 20 36 14
7 193 36 16
271 360 36 2
176 92 36 19
210 303 36 9
247 375 36 7
413 94 36 13
103 361 36 19
419 40 36 19
95 125 36 17
92 333 36 8
194 349 36 8
411 173 36 1
9 348 36 9
199 121 36 11
95 367 36 20
363 332 36 16
262 444 36 2
122 415 36 3
69 73 36 17
101 164 36 15
163 357 36 6
427 330 36 8
146 339 36 20
423 100 36 14
109 195 36 2
169 120 36 18
332 391 36 19
409 65 36 14
88 143 36 10
339 254 36 16
37 416 36 19
84 395 36 20
303 103 36 6
433 88 36 3
245 196 36 2
424 374 36 10
49 259 36 11
118 230 36 17
154 328 36 12
272 219 36 18
106 255 36 14
297 339 36 7
371 204 36 17
345 199 36 9
429 444 36 20
270 430 36 11
220 31 36 20
124 148 36 8
92 311 36 18
212 135 36 10
129 241 36 7
23 90 36 9
322 23 36 3
285 378 36 18
346 359 36 10
156 182 36 13
349 411 36 12
363 97 36 3
159 198 36 5
293 410 36 1
197 101 36 17
366 133 36 3
436 17 36 8
263 312 36 8
298 210 36 17
339 375 36 17
362 276 36 9
415 201 36 14
179 360 36 10
264 215 36 7
26 411 36 3
38 340 36 3
139 328 36 7
273 143 36 18
337 3 36 16
323 341 36 14
42 255 36 12
192 233 36 11
2 421 36 9
9 237 36 4
435 272 36 5
77 309 36 15
298 11 36 18
89 283 36 19
191 183 36 17
56 58 36 3
305 109 36 19
382 301 36 7
213 312 36 9
413 320 36 19
390 307 36 11
331 393 36 19
163 243 36 20
323 332 36 17
189 75 36 6
67 140 36 19
285 7 36 17
331 389 36 19
162 164 36 19
424 130 36 6
38 82 36 18
370 412 36 17
127 128 36 9
341 3 36 17
401 201 36 2
195 267 36 18
47 115 36 20
17 445 36 10
287 160 36 6
431 146 36 9
447 183 36 2
332 105 36 20
162 232 36 19
234 135 36 8
201 88 36 12
252 283 36 13
442 339 36 20
202 355 36 15
350 204 36 13
225 197 36 2
228 196 36 12
323 90 36 14
373 251 36 9
112 37 36 16
301 247 36 1
244 51 36 12
16 56 36 8
359 267 36 5
252 180 36 1
315 404 36 10
75 184 36 5
28 60 36 15
85 442 36 8
373 106 36 4
358 407 36 1
441 213 36 2
369 238 36 6
188 149 36 12
371 410 36 20
320 287 36 16
18 362 36 20
378 399 36 14
370 36 36 17
175 418 36 12
17 338 36 13
115 332 36 12
273 263 36 5
40 4 36 7
73 374 36 8
285 257 36 18
16 284 36 9
377 215 36 13
371 147 36 15
358 322 36 15
4 348 36 8
76 25 36 7
360 297 36 3
434 346 36 2
209 418 36 20
414 265 36 10
1 280 36 9
406 220 36 4
315 143 36 17
259 63 36 8
183 67 36 12
434 152 36 13
133 65 36 9
104 51 36 8
68 270 36 3
425 236 36 19
145 236 36 17
158 204 36 15
385 71 36 7
311 339 36 1
112 74 36 9
269 70 36 19
14 212 36 17
45 315 36 19
431 392 36 4
351 370 36 11
89 77 36 5
116 234 36 14
362 171 36 10
313 34 36 11
326 155 36 19
416 434 36 2
210 447 36 17
68 54 36 20
433 47 36 18
174 398 36 16
149 39 36 11
370 154 36 3
356 78 36 7
413 390 36 16
360 278 36 12
391 256 36 16
54 18 36 4
375 95 36 12
117 91 36 4
261 264 36 17
326 422 36 6
31 354 36 7
415 263 36 6
76 228 36 5
227 150 36 20
95 93 36 9
397 146 36 20
250 74 36 19
167 200 36 7
130 13 36 20
53 349 36 16
24 379 36 13
158 356 36 15
369 431 36 20
85 220 36 2
88 315 36 1
337 264 36 16
177 76 36 17
101 242 36 3
125 381 36 14
422 443 36 15
236 19 36 20
414 186 36 12
407 107 36 8
190 201 36 5
123 289 36 5
158 188 36 8
338 364 36 5
165 27 36 13
181 161 36 1
229 135 36 11
169 381 36 18
59 347 36 10
295 317 36 2
78 69 36 20
80 191 36 6
406 348 36 16
111 249 36 3
328 413 36 7
350 156 36 4
316 384 36 3
267 115 36 13
246 174 36 18
421 31 36 11
256 108 36 11
301 197 36 13
187 165 36 19
270 275 36 6
260 156 36 18
287 68 36 13
37 383 36 13
358 212 36 11
176 11 36 12
350 441 36 15
393 249 36 18
57 102 36 7
369 298 36 4
145 121 36 10
168 390 36 20
167 239 36 6
320 275 36 18
420 186 36 20
198 371 36 15
158 273 36 20
149 218 36 19
248 284 36 9
116 206 36 1
138 350 36 4
445 80 36 12
23 246 36 10
116 129 36 3
154 111 36 4
403 308 36 6
226 19 36 18
42 177 36 2
116 434 36 16
292 102 36 5
319 250 36 11
18 247 36 20
117 270 36 16
445 395 36 9
163 101 36 7
66 66 36 3
349 301 36 10
10 342 36 14
335 11 36 3
49 312 36 17
426 183 36 6
267 211 36 11
198 327 36 16
375 334 36 6
232 49 36 6
200 124 36 12
39 35 36 5
352 44 36 18
405 378 36 8
435 437 36 3
129 425 36 17
72 254 36 20
271 5 36 15
303 379 36 17
281 163 36 14
370 373 36 11
77 421 36 15
94 325 36 17
16 283 36 12
395 280 36 13
202 418 36 12
191 52 36 16
390 332 36 19
31 187 36 1
6 21 36 2
40 400 36 17
207 29 36 20
398 132 36 1
196 148 36 12
382 95 36 8
109 296 36 13
271 49 36 4
239 438 36 3
221 22 36 19
134 27 36 12
209 76 36 16
220 282 36 6
203 233 36 14
64 438 36 14
227 382 36 17
222 54 36 4
187 324 36 13
213 125 36 13
124 355 36 8
221 41 36 18
348 259 36 3
427 31 36 7
97 234 36 15
345 307 36 3
304 97 36 4
367 318 36 1
278 68 36 18
248 280 36 10
209 413 36 15
200 186 36 5
218 86 36 5
312 75 36 9
250 171 36 11
420 69 36 11
153 382 36 1
258 301 36 8
416 131 36 7
13 389 36 9
191 160 36 10
286 359 36 18
421 130 36 14
368 4 36 15
355 263 36 20
128 245 36 9
217 397 36 8
413 208 36 5
32 176 36 15
165 199 36 3
140 399 36 9
91 238 36 13
228 211 36 3
13 131 36 10
319 38 36 16
349 175 36 11
10 402 36 9
52 367 36 6
404 408 36 10
440 125 36 17
426 274 36 20
125 365 36 10
192 145 36 7
388 157 36 10
150 28 36 5
174 377 36 20
442 396 36 15
222 11 36 14
210 414 36 4
383 416 36 3
317 395 36 8
202 82 36 19
325 283 36 14
221 223 36 10
257 372 36 9
341 98 36 15
153 102 36 16
375 333 36 6
70 95 36 1
181 30 36 9
417 356 36 11
32 111 36 16
11 435 36 16
144 218 36 5
433 37 36 20
312 378 36 20
131 83 36 15
355 10 36 13
132 89 36 1
332 270 36 18
54 239 36 2
170 270 36 3
387 290 36 19
439 443 36 16
266 428 36 7
17 302 36 9
332 442 36 9
301 349 36 2
156 33 36 16
115 375 36 12
113 428 36 16
20 151 36 3
37 100 36 11
51 92 36 17
292 357 36 10
123 384 36 11
330 278 36 5
183 132 36 17
55 297 36 14
15 421 36 18
255 86 36 1
285 106 36 8
148 142 36 2
309 203 36 7
19 47 36 15
165 169 36 20
166 52 36 9
182 244 36 9
99 298 36 12
48 322 36 18
382 139 36 17
249 424 36 13
276 134 36 16
412 5 36 5
193 23 36 7
340 198 36 11
423 373 36 3
346 107 36 7
411 205 36 12
324 263 36 14
211 207 36 7
193 8 36 8
290 293 36 19
81 257 36 11
75 2 36 3
125 341 36 6
343 326 36 14
176 235 36 6
251 198 36 16
187 84 36 4
7 304 36 12
402 49 36 20
347 338 36 15
424 429 36 2
69 56 36 17
194 190 36 4
68 85 36 16
315 260 36 20
232 74 36 9
353 260 36 2
299 276 36 2
441 240 36 19
163 139 36 3
177 126 36 16
447 194 36 15
282 387 36 6
31 8 36 11
105 332 36 14
413 116 36 20
44 21 36 13
205 329 36 6
223 332 36 17
300 47 36 15
267 223 36 1
225 233 36 13
248 77 36 15
13 107 36 7
309 211 36 2
438 186 36 15
183 229 36 3
197 434 36 11
49 219 36 20
131 71 36 11
361 337 36 20
269 124 36 18
380 381 36 13
441 393 36 7
72 265 36 9
35 255 36 4
113 1 36 6
231 207 36 3
221 256 36 20
106 396 36 17
37 309 36 6
200 140 36 16
139 82 36 19
164 86 36 6
295 157 36 6
190 191 36 12
271 313 36 4
143 107 36 6
11 337 36 14
97 442 36 13
254 41 36 9
311 241 36 6
44 389 36 12
167 105 36 6
246 399 36 6
142 152 36 20
303 432 36 4
26 127 36 15
393 147 36 19
141 253 36 1
274 60 36 9
268 370 36 8
421 423 36 3
199 152 36 10
71 408 36 4
100 102 36 8
330 414 36 2
435 440 36 3
199 395 36 13
309 89 36 7
414 372 36 18
123 203 36 7
81 176 36 9
418 384 36 15
431 8 36 9
396 117 36 8
65 446 36 5
165 443 36 10
401 204 36 4
346 66 36 9
97 42 36 17
363 174 36 7
105 255 36 4
288 235 36 13
176 218 36 10
34 167 36 8
441 241 36 20
377 406 36 7
315 369 36 17
210 268 36 19
194 374 36 1
112 289 36 9
222 393 36 5
70 244 36 8
302 419 36 15
94 6 36 10
3 9 36 4
367 385 36 17
289 262 36 19
415 24 36 7
159 217 36 15
402 328 36 13
371 112 36 18
157 182 36 20
187 36 36 5
434 140 36 20
401 152 36 5
171 81 36 12
356 369 36 2
15 337 36 10
389 58 36 18
241 12 36 20
392 392 36 16
52 111 36 8
401 297 36 8
275 284 36 2
174 247 36 13
81 427 36 12
382 335 36 18
60 349 36 6
199 300 36 14
127 104 36 8
392 48 36 2
322 99 36 18
443 53 36 17
163 337 36 7
31 74 36 1
41 154 36 10
140 99 36 14
161 158 36 20
81 366 36 17
69 55 36 13
68 447 36 16
11 331 36 18
75 327 36 20
446 52 36 18
205 82 36 10
211 132 36 12
195 272 36 4
87 442 36 11
317 86 36 9
409 154 36 1
158 221 36 17
411 241 36 20
325 326 36 10
292 324 36 6
158 81 36 18
107 301 36 13
209 59 36 12
420 145 36 12
341 24 36 1
190 432 36 9
84 152 36 7
444 125 36 4
231 3 36 10
353 294 36 13
90 14 36 20
365 120 36 10
334 338 36 18
128 320 36 13
373 213 36 18
256 403 36 2
302 49 36 4
121 46 36 5
190 286 36 13
128 191 36 4
408 290 36 11
322 217 36 11
100 104 36 15
382 241 36 12
362 176 36 10
374 441 36 19
371 295 36 11
83 425 36 9
366 167 36 17
204 304 36 4
335 275 36 17
52 149 36 11
335 258 36 4
71 203 36 15
127 117 36 19
406 53 36 16
192 424 36 6
37 59 36 3
384 434 36 15
122 190 36 18
61 87 36 10
289 138 36 10
296 35 36 18
407 105 36 1
320 242 36 3
399 200 36 2
33 401 36 18
419 1 36 19
334 394 36 1
416 69 36 12
365 129 36 19
140 427 36 4
64 275 36 5
266 244 36 20
212 117 36 1
285 78 36 1
410 120 36 19
74 91 36 12
253 425 36 12
418 393 36 8
335 320 36 3
338 13 36 13
31 86 36 13
205 351 36 13
56 116 36 1
149 410 36 19
440 382 36 11
248 18 36 13
66 270 36 1
268 250 36 1
110 147 36 9
81 37 36 20
30 67 36 11
274 281 36 10
305 336 36 11
14 37 36 16
248 40 36 14
164 297 36 6
160 363 36 2
144 193 36 2
83 302 36 17
341 392 36 17
165 422 36 5
74 258 36 9
343 115 36 5
281 139 36 8
190 396 36 8
44 112 36 15
351 271 36 11
44 424 36 16
442 59 36 1
103 400 36 18
236 117 36 10
446 200 36 9
41 95 36 1
429 385 36 5
407 138 36 4
423 181 36 4
299 94 36 1
90 147 36 17
83 152 36 14
378 254 36 2
180 42 36 8
403 50 36 18
446 101 36 10
157 82 36 13
16 51 36 8
270 27 36 16
198 335 36 15
397 425 36 13
135 60 36 5
378 447 36 7
137 179 36 8
21 144 36 3
105 153 36 10
293 309 36 17
428 335 36 18
264 167 36 2
289 365 36 19
408 324 36 2
227 11 36 2
206 388 36 9
439 87 36 2
266 108 36 12
162 222 36 6
149 77 36 16
237 67 36 7
365 330 36 6
83 182 36 3
135 142 36 19
164 368 36 14
272 127 36 9
370 118 36 7
220 393 36 18
213 117 36 8
368 275 36 10
384 64 36 4
298 429 36 3
378 64 36 1
395 198 36 12
278 371 36 2
181 195 36 14
34 128 36 7
431 357 36 8
41 132 36 15
329 52 36 15
246 435 36 14
230 295 36 11
116 235 36 11
173 182 36 20
381 12 36 19
73 202 36 14
338 246 36 20
283 239 36 15
183 280 36 6
200 161 36 10
44 407 36 14
408 199 36 18
297 314 36 13
268 49 36 15
437 439 36 12
91 65 36 7
387 402 36 11
373 238 36 18
268 430 36 6
294 182 36 6
381 235 36 2
19 196 36 14
398 55 36 20
117 332 36 16
28 321 36 1
398 412 36 9
75 351 36 5
17 287 36 2
187 107 36 19
200 411 36 4
373 344 36 9
68 372 36 9
418 322 36 6
187 2 36 11
4 29 36 14
269 426 36 3
152 63 36 15
436 89 36 8
83 276 36 16
159 38 36 9
417 420 36 12
36 50 36 13
296 20 36 11
174 216 36 17
393 219 36 5
38 50 36 8
95 201 36 2
75 199 36 19
341 291 36 7
266 3 36 12
155 419 36 3
387 17 36 1
106 313 36 7
157 49 36 8
219 441 36 3
310 31 36 20
389 135 36 5
103 219 36 16
343 112 36 4
421 378 36 18
99 85 36 13
206 34 36 19
362 149 36 15
100 306 36 15
53 87 36 13
234 396 36 18
18 347 36 10
12 3 36 9
204 345 36 16
250 329 36 9
298 437 36 13
328 196 36 15
374 110 36 15
285 220 36 8
254 272 36 10
216 69 36 16
218 86 36 3
365 97 36 15
274 310 36 18
304 123 36 11
264 430 36 5
318 310 36 5
415 236 36 19
203 83 36 6
317 336 36 5
70 114 36 17
218 332 36 2
276 249 36 8
346 85 36 10
314 398 36 4
182 224 36 7
30 104 36 2
83 71 36 13
256 284 36 20
210 153 36 11
436 232 36 20
283 2 36 2
225 288 36 2
273 186 36 7
194 62 36 14
236 244 36 1
271 283 36 6
169 366 36 17
302 184 36 14
70 393 36 16
184 392 36 12
412 237 36 10
86 25 36 11
9 307 36 1
37 53 36 11
15 299 36 2
216 122 36 6
74 290 36 20
3 144 36 10
224 224 36 6
161 407 36 11
318 371 36 9
40 10 36 6
59 28 36 1
254 74 36 14
73 88 36 18
135 304 36 3
32 377 36 9
315 389 36 10
323 176 36 4
297 336 36 5
215 206 36 10
380 256 36 15
111 314 36 1
159 130 36 16
270 202 36 3
231 346 36 8
314 388 36 4
260 255 36 6
359 140 36 13
234 437 36 20
68 214 36 11
283 146 36 14
70 267 36 7
332 435 36 8
220 257 36 13
205 41 36 5
47 364 36 12
275 176 36 2
7 97 36 4
362 330 36 8
157 408 36 4
158 243 36 7
424 313 36 20
120 207 36 11
392 436 36 4
428 193 36 2
373 249 36 15
268 76 36 14
417 93 36 10
269 7 36 8
109 163 36 2
173 331 36 13
393 307 36 18
431 436 36 18
10 390 36 16
303 381 36 6
188 316 36 9
437 137 36 6
435 106 36 4
72 374 36 19
48 46 36 19
432 228 36 17
174 173 36 6
238 157 36 6
71 176 36 10
329 41 36 16
342 229 36 16
157 228 36 12
58 215 36 17
40 296 36 16
49 354 36 15
210 348 36 9
264 84 36 18
177 331 36 8
99 401 36 9
411 282 36 2
208 176 36 3
321 343 36 6
133 400 36 10
61 2 36 2
362 50 36 19
271 269 36 6
407 85 36 3
269 272 36 11
297 370 36 7
64 343 36 18
328 104 36 10
373 434 36 2
198 130 36 12
258 190 36 15
177 114 36 3
1 394 36 20
173 353 36 8
437 185 36 11
128 44 36 2
228 117 36 8
163 444 36 3
283 369 36 10
308 130 36 5
275 387 36 16
253 126 36 6
291 127 36 13
141 299 36 18
95 288 36 5
320 425 36 13
30 206 36 4
83 378 36 17
239 213 36 8
392 73 36 9
226 357 36 13
250 172 36 3
396 16 36 8
42 166 36 6
50 270 36 7
232 142 36 19
20 181 36 3
372 264 36 1
274 65 36 2
97 9 36 7
49 245 36 19
397 47 36 4
424 5 36 13
140 56 36 1
154 105 36 15
9 346 36 1
308 366 36 17
355 290 36 1
342 126 36 3
104 222 36 6
395 270 36 9
148 230 36 4
82 216 36 8
42 356 36 19
176 72 36 4
133 90 36 17
240 397 36 1
71 304 36 3
175 208 36 1
354 311 36 12
94 258 36 14
78 415 36 18
118 50 36 10
162 101 36 6
272 276 36 11
50 418 36 2
163 211 36 19
204 281 36 14
97 19 36 9
116 372 36 7
357 18 36 4
430 95 36 12
295 222 36 20
375 383 36 8
374 218 36 13
7 267 36 12
166 439 36 19
275 195 36 6
261 291 36 8
444 417 36 16
53 326 36 7
377 308 36 17
222 165 36 5
125 102 36 2
129 28 36 15
418 44 36 15
230 210 36 18
253 47 36 8
119 307 36 8
3 313 36 9
268 366 36 3
113 305 36 15
62 89 36 14
232 214 36 17
347 352 36 3
243 322 36 20
414 114 36 11
120 366 36 18
39 37 36 9
249 49 36 18
438 326 36 10
58 1 36 20
442 72 36 9
96 313 36 7
299 223 36 6
102 18 36 14
385 431 36 18
441 113 36 18
96 162 36 5
67 420 36 4
351 411 36 4
106 21 36 5
176 26 36 5
344 121 36 6
268 429 36 12
116 83 36 10
275 31 36 14
110 34 36 15
311 139 36 19
112 205 36 5
418 119 36 14
145 234 36 8
330 419 36 12
140 315 36 19
272 145 36 11
179 260 36 4
103 97 36 15
30 207 36 2
70 80 36 14
281 201 36 12
8 171 36 12
164 326 36 15
341 218 36 2
96 367 36 19
419 191 36 6
286 369 36 18
245 34 36 18
245 64 36 6
267 133 36 19
438 414 36 3
366 431 36 3
422 147 36 4
254 41 36 10
68 136 36 8
197 117 36 1
23 412 36 14
108 220 36 6
290 17 36 1
251 293 36 5
292 283 36 17
96 211 36 1
80 185 36 15
390 2 36 13
33 69 36 6
42 265 36 14
252 287 36 9
384 405 36 16
102 257 36 9
340 61 36 10
263 352 36 15
163 447 36 5
55 89 36 1
104 31 36 11
193 73 36 8
428 115 36 17
342 366 36 1
220 312 36 16
338 413 36 7
24 315 36 12
3 141 36 1
285 313 36 16
320 367 36 12
102 24 36 3
323 216 36 20
185 206 36 9
311 100 36 14
277 330 36 18
220 220 36 16
410 253 36 10
222 266 36 7
386 103 36 20
121 422 36 1
382 76 36 9
237 408 36 4
164 145 36 10
215 9 36 6
194 295 36 19
38 68 36 5
295 40 36 12
429 261 36 2
256 199 36 1
395 320 36 9
16 264 36 3
108 63 36 12
435 226 36 5
73 3 36 9
258 207 36 16
335 244 36 10
194 91 36 1
316 82 36 13
255 337 36 1
297 294 36 18
322 310 36 15
433 427 36 1
58 414 36 9
294 39 36 5
91 297 36 8
192 194 36 7
371 398 36 12
141 266 36 10
172 83 36 5
412 379 36 6
86 254 36 4
24 239 36 20
25 306 36 17
271 162 36 8
62 252 36 15
70 7 36 12
321 387 36 18
225 80 36 9
211 252 36 6
87 226 36 3
266 311 36 15
297 345 36 20
317 379 36 11
303 202 36 10
327 273 36 19
211 352 36 12
298 225 36 19
335 13 36 12
200 223 36 16
137 319 36 3
26 137 36 19
158 443 36 13
102 322 36 2
361 187 36 6
324 77 36 1
112 287 36 8
353 147 36 11
86 34 36 15
356 233 36 9
429 379 36 8
291 405 36 7
26 125 36 3
115 236 36 17
125 149 36 3
346 36 36 2
392 147 36 20
333 63 36 8
72 158 36 7
279 66 36 5
262 58 36 8
127 358 36 9
138 383 36 6
154 50 36 8
45 184 36 15
133 82 36 2
296 26 36 3
299 369 36 4
10 3 36 19
202 281 36 13
188 96 36 12
116 232 36 19
1 369 36 4
11 85 36 19
266 130 36 17
212 272 36 3
204 120 36 17
352 418 36 3
115 438 36 19
45 202 36 4
31 399 36 1
84 68 36 14
47 78 36 5
402 88 36 4
369 363 36 12
72 128 36 7
313 341 36 3
143 255 36 14
340 379 36 17
103 423 36 14
146 7 36 2
294 100 36 7
226 147 36 13
89 111 36 11
36 33 36 2
123 104 36 2
33 427 36 12
63 122 36 14
74 24 36 3
74 126 36 18
276 281 36 2
429 127 36 18
212 362 36 13
72 3 36 6
30 49 36 6
351 171 36 5
361 213 36 10
275 276 36 17
432 349 36 13
84 432 36 11
158 260 36 12
248 251 36 2
437 15 36 16
336 97 36 20
345 136 36 19
386 49 36 4
93 410 36 14
217 237 36 10
24 231 36 10
302 324 36 18
269 34 36 1
69 291 36 6
5 281 36 5
313 179 36 17
177 76 36 8
108 14 36 9
210 106 36 4
77 332 36 13
229 366 36 5
282 220 36 12
329 51 36 13
189 129 36 11
310 144 36 2
445 9 36 3
229 195 36 11
158 303 36 19
136 65 36 3
86 151 36 14
282 379 36 11
272 223 36 6
128 104 36 3
27 303 36 19
227 165 36 9
250 162 36 20
14 400 36 18
300 120 36 7
172 256 36 6
150 351 36 12
22 196 36 6
259 30 36 5
268 157 36 11
348 193 36 11
100 420 36 15
4 232 36 15
364 256 36 7
25 118 36 10
7 290 36 13
44 439 36 19
240 13 36 11
368 281 36 14
280 101 36 11
296 12 36 14
177 111 36 14
232 114 36 12
1 31 36 5
179 65 36 19
20 71 36 5
135 124 36 17
164 374 36 8
388 304 36 20
204 136 36 11
176 442 36 2
351 171 36 12
60 403 36 13
11 413 36 13
217 145 36 1
94 174 36 4
269 318 36 18
436 35 36 16
177 432 36 7
199 189 36 4
331 374 36 16
37 287 36 17
290 357 36 2
229 367 36 5
209 147 36 15
252 250 36 10
386 71 36 18
197 69 36 14
390 256 36 12
440 7 36 16
188 347 36 4
387 383 36 15
309 235 36 17
207 26 36 5
70 234 36 12
77 49 36 20
267 434 36 2
327 193 36 13
432 136 36 14
74 138 36 4
351 335 36 1
117 274 36 10
180 145 36 2
142 351 36 10
34 430 36 9
81 59 36 9
378 335 36 17
308 215 36 17
316 209 36 10
123 282 36 10
392 195 36 12
124 321 36 3
247 54 36 20
158 195 36 11
104 238 36 10
283 329 36 13
74 259 36 19
308 129 36 20
287 444 36 2
402 129 36 8
216 84 36 17
365 217 36 20
339 26 36 16
31 183 36 9
64 296 36 14
99 142 36 4
182 215 36 10
163 85 36 1
368 371 36 14
344 335 36 1
154 114 36 7
158 31 36 12
46 379 36 10
443 410 36 1
141 36 36 16
87 134 36 14
370 325 36 16
18 51 36 18
250 428 36 20
42 325 36 13
410 41 36 5
423 209 36 12
216 254 36 16
34 259 36 5
34 400 36 5
340 49 36 13
340 418 36 14
107 435 36 13
415 248 36 13
210 289 36 4
339 251 36 5
144 237 36 3
426 5 36 10
202 38 36 1
398 81 36 17
191 421 36 19
118 313 36 15
379 430 36 1
253 407 36 11
107 169 36 10
296 70 36 9
88 213 36 4
88 201 36 10
341 413 36 16
415 373 36 15
442 116 36 9
79 243 36 7
144 184 36 5
197 436 36 20
49 106 36 2
200 411 36 9
155 51 36 11
355 138 36 1
123 41 36 17
384 8 36 4
279 12 36 14
157 101 36 17
358 244 36 20
93 440 36 1
235 52 36 11
109 251 36 2
52 405 36 2
227 323 36 13
156 8 36 16
50 391 36 19
326 233 36 16
281 399 36 12
31 309 36 5
421 412 36 13
363 199 36 1
410 317 36 14
430 378 36 6
63 158 36 19
280 313 36 19
110 373 36 17
385 251 36 12
244 94 36 4
203 134 36 10
405 118 36 4
163 33 36 17
419 6 36 1
32 445 36 14
69 71 36 9
428 360 36 6
347 23 36 2
209 417 36 12
314 213 36 8
370 415 36 12
297 372 36 10
179 88 36 6
279 69 36 11
248 100 36 6
158 168 36 7
235 148 36 2
178 47 36 19
55 266 36 8
193 132 36 4
415 64 36 2
343 360 36 15
378 101 36 6
8 379 36 15
111 190 36 9
201 357 36 19
381 155 36 1
16 342 36 19
121 396 36 3
194 142 36 12
43 119 36 17
305 14 36 4
55 391 36 19
359 408 36 12
275 71 36 10
300 281 36 2
55 214 36 5
415 230 36 16
375 360 36 9
162 116 36 2
91 158 36 19
82 26 36 7
443 90 36 19
1 2 36 20
394 286 36 2
92 138 36 8
146 192 36 10
365 160 36 16
20 97 36 5
81 268 36 16
293 358 36 6
176 3 36 15
82 445 36 5
388 445 36 6
208 401 36 20
108 55 36 15
298 201 36 14
255 128 36 16
14 147 36 20
122 238 36 12
356 93 36 1
310 279 36 18
289 370 36 2
357 311 36 17
437 81 36 12
354 188 36 18
419 48 36 7
228 313 36 4
206 326 36 16
290 1 36 12
194 366 36 13
19 228 36 8
293 69 36 15
128 425 36 5
407 424 36 5
202 341 36 8
62 312 36 2
122 92 36 7
319 307 36 18
216 159 36 12
359 362 36 4
158 381 36 11
225 236 36 19
225 363 36 1
97 322 36 1
40 87 36 12
179 158 36 20
366 280 36 6
428 151 36 17
359 376 36 12
299 288 36 15
158 445 36 17
253 233 36 3
417 20 36 20
121 116 36 10
258 165 36 18
289 344 36 1
183 272 36 16
179 253 36 14
53 164 36 8
76 25 36 12
23 182 36 14
360 445 36 2
38 424 36 10
79 107 36 7
15 364 36 4
36 205 36 10
215 398 36 10
236 139 36 5
418 191 36 5
81 276 36 5
41 308 36 14
8 220 36 9
208 268 36 5
436 356 36 14
333 370 36 8
405 406 36 20
372 183 36 8
164 419 36 2
208 399 36 14
425 42 36 13
220 82 36 19
206 89 36 14
199 296 36 19
158 295 36 5
233 180 36 3
224 147 36 1
430 72 36 7
149 245 36 9
6 16 36 20
64 440 36 19
397 222 36 9
143 437 36 12
119 188 36 12
372 355 36 20
87 150 36 14
161 384 36 8
213 376 36 1
437 78 36 6
206 93 36 6
362 156 36 17
123 105 36 5
411 248 36 13
351 376 36 11
150 311 36 13
232 397 36 14
67 110 36 4
49 332 36 18
111 331 36 8
418 89 36 3
293 14 36 7
171 146 36 14
270 109 36 13
378 23 36 17
227 172 36 5
4 413 36 13
377 43 36 15
239 91 36 11
39 211 36 12
364 182 36 1
344 27 36 3
22 207 36 8
262 29 36 5
312 417 36 16
291 206 36 13
142 209 36 15
390 138 36 20
299 386 36 15
103 425 36 1
237 341 36 6
22 237 36 15
268 268 36 18
211 93 36 9
273 404 36 2
357 257 36 11
175 409 36 3
416 351 36 9
251 202 36 18
177 314 36 1
323 113 36 17
213 135 36 8
129 412 36 13
262 175 36 4
424 1 36 17
117 367 36 18
16 95 36 14
124 73 36 10
379 323 36 16
135 62 36 12
316 394 36 15
399 159 36 15
272 298 36 10
432 112 36 20
227 98 36 16
445 215 36 17
26 230 36 16
5 363 36 7
344 304 36 14
1 439 36 18
428 307 36 5
73 268 36 10
310 92 36 17
63 86 36 7
438 322 36 15
376 320 36 8
234 345 36 12
195 360 36 12
219 266 36 10
138 276 36 18
108 256 36 13
35 339 36 11
121 201 36 13
66 273 36 9
133 264 36 8
288 202 36 1
229 435 36 9
390 183 36 10
30 411 36 9
420 111 36 16
364 218 36 12
167 253 36 10
247 383 36 9
429 11 36 18
240 144 36 9
392 441 36 17
406 222 36 1
327 165 36 18
161 204 36 6
270 176 36 18
207 92 36 4
410 268 36 7
67 77 36 17
381 59 36 14
64 308 36 17
29 252 36 8
186 220 36 7
351 99 36 16
250 269 36 19
133 91 36 1
115 308 36 15
325 280 36 13
350 357 36 17
320 290 36 8
301 353 36 10
424 382 36 6
94 130 36 20
442 33 36 13
60 293 36 1
338 425 36 18
354 102 36 6
24 437 36 20
418 349 36 18
441 222 36 12
76 75 36 14
37 51 36 10
250 154 36 16
234 148 36 11
317 217 36 14
232 117 36 14
237 23 36 9
112 56 36 9
276 26 36 12
340 20 36 7
256 105 36 15
87 141 36 17
310 400 36 7
215 187 36 5
162 56 36 16
412 287 36 20
201 86 36 7
92 197 36 5
429 26 36 12
211 375 36 10
223 193 36 6
320 279 36 10
20 151 36 18
320 375 36 3
331 100 36 9
102 64 36 15
446 274 36 20
375 376 36 11
370 357 36 17
391 120 36 11
430 353 36 20
147 225 36 2
4 254 36 17
260 126 36 10
266 10 36 2
327 121 36 19
237 129 36 14
243 66 36 8
446 436 36 1
236 379 36 11
401 371 36 6
320 70 36 4
71 73 36 9
430 343 36 20
279 171 36 20
217 60 36 5
228 296 36 10
75 102 36 9
298 100 36 19
430 335 36 15
244 298 36 15
421 171 36 15
374 251 36 18
144 243 36 20
39 74 36 4
400 290 36 10
444 80 36 12
169 155 36 10
416 15 36 6
195 444 36 17
361 250 36 12
14 223 36 16
174 160 36 10
416 303 36 17
126 351 36 20
443 313 36 10
372 309 36 15
169 40 36 11
58 8 36 6
65 212 36 12
407 136 36 7
163 149 36 2
88 322 36 7
274 300 36 15
266 425 36 13
321 430 36 12
238 364 36 8
225 86 36 18
386 143 36 2
104 217 36 12
275 177 36 1
259 349 36 15
28 446 36 18
393 283 36 17
176 101 36 1
319 431 36 7
317 221 36 2
186 9 36 8
