2000 200
177 176 120 10
388 312 120 3
221 204 120 4
265 363 120 20
254 219 120 9
369 209 120 13
259 415 120 3
423 45 120 15
307 408 120 2
413 109 120 11
414 285 120 16
351 236 120 1
415 9 120 11
262 284 120 10
375 90 120 14
263 22 120 20
314 280 120 4
142 265 120 19
302 125 120 6
38 90 120 4
216 66 120 7
123 427 120 11
351 394 120 2
335 209 120 9
235 136 120 15
373 408 120 6
262 284 120 18
138 425 120 4
59 280 120 1
387 327 120 5
386 96 120 19
233 228 120 19
325 141 120 19
426 28 120 15
372 273 120 2
408 198 120 4
18 23 120 1
364 160 120 20
91 228 120 2
388 177 120 12
348 126 120 13
373 358 120 20
377 246 120 13
337 234 120 7
59 158 120 18
372 129 120 3
199 146 120 10
318 63 120 14
415 153 120 8
354 103 120 15
163 3 120 9
86 375 120 8
247 314 120 3
100 204 120 7
428 262 120 1
144 186 120 18
58 394 120 15
440 265 120 18
98 242 120 6
431 149 120 20
46 321 120 11
233 416 120 3
350 215 120 20
256 315 120 14
404 305 120 11
273 2 120 13
270 59 120 2
413 51 120 4
180 149 120 6
100 142 120 12
132 187 120 2
176 429 120 12
148 331 120 3
444 149 120 10
48 116 120 7
371 388 120 4
432 211 120 3
439 176 120 6
274 355 120 5
360 17 120 8
147 158 120 1
254 334 120 20
339 44 120 16
192 50 120 13
359 108 120 16
384 31 120 17
419 15 120 18
66 6 120 1
210 289 120 16
75 211 120 7
71 367 120 19
263 183 120 9
446 75 120 19
75 266 120 6
300 178 120 10
203 124 120 14
47 105 120 10
100 170 120 11
349 389 120 2
58 16 120 6
230 96 120 8
123 368 120 7
359 366 120 8
202 4 120 1
104 313 120 18
103 69 120 6
142 115 120 8
185 224 120 12
253 125 120 9
163 182 120 9
294 422 120 5
344 107 120 11
129 29 120 16
436 230 120 9
124 343 120 10
436 445 120 5
444 149 120 15
99 343 120 5
391 148 120 1
168 321 120 12
427 177 120 10
334 73 120 13
152 211 120 8
356 209 120 6
115 332 120 4
197 330 120 19
337 326 120 16
164 435 120 16
215 388 120 1
390 118 120 1
299 97 120 17
193 431 120 4
193 145 120 1
211 53 120 6
31 178 120 13
203 374 120 17
372 274 120 5
242 437 120 3
17 204 120 18
386 156 120 16
192 8 120 15
173 200 120 5
237 392 120 4
64 165 120 10
109 205 120 1
49 407 120 10
319 331 120 20
30 135 120 13
185 151 120 11
280 99 120 20
46 290 120 5
366 16 120 15
221 252 120 14
221 325 120 9
284 443 120 1
86 45 120 1
262 373 120 7
274 402 120 14
286 149 120 1
64 428 120 17
444 37 120 13
385 402 120 7
97 175 120 14
201 396 120 14
31 242 120 13
66 327 120 6
79 142 120 18
423 425 120 5
16 273 120 9
207 336 120 19
49 343 120 19
190 280 120 15
347 386 120 12
317 139 120 4
165 170 120 9
18 245 120 19
362 323 120 16
194 298 120 19
427 314 120 19
371 73 120 12
295 131 120 16
256 330 120 8
180 239 120 2
279 109 120 13
326 273 120 20
167 290 120 16
345 214 120 13
226 407 120 15
85 396 120 18
227 319 120 15
257 176 120 2
182 441 120 3
396 174 120 6
101 5 120 15
392 341 120 4
415 70 120 9
235 414 120 3
378 203 120 7
381 287 120 13
250 66 120 13
191 332 120 13
282 66 120 5
255 14 120 2
30 125 120 19
350 79 120 8
58 47 120 9
65 291 120 11
275 231 120 11
17 164 120 19
144 413 120 12
152 166 120 3
346 447 120 5
76 265 120 19
426 304 120 13
353 207 120 11
164 274 120 5
44 339 120 10
357 176 120 9
416 193 120 18
324 346 120 16
307 61 120 7
175 406 120 14
119 34 120 1
76 22 120 13
167 374 120 15
326 100 120 10
105 153 120 11
164 63 120 20
16 31 120 2
32 364 120 9
14 233 120 18
171 418 120 17
327 89 120 14
321 174 120 10
161 340 120 4
217 218 120 2
109 332 120 18
350 58 120 17
319 74 120 14
53 115 120 7
132 138 120 15
272 308 120 13
379 198 120 5
73 71 120 1
254 241 120 5
362 20 120 16
133 138 120 9
56 40 120 7
51 368 120 9
76 420 120 12
37 105 120 5
220 386 120 4
374 317 120 4
178 399 120 5
156 206 120 11
25 130 120 4
122 272 120 10
114 337 120 14
153 387 120 13
275 25 120 14
64 61 120 19
1 281 120 5
256 217 120 13
270 404 120 3
355 122 120 10
252 147 120 17
159 278 120 4
213 391 120 2
316 106 120 17
350 380 120 12
367 7 120 15
40 17 120 10
109 282 120 9
47 105 120 13
393 22 120 9
61 283 120 15
305 441 120 6
383 216 120 17
351 95 120 12
259 444 120 13
201 363 120 5
203 413 120 4
49 74 120 12
120 130 120 18
148 85 120 6
298 145 120 7
166 12 120 15
312 395 120 1
412 298 120 17
170 109 120 19
317 319 120 2
44 75 120 3
234 123 120 11
268 242 120 18
417 400 120 6
139 260 120 18
154 425 120 20
163 290 120 9
407 254 120 14
288 423 120 14
185 302 120 2
445 355 120 11
233 141 120 3
104 409 120 6
104 378 120 5
189 79 120 16
418 243 120 6
221 415 120 11
419 374 120 16
30 224 120 16
196 408 120 3
244 406 120 3
366 201 120 9
173 305 120 14
222 408 120 7
232 149 120 14
65 129 120 16
322 360 120 4
421 331 120 10
326 370 120 2
226 128 120 18
437 372 120 12
99 300 120 6
359 26 120 1
142 257 120 14
323 51 120 4
125 115 120 14
189 436 120 1
210 409 120 17
167 297 120 3
337 85 120 9
30 75 120 19
139 183 120 3
438 94 120 8
157 246 120 7
283 121 120 9
111 255 120 4
78 443 120 15
403 215 120 18
175 381 120 2
315 280 120 20
146 309 120 20
348 447 120 12
403 447 120 15
45 166 120 4
401 2 120 13
360 122 120 11
443 199 120 1
68 165 120 18
122 349 120 19
25 226 120 9
22 372 120 18
94 272 120 16
348 237 120 10
268 292 120 14
434 245 120 19
282 167 120 12
385 162 120 17
55 240 120 16
387 361 120 17
214 395 120 11
311 416 120 17
279 62 120 5
256 419 120 7
243 240 120 1
396 226 120 6
112 60 120 18
397 7 120 4
444 72 120 7
207 21 120 16
329 234 120 4
239 97 120 3
63 385 120 19
178 194 120 5
73 446 120 18
269 404 120 10
262 69 120 5
431 18 120 15
315 14 120 15
437 231 120 19
36 122 120 17
28 360 120 19
436 432 120 12
22 162 120 13
36 245 120 3
299 66 120 2
340 328 120 2
3 311 120 18
130 178 120 5
328 178 120 20
99 213 120 3
104 250 120 12
215 249 120 3
263 280 120 5
68 315 120 11
318 176 120 13
77 68 120 9
362 70 120 4
217 210 120 4
95 90 120 5
214 189 120 6
16 302 120 3
178 69 120 5
323 341 120 3
193 408 120 13
317 278 120 12
50 365 120 9
119 279 120 20
62 48 120 20
193 152 120 15
53 375 120 10
136 391 120 2
21 121 120 13
154 6 120 14
129 209 120 11
418 78 120 16
435 137 120 20
82 266 120 8
255 327 120 5
191 72 120 8
216 135 120 15
439 270 120 2
69 290 120 12
234 6 120 16
282 134 120 9
301 114 120 13
161 111 120 10
384 192 120 19
439 9 120 15
103 199 120 3
376 424 120 18
140 415 120 18
283 46 120 17
120 279 120 7
399 124 120 14
2 434 120 18
139 147 120 2
403 84 120 6
48 75 120 9
20 187 120 16
83 126 120 7
270 265 120 5
289 100 120 9
150 229 120 13
16 190 120 1
25 191 120 3
157 340 120 8
389 295 120 18
385 353 120 9
389 382 120 5
145 17 120 6
335 286 120 6
55 127 120 19
267 286 120 15
321 311 120 15
61 345 120 1
245 54 120 15
128 5 120 10
94 389 120 11
144 330 120 9
390 28 120 18
305 372 120 7
46 426 120 13
334 245 120 12
414 129 120 2
236 199 120 16
258 443 120 11
173 123 120 20
392 226 120 20
79 369 120 7
137 312 120 1
211 179 120 8
133 224 120 4
191 121 120 10
97 97 120 17
303 332 120 13
416 152 120 6
135 334 120 1
295 288 120 17
416 366 120 20
409 55 120 20
440 275 120 10
394 417 120 20
337 170 120 7
87 266 120 6
412 131 120 3
41 99 120 18
133 233 120 11
348 90 120 17
341 58 120 20
265 20 120 18
64 22 120 18
40 425 120 8
240 314 120 18
123 400 120 9
102 374 120 16
432 425 120 4
10 110 120 13
388 10 120 16
149 360 120 2
286 178 120 16
41 241 120 19
60 290 120 10
68 83 120 14
236 215 120 2
223 327 120 20
350 311 120 11
128 330 120 12
149 270 120 1
270 429 120 8
1 267 120 10
208 317 120 2
436 386 120 6
204 7 120 16
286 242 120 14
321 27 120 14
292 386 120 6
240 67 120 2
297 225 120 2
374 57 120 1
364 57 120 2
93 274 120 4
73 262 120 14
342 19 120 1
256 304 120 14
394 187 120 8
412 41 120 4
303 280 120 4
76 140 120 12
129 66 120 5
173 439 120 14
47 85 120 4
227 167 120 11
355 61 120 10
43 326 120 14
419 272 120 15
384 236 120 14
278 91 120 11
258 177 120 3
16 315 120 6
277 41 120 10
157 87 120 18
311 323 120 11
290 240 120 6
296 282 120 18
159 253 120 13
219 200 120 3
329 30 120 19
271 288 120 9
353 313 120 6
53 142 120 3
201 308 120 1
444 182 120 3
395 34 120 7
427 339 120 4
326 51 120 17
60 279 120 4
30 170 120 8
90 440 120 17
336 345 120 10
2 407 120 3
166 161 120 10
415 157 120 13
103 114 120 15
30 103 120 5
238 439 120 9
272 51 120 1
48 80 120 14
311 179 120 11
423 67 120 13
401 79 120 19
72 244 120 9
71 221 120 1
261 323 120 17
37 362 120 4
152 153 120 10
326 434 120 19
352 35 120 3
89 355 120 2
276 330 120 18
351 293 120 7
395 365 120 20
162 445 120 13
85 259 120 6
141 295 120 19
300 9 120 17
3 345 120 8
204 249 120 2
37 347 120 19
58 176 120 19
156 89 120 13
332 36 120 14
314 207 120 11
70 301 120 1
158 441 120 6
160 294 120 9
325 296 120 4
29 52 120 7
224 98 120 8
326 166 120 12
330 321 120 16
180 216 120 10
394 82 120 14
169 161 120 16
201 328 120 4
101 41 120 6
10 365 120 11
262 403 120 16
326 179 120 17
289 67 120 14
427 396 120 8
216 139 120 14
50 85 120 15
90 263 120 10
430 17 120 2
326 127 120 4
79 136 120 9
127 398 120 12
246 276 120 14
16 127 120 17
398 116 120 7
217 331 120 9
250 390 120 16
385 32 120 1
234 24 120 6
410 349 120 16
179 427 120 2
332 116 120 5
430 362 120 7
269 377 120 3
174 328 120 16
47 107 120 13
49 366 120 3
145 304 120 11
56 100 120 20
441 62 120 6
58 250 120 17
257 134 120 13
407 126 120 12
394 404 120 6
71 140 120 13
309 186 120 8
431 234 120 9
57 388 120 17
162 444 120 14
289 437 120 13
328 57 120 5
357 313 120 2
44 282 120 15
102 239 120 17
99 309 120 16
424 170 120 18
417 163 120 5
339 220 120 10
117 391 120 19
4 232 120 17
399 123 120 11
149 32 120 15
52 85 120 20
80 196 120 6
64 304 120 7
197 280 120 19
59 260 120 13
174 161 120 17
229 278 120 9
281 291 120 9
331 243 120 17
1 401 120 18
430 6 120 4
256 95 120 10
311 169 120 9
246 365 120 7
351 433 120 2
172 159 120 2
221 388 120 4
214 221 120 5
1 114 120 16
367 124 120 9
317 106 120 10
361 362 120 1
153 235 120 9
258 33 120 9
196 384 120 4
403 118 120 12
334 348 120 8
94 114 120 2
135 124 120 11
438 53 120 4
238 369 120 17
62 292 120 12
418 7 120 3
58 265 120 20
63 23 120 10
53 436 120 5
211 322 120 14
300 415 120 4
181 113 120 17
176 103 120 7
295 350 120 13
82 412 120 12
240 392 120 11
185 13 120 9
162 75 120 16
86 137 120 10
136 347 120 4
77 209 120 6
152 390 120 7
350 128 120 6
153 432 120 1
335 76 120 4
362 315 120 15
405 52 120 3
255 224 120 20
137 309 120 9
18 444 120 10
209 84 120 5
378 235 120 5
222 147 120 20
169 309 120 16
28 207 120 19
298 131 120 2
85 88 120 9
322 342 120 18
205 41 120 19
225 58 120 20
144 277 120 3
281 217 120 15
371 439 120 20
151 170 120 17
372 207 120 9
212 57 120 20
387 151 120 16
166 25 120 9
168 240 120 2
31 17 120 10
347 170 120 3
310 13 120 10
59 393 120 6
402 96 120 16
169 21 120 4
142 242 120 13
245 181 120 18
435 346 120 12
82 76 120 8
226 106 120 10
438 16 120 11
32 335 120 16
290 393 120 8
101 357 120 20
92 78 120 6
288 229 120 16
104 26 120 13
70 23 120 3
60 114 120 5
310 350 120 7
118 340 120 10
106 372 120 16
96 224 120 20
41 324 120 4
92 425 120 14
173 266 120 8
49 369 120 19
115 438 120 20
89 60 120 1
149 369 120 2
315 50 120 4
58 155 120 14
136 260 120 9
169 310 120 7
111 402 120 2
141 137 120 3
410 185 120 10
267 309 120 16
146 408 120 1
149 109 120 15
54 423 120 17
309 44 120 9
50 179 120 18
5 357 120 4
303 20 120 17
121 171 120 2
215 133 120 8
239 399 120 5
254 107 120 17
338 256 120 16
343 319 120 11
398 180 120 13
169 240 120 13
200 244 120 6
83 109 120 16
387 229 120 3
380 6 120 19
121 255 120 2
171 61 120 11
190 408 120 19
328 303 120 15
5 263 120 5
171 442 120 4
79 194 120 12
342 286 120 15
178 225 120 7
194 157 120 9
352 288 120 12
14 11 120 3
240 210 120 2
273 101 120 16
188 115 120 20
283 285 120 4
179 373 120 9
329 268 120 6
129 8 120 3
178 212 120 6
233 116 120 1
104 140 120 5
36 389 120 14
384 214 120 16
151 402 120 1
181 247 120 2
214 425 120 14
441 306 120 16
58 445 120 11
357 185 120 16
375 417 120 5
233 84 120 16
111 129 120 7
198 65 120 9
396 216 120 3
270 406 120 10
419 182 120 1
57 175 120 1
418 243 120 3
340 162 120 9
26 89 120 13
285 321 120 13
235 431 120 8
137 191 120 3
252 149 120 14
331 419 120 20
209 400 120 9
74 19 120 8
265 437 120 4
6 339 120 19
379 365 120 10
284 212 120 1
272 446 120 4
388 145 120 9
141 396 120 6
110 279 120 1
36 50 120 3
154 134 120 8
10 398 120 5
107 404 120 4
366 335 120 11
275 181 120 11
58 5 120 11
280 402 120 19
246 95 120 1
371 204 120 5
19 250 120 6
67 413 120 18
144 422 120 13
209 92 120 20
176 20 120 12
60 294 120 13
155 351 120 11
269 184 120 9
70 429 120 17
276 362 120 18
314 381 120 6
402 447 120 17
185 153 120 4
366 362 120 9
66 90 120 19
110 160 120 15
334 324 120 19
125 145 120 17
317 214 120 5
167 43 120 2
230 356 120 7
105 320 120 14
392 68 120 12
207 443 120 16
133 62 120 9
68 181 120 2
297 68 120 17
439 202 120 15
317 82 120 12
196 258 120 3
427 40 120 20
144 144 120 2
328 88 120 5
207 305 120 13
10 437 120 18
359 68 120 11
431 374 120 15
379 365 120 20
24 244 120 19
330 439 120 4
251 419 120 16
81 125 120 20
240 15 120 13
19 221 120 13
250 240 120 16
96 162 120 13
122 145 120 6
235 76 120 5
102 99 120 10
51 439 120 2
256 242 120 5
64 322 120 5
24 124 120 17
82 152 120 2
7 402 120 5
369 50 120 17
360 181 120 16
288 415 120 14
122 69 120 13
220 119 120 5
299 385 120 16
369 1 120 12
116 34 120 16
335 116 120 2
328 122 120 16
123 53 120 11
79 423 120 1
189 263 120 12
374 394 120 12
230 166 120 2
78 27 120 15
167 405 120 18
150 74 120 19
257 408 120 1
69 298 120 20
281 420 120 1
96 51 120 19
100 239 120 8
82 175 120 4
132 405 120 6
300 35 120 9
416 201 120 7
84 360 120 15
233 170 120 9
50 238 120 12
446 71 120 18
10 176 120 5
6 286 120 18
264 367 120 16
41 51 120 6
431 360 120 17
401 328 120 16
338 412 120 14
348 197 120 11
328 257 120 16
159 255 120 9
410 274 120 19
274 289 120 8
376 115 120 11
206 155 120 19
440 139 120 14
271 102 120 1
312 439 120 11
266 339 120 18
388 229 120 5
301 398 120 12
304 360 120 11
35 196 120 20
62 124 120 10
7 330 120 20
13 332 120 12
378 156 120 2
186 20 120 8
406 285 120 16
385 236 120 3
173 99 120 11
215 402 120 18
103 436 120 20
279 50 120 2
122 67 120 4
129 79 120 19
275 19 120 6
74 204 120 20
322 172 120 16
13 109 120 19
390 281 120 1
270 58 120 2
72 170 120 12
69 1 120 20
190 132 120 15
212 261 120 16
109 98 120 20
171 171 120 3
263 55 120 13
202 78 120 13
376 30 120 1
211 300 120 18
437 381 120 16
224 3 120 4
61 202 120 17
411 413 120 9
402 85 120 16
411 255 120 19
187 80 120 19
134 291 120 18
209 229 120 2
118 439 120 14
95 428 120 11
241 205 120 11
397 265 120 20
238 239 120 17
349 193 120 5
110 157 120 9
52 343 120 15
48 39 120 16
121 247 120 4
223 375 120 13
188 22 120 14
96 272 120 8
443 231 120 18
117 32 120 17
193 390 120 8
364 53 120 15
352 104 120 20
419 151 120 15
330 281 120 17
23 66 120 13
154 263 120 13
275 358 120 12
164 363 120 5
327 32 120 17
281 235 120 12
437 151 120 12
303 55 120 8
73 36 120 18
339 366 120 19
404 388 120 4
396 104 120 20
429 388 120 11
286 104 120 13
383 440 120 3
75 283 120 11
166 273 120 13
309 128 120 17
118 210 120 10
87 101 120 18
346 57 120 1
213 15 120 7
363 443 120 5
414 291 120 8
390 237 120 11
387 321 120 4
182 39 120 13
136 357 120 5
145 27 120 19
199 123 120 19
171 21 120 3
93 243 120 13
118 159 120 3
83 135 120 6
162 77 120 13
244 26 120 17
151 207 120 17
340 343 120 4
219 50 120 17
307 258 120 1
49 428 120 18
305 73 120 19
138 200 120 8
423 282 120 3
105 7 120 20
33 250 120 10
291 400 120 6
140 302 120 2
345 73 120 14
139 379 120 7
65 438 120 2
11 295 120 15
210 442 120 12
129 427 120 14
183 85 120 3
312 127 120 6
20 418 120 10
402 110 120 19
231 18 120 5
120 156 120 10
265 231 120 1
401 241 120 12
161 13 120 15
131 142 120 17
392 334 120 2
212 198 120 14
291 228 120 18
332 182 120 14
227 422 120 12
194 94 120 20
112 359 120 19
11 312 120 18
213 35 120 14
420 175 120 20
149 129 120 18
429 350 120 20
388 193 120 14
318 87 120 6
367 313 120 17
443 69 120 14
227 181 120 14
242 191 120 19
60 413 120 3
337 385 120 3
329 86 120 18
206 77 120 4
281 18 120 16
156 345 120 5
212 274 120 19
253 269 120 12
387 48 120 16
442 289 120 20
361 358 120 15
324 258 120 1
15 139 120 20
282 344 120 7
14 188 120 14
385 353 120 11
396 118 120 3
283 380 120 17
248 319 120 4
403 313 120 16
311 236 120 16
184 112 120 11
442 127 120 12
349 418 120 17
332 431 120 16
342 368 120 2
249 327 120 13
429 172 120 17
430 429 120 15
41 384 120 16
398 257 120 18
219 440 120 12
296 435 120 3
65 346 120 17
197 230 120 9
69 124 120 6
303 382 120 1
208 363 120 16
64 355 120 10
229 405 120 2
278 356 120 11
116 127 120 4
75 422 120 12
160 49 120 3
215 245 120 15
263 323 120 1
231 179 120 3
89 396 120 15
117 12 120 1
127 250 120 8
92 91 120 12
304 216 120 12
71 290 120 7
272 2 120 3
381 216 120 14
272 31 120 9
296 271 120 7
264 359 120 16
147 39 120 1
384 175 120 7
141 266 120 11
244 122 120 2
45 202 120 11
268 26 120 12
93 416 120 9
162 240 120 10
126 98 120 17
259 361 120 17
359 60 120 7
34 6 120 8
406 147 120 2
420 400 120 10
213 444 120 17
294 265 120 4
377 357 120 7
237 81 120 14
138 206 120 3
309 27 120 10
411 396 120 15
95 429 120 4
409 387 120 10
95 370 120 12
350 135 120 6
369 438 120 17
423 377 120 8
446 177 120 4
272 314 120 13
195 185 120 3
41 158 120 4
394 252 120 12
316 214 120 19
383 308 120 2
413 220 120 7
2 151 120 16
302 127 120 10
84 135 120 8
393 406 120 12
23 153 120 18
137 204 120 2
209 160 120 4
253 28 120 18
256 421 120 1
171 396 120 12
240 397 120 9
299 261 120 17
298 354 120 6
16 309 120 4
67 341 120 19
302 31 120 19
258 249 120 10
18 64 120 9
1 319 120 4
291 52 120 7
354 291 120 7
131 153 120 20
33 3 120 13
70 29 120 1
66 95 120 16
234 407 120 13
148 217 120 15
231 244 120 16
342 244 120 12
436 87 120 18
41 4 120 18
42 134 120 2
323 166 120 15
53 236 120 1
101 311 120 7
43 97 120 5
24 254 120 5
254 37 120 10
101 389 120 1
276 387 120 14
55 428 120 17
135 32 120 14
367 365 120 18
165 427 120 1
437 81 120 7
367 133 120 6
256 156 120 20
371 410 120 14
292 73 120 13
9 348 120 16
270 402 120 12
86 90 120 7
36 19 120 1
171 183 120 18
94 173 120 9
327 102 120 2
219 358 120 17
374 291 120 5
108 136 120 9
251 154 120 4
333 423 120 4
395 62 120 1
61 107 120 4
92 277 120 1
102 380 120 3
202 269 120 8
434 40 120 17
384 423 120 10
297 83 120 3
291 343 120 16
186 228 120 16
45 185 120 18
3 246 120 20
416 347 120 7
128 11 120 19
22 212 120 14
18 198 120 9
380 134 120 3
139 440 120 1
43 284 120 17
111 32 120 16
144 86 120 3
248 88 120 15
11 66 120 5
60 204 120 10
51 225 120 10
300 252 120 18
151 185 120 10
424 333 120 12
342 386 120 15
156 49 120 3
208 202 120 11
434 2 120 19
31 22 120 10
421 91 120 9
374 141 120 10
101 3 120 7
35 153 120 2
102 129 120 12
172 33 120 2
78 189 120 4
35 396 120 9
77 392 120 2
216 432 120 2
431 405 120 19
401 341 120 19
149 4 120 15
159 38 120 15
352 149 120 13
441 321 120 17
31 408 120 16
106 443 120 5
402 82 120 18
252 308 120 9
133 301 120 14
104 254 120 10
235 413 120 2
358 124 120 3
196 38 120 7
162 42 120 16
171 72 120 12
367 188 120 2
85 142 120 4
193 394 120 19
296 79 120 5
355 193 120 2
318 427 120 12
283 338 120 13
296 86 120 7
10 258 120 4
44 428 120 9
38 357 120 14
38 4 120 11
129 207 120 8
80 55 120 18
331 409 120 20
388 289 120 16
421 125 120 7
139 430 120 19
342 439 120 5
149 35 120 5
28 82 120 15
93 119 120 18
320 247 120 5
46 336 120 16
308 219 120 1
314 170 120 16
310 143 120 20
216 291 120 7
208 186 120 15
9 334 120 11
258 361 120 15
416 17 120 19
130 336 120 8
61 392 120 18
45 252 120 15
1 128 120 3
246 438 120 2
177 206 120 16
91 423 120 12
5 432 120 17
411 242 120 6
441 210 120 6
162 349 120 15
130 409 120 3
444 17 120 8
72 17 120 17
336 262 120 18
295 2 120 17
107 102 120 11
95 106 120 6
436 79 120 10
243 72 120 5
77 244 120 1
256 373 120 9
379 369 120 10
306 3 120 16
360 348 120 17
425 195 120 10
248 302 120 17
46 406 120 17
286 404 120 19
329 199 120 11
145 285 120 10
309 103 120 15
444 34 120 5
149 349 120 12
317 272 120 4
309 249 120 20
303 59 120 17
397 104 120 18
170 399 120 19
12 281 120 18
382 425 120 19
111 296 120 18
212 292 120 19
245 440 120 19
291 309 120 17
237 181 120 7
377 36 120 9
392 442 120 13
364 165 120 18
293 186 120 20
440 130 120 20
424 240 120 6
64 4 120 10
195 249 120 11
237 92 120 6
103 328 120 13
227 267 120 13
409 211 120 11
257 138 120 6
57 440 120 17
147 432 120 2
224 418 120 2
149 45 120 11
366 249 120 6
128 38 120 18
218 150 120 2
32 386 120 18
337 347 120 5
200 156 120 2
237 223 120 15
12 369 120 5
363 146 120 19
69 304 120 5
226 222 120 2
183 359 120 20
252 130 120 3
200 161 120 1
425 60 120 14
414 270 120 14
112 59 120 19
240 81 120 12
361 6 120 11
16 75 120 13
152 300 120 9
99 45 120 19
83 306 120 2
226 59 120 6
307 36 120 20
287 12 120 1
433 124 120 18
363 373 120 16
215 286 120 8
232 312 120 6
96 26 120 1
191 125 120 10
197 217 120 12
333 443 120 7
191 302 120 16
109 142 120 13
306 137 120 2
115 62 120 6
3 287 120 1
354 71 120 6
332 176 120 17
172 366 120 6
77 126 120 20
277 11 120 14
88 211 120 12
391 320 120 14
269 178 120 14
280 302 120 6
206 305 120 18
438 221 120 12
86 106 120 3
207 287 120 9
5 363 120 19
20 192 120 7
39 289 120 18
360 243 120 4
385 74 120 5
109 354 120 17
352 122 120 9
423 112 120 8
128 198 120 10
9 404 120 3
275 419 120 2
219 438 120 4
173 39 120 9
347 399 120 19
404 346 120 10
191 18 120 16
289 369 120 10
245 354 120 3
421 45 120 6
275 63 120 3
405 337 120 2
24 108 120 3
292 290 120 19
401 189 120 14
315 155 120 1
302 345 120 4
196 197 120 9
211 441 120 5
337 424 120 4
224 251 120 20
77 218 120 1
348 252 120 9
172 96 120 18
34 59 120 10
305 373 120 7
37 227 120 7
233 432 120 5
370 195 120 2
413 95 120 5
54 328 120 3
203 414 120 18
252 314 120 8
407 48 120 4
415 91 120 14
164 395 120 20
77 431 120 12
335 226 120 4
352 158 120 19
372 124 120 6
368 187 120 3
177 399 120 4
214 203 120 2
54 173 120 11
447 140 120 9
13 313 120 3
399 389 120 15
127 287 120 10
296 191 120 14
213 116 120 13
224 46 120 14
125 233 120 13
439 446 120 1
172 62 120 12
409 61 120 11
300 84 120 7
128 35 120 19
406 171 120 4
16 29 120 18
231 242 120 3
131 28 120 3
218 153 120 11
256 144 120 17
59 326 120 16
35 297 120 5
169 149 120 16
159 286 120 1
100 245 120 11
327 270 120 9
297 63 120 6
403 194 120 15
97 421 120 1
33 239 120 7
424 307 120 15
419 351 120 19
48 73 120 2
197 231 120 12
400 330 120 14
326 219 120 5
291 68 120 12
49 33 120 18
292 139 120 5
250 171 120 9
352 147 120 18
341 129 120 17
180 176 120 7
168 383 120 11
4 335 120 3
84 224 120 6
433 67 120 9
398 125 120 16
119 427 120 19
270 229 120 2
212 133 120 19
24 27 120 7
186 216 120 14
420 393 120 2
437 396 120 3
356 42 120 12
36 28 120 5
250 435 120 8
40 117 120 18
426 396 120 7
88 171 120 19
353 194 120 3
310 379 120 5
442 351 120 20
62 350 120 9
26 268 120 15
214 313 120 13
30 115 120 2
428 165 120 4
358 143 120 11
70 230 120 2
371 145 120 7
251 7 120 2
356 1 120 13
407 62 120 10
417 98 120 11
11 311 120 17
89 350 120 8
164 331 120 4
366 241 120 19
69 320 120 18
379 243 120 20
8 46 120 18
15 412 120 11
382 381 120 6
214 350 120 19
313 360 120 1
277 11 120 1
365 185 120 1
171 113 120 14
128 181 120 8
325 112 120 7
219 129 120 19
119 143 120 7
40 77 120 14
23 290 120 10
102 155 120 19
55 431 120 15
357 358 120 18
105 91 120 8
103 229 120 11
421 106 120 12
88 324 120 17
257 5 120 7
400 45 120 14
19 67 120 19
445 178 120 4
347 232 120 13
259 151 120 5
365 265 120 9
136 368 120 10
87 351 120 18
159 1 120 12
359 257 120 13
254 219 120 20
235 248 120 6
48 255 120 6
25 154 120 15
442 412 120 11
332 339 120 20
313 27 120 9
75 123 120 9
389 291 120 1
142 202 120 17
357 18 120 1
168 252 120 12
56 309 120 7
121 343 120 15
427 337 120 4
437 232 120 9
265 97 120 11
22 182 120 18
130 123 120 11
239 275 120 4
167 194 120 9
323 361 120 13
280 416 120 12
44 99 120 3
418 79 120 12
310 68 120 2
104 332 120 13
381 364 120 3
333 46 120 1
129 284 120 17
137 13 120 8
162 346 120 13
1 178 120 19
149 231 120 9
203 201 120 11
146 64 120 7
330 167 120 3
163 110 120 1
178 442 120 9
335 124 120 18
319 260 120 6
49 431 120 12
139 441 120 20
208 153 120 4
386 355 120 10
194 63 120 2
70 392 120 12
288 117 120 10
431 304 120 6
173 191 120 5
199 62 120 7
257 120 120 20
213 259 120 16
346 29 120 11
262 424 120 15
378 171 120 19
121 240 120 8
39 90 120 3
67 74 120 9
89 246 120 4
244 7 120 18
221 273 120 20
191 38 120 13
154 383 120 3
270 207 120 4
302 148 120 17
407 278 120 4
8 316 120 5
183 392 120 15
215 43 120 18
447 296 120 13
293 79 120 3
259 269 120 13
46 423 120 12
319 245 120 13
121 109 120 8
93 68 120 7
314 86 120 5
178 278 120 13
125 45 120 18
318 44 120 14
80 347 120 1
124 168 120 16
206 224 120 17
224 95 120 7
11 225 120 8
392 317 120 4
156 193 120 9
245 371 120 9
289 48 120 14
386 375 120 13
331 17 120 1
354 141 120 13
199 356 120 12
19 132 120 1
93 152 120 19
286 96 120 18
99 261 120 13
444 69 120 1
182 367 120 16
412 305 120 14
249 188 120 13
441 105 120 2
344 303 120 5
23 332 120 7
253 424 120 18
260 272 120 19
146 370 120 14
235 376 120 17
246 121 120 16
325 95 120 3
332 343 120 9
355 337 120 1
91 243 120 14
172 266 120 17
395 71 120 16
333 341 120 9
376 49 120 17
232 283 120 2
167 92 120 2
21 416 120 2
179 300 120 5
98 217 120 13
111 307 120 18
437 42 120 10
199 436 120 13
395 331 120 14
416 259 120 2
369 44 120 20
250 220 120 10
252 240 120 7
348 418 120 3
359 69 120 8
260 189 120 17
403 178 120 20
364 377 120 3
415 324 120 14
350 302 120 1
343 223 120 20
181 26 120 8
111 287 120 12
19 197 120 10
236 108 120 7
233 367 120 3
80 322 120 18
424 248 120 6
320 216 120 10
100 128 120 13
148 33 120 9
249 213 120 10
122 323 120 10
234 351 120 10
326 150 120 6
50 382 120 8
409 24 120 15
51 11 120 6
80 330 120 16
442 439 120 19
211 149 120 16
213 397 120 18
230 81 120 8
96 324 120 10
158 203 120 8
328 262 120 13
427 223 120 8
400 283 120 18
184 372 120 17
193 376 120 17
329 150 120 20
50 362 120 7
441 155 120 7
260 250 120 1
439 418 120 12
331 308 120 18
157 297 120 17
16 259 120 3
333 6 120 16
85 198 120 11
285 90 120 19
197 149 120 8
59 142 120 20
1 411 120 16
276 413 120 16
317 306 120 6
171 15 120 13
258 40 120 15
180 372 120 6
26 19 120 13
258 314 120 17
192 63 120 9
31 131 120 12
33 141 120 19
295 417 120 5
90 296 120 5
202 29 120 11
163 286 120 7
383 18 120 17
160 54 120 19
145 311 120 12
219 56 120 3
5 96 120 20
379 138 120 19
269 443 120 14
135 95 120 8
305 297 120 7
53 12 120 18
297 404 120 17
18 117 120 18
205 271 120 11
278 53 120 15
414 57 120 13
243 435 120 5
212 266 120 5
151 410 120 12
404 268 120 4
229 330 120 1
350 179 120 20
51 206 120 8
252 411 120 9
326 251 120 6
19 227 120 20
263 22 120 14
198 234 120 14
128 394 120 18
163 360 120 9
46 142 120 10
398 54 120 7
260 104 120 16
247 365 120 8
58 253 120 14
368 271 120 7
297 87 120 20
213 284 120 10
405 422 120 3
112 147 120 6
86 202 120 6
399 153 120 16
16 422 120 20
275 221 120 15
61 279 120 16
107 209 120 12
379 69 120 13
226 291 120 11
316 248 120 9
362 359 120 3
321 7 120 16
430 415 120 1
156 430 120 17
431 258 120 16
187 328 120 13
195 444 120 13
36 375 120 12
411 164 120 19
185 32 120 10
390 404 120 12
294 287 120 7
389 279 120 2
210 434 120 13
4 428 120 9
19 167 120 17
322 371 120 10
397 406 120 7
92 379 120 18
88 116 120 12
332 58 120 12
50 351 120 3
221 303 120 3
370 75 120 14
45 78 120 13
443 97 120 2
285 428 120 16
112 377 120 11
324 32 120 6
252 119 120 5
222 3 120 14
157 62 120 9
379 283 120 16
442 205 120 16
54 259 120 17
94 265 120 7
319 102 120 6
21 213 120 9
138 100 120 17
186 351 120 20
350 135 120 18
145 292 120 4
290 223 120 15
300 227 120 12
394 280 120 9
118 383 120 9
386 265 120 5
197 285 120 18
394 422 120 11
166 160 120 9
66 73 120 14
425 217 120 11
399 69 120 14
208 378 120 13
242 324 120 6
77 4 120 4
186 399 120 2
406 148 120 3
391 95 120 13
29 270 120 6
27 335 120 1
169 322 120 8
146 274 120 11
364 44 120 1
362 285 120 17
202 371 120 15
434 119 120 15
37 77 120 12
370 21 120 16
241 49 120 3
281 85 120 16
393 253 120 13
284 408 120 8
243 325 120 7
132 249 120 3
364 3 120 14
152 436 120 10
329 25 120 5
227 405 120 6
218 208 120 7
32 41 120 4
189 443 120 15
231 279 120 17
99 74 120 9
11 215 120 3
207 131 120 8
326 282 120 16
107 174 120 11
432 400 120 5
319 170 120 14
265 211 120 19
304 410 120 4
159 193 120 8
412 302 120 17
114 312 120 7
55 71 120 2
7 396 120 9
405 66 120 1
381 50 120 14
323 378 120 11
26 195 120 16
225 62 120 7
420 220 120 4
445 194 120 7
107 308 120 14
439 372 120 19
8 388 120 8
315 346 120 1
358 289 120 15
363 174 120 3
90 209 120 5
38 434 120 3
395 416 120 15
61 423 120 7
27 92 120 10
315 84 120 15
215 91 120 1
74 415 120 16
435 335 120 18
418 250 120 16
322 349 120 2
430 387 120 8
162 344 120 9
