2000 500
325 377 48 5
88 403 48 11
12 202 48 6
367 46 48 6
242 174 48 19
3 432 48 10
156 6 48 1
397 161 48 20
185 269 48 1
225 380 48 7
273 257 48 19
442 354 48 4
63 366 48 13
163 285 48 11
378 90 48 13
298 102 48 1
14 257 48 10
60 206 48 3
22 401 48 10
65 188 48 18
384 13 48 2
196 17 48 20
411 79 48 5
379 252 48 9
413 182 48 1
163 42 48 16
355 56 48 7
114 115 48 8
34 137 48 8
242 211 48 8
372 157 48 3
321 363 48 19
177 326 48 16
408 267 48 1
30 233 48 11
187 405 48 5
9 322 48 11
87 436 48 13
380 32 48 19
180 273 48 9
167 207 48 14
176 90 48 19
202 267 48 20
317 237 48 9
245 266 48 17
355 16 48 8
69 24 48 9
275 120 48 15
158 52 48 8
188 231 48 17
437 407 48 19
406 146 48 20
290 347 48 18
52 226 48 17
101 34 48 19
381 398 48 11
182 19 48 13
315 293 48 19
435 13 48 20
150 210 48 1
146 200 48 3
359 168 48 6
214 11 48 20
335 72 48 19
255 172 48 5
441 116 48 20
205 297 48 8
439 174 48 11
355 162 48 10
323 321 48 14
84 29 48 5
251 387 48 8
117 153 48 8
349 40 48 8
359 305 48 10
403 298 48 17
406 66 48 8
418 57 48 13
284 422 48 17
173 307 48 16
272 390 48 18
122 203 48 3
150 329 48 12
198 230 48 12
308 142 48 10
152 107 48 16
121 65 48 1
386 45 48 9
378 339 48 17
94 64 48 9
140 335 48 1
205 20 48 11
219 179 48 2
395 387 48 15
164 247 48 6
237 408 48 15
181 91 48 10
179 29 48 17
254 407 48 20
303 63 48 20
211 203 48 17
61 417 48 13
124 188 48 3
78 135 48 13
261 309 48 3
149 98 48 2
142 288 48 6
210 20 48 2
333 283 48 15
336 139 48 9
413 349 48 10
388 410 48 8
391 96 48 17
126 173 48 8
247 443 48 13
177 144 48 13
77 286 48 2
67 58 48 14
96 390 48 17
83 289 48 18
133 254 48 5
395 204 48 11
169 148 48 6
150 283 48 11
266 83 48 1
242 269 48 12
326 346 48 12
261 422 48 10
214 70 48 9
3 153 48 14
387 295 48 4
216 243 48 6
26 421 48 2
379 124 48 18
29 389 48 5
112 193 48 13
349 82 48 16
433 342 48 19
128 108 48 2
223 121 48 1
158 60 48 4
347 275 48 3
313 311 48 13
425 252 48 3
363 280 48 12
403 402 48 13
265 313 48 5
24 308 48 2
215 436 48 9
39 221 48 11
34 378 48 17
314 288 48 2
399 153 48 18
11 130 48 14
202 56 48 17
345 11 48 2
233 275 48 9
212 309 48 5
75 86 48 4
55 134 48 2
166 168 48 9
326 44 48 3
323 443 48 6
194 16 48 3
315 227 48 16
269 124 48 17
197 366 48 9
437 130 48 9
91 214 48 19
189 279 48 15
61 444 48 3
320 322 48 14
419 207 48 9
223 400 48 5
166 278 48 12
175 109 48 7
194 306 48 20
50 295 48 17
225 385 48 9
38 127 48 14
441 197 48 6
118 69 48 9
285 50 48 17
10 272 48 14
207 447 48 11
183 184 48 20
293 377 48 13
322 437 48 2
53 224 48 1
444 261 48 12
230 264 48 13
21 381 48 8
134 228 48 3
16 247 48 3
307 6 48 2
429 199 48 17
212 44 48 14
310 375 48 3
265 427 48 12
158 434 48 19
177 226 48 15
402 246 48 5
258 379 48 20
163 404 48 6
339 274 48 17
88 265 48 19
20 39 48 10
328 348 48 19
189 165 48 12
272 323 48 3
179 62 48 13
349 27 48 20
15 294 48 3
366 10 48 20
70 358 48 3
236 445 48 15
153 17 48 7
113 355 48 7
11 106 48 12
326 387 48 11
199 128 48 7
288 39 48 19
185 64 48 18
23 429 48 19
265 61 48 12
343 296 48 1
238 11 48 12
171 124 48 13
14 134 48 15
32 22 48 17
371 231 48 15
335 71 48 17
335 265 48 13
182 287 48 2
37 115 48 20
250 20 48 17
24 268 48 9
271 438 48 19
435 15 48 5
257 46 48 9
28 416 48 15
374 314 48 7
312 201 48 16
312 382 48 13
304 419 48 12
357 231 48 15
258 254 48 17
179 87 48 4
234 74 48 17
422 330 48 4
204 358 48 7
217 284 48 17
299 158 48 8
219 23 48 12
425 326 48 5
298 245 48 14
200 55 48 14
370 244 48 10
93 30 48 16
277 14 48 4
59 217 48 5
266 443 48 1
340 305 48 2
177 76 48 15
395 53 48 17
148 350 48 9
141 112 48 17
387 44 48 11
273 136 48 13
253 422 48 15
105 43 48 10
334 319 48 11
409 221 48 18
195 397 48 6
13 354 48 19
167 64 48 20
118 204 48 12
133 154 48 14
392 436 48 19
232 241 48 1
96 355 48 9
176 251 48 16
261 213 48 3
194 417 48 5
211 440 48 13
281 159 48 9
252 286 48 12
345 418 48 17
35 362 48 17
327 157 48 2
146 252 48 1
8 427 48 8
198 240 48 17
161 443 48 17
83 207 48 17
369 40 48 10
281 301 48 12
406 199 48 15
228 243 48 7
58 122 48 19
118 267 48 14
86 285 48 5
315 35 48 2
308 206 48 4
281 288 48 19
246 219 48 14
379 62 48 4
350 21 48 17
302 258 48 2
178 315 48 5
210 432 48 7
56 81 48 11
328 395 48 8
402 265 48 17
35 109 48 18
321 354 48 14
209 296 48 19
398 198 48 3
347 62 48 7
92 249 48 3
414 21 48 4
119 76 48 15
108 403 48 11
142 368 48 9
380 402 48 20
22 276 48 4
340 37 48 19
272 444 48 20
224 344 48 8
433 435 48 11
62 411 48 13
132 83 48 1
293 200 48 9
400 351 48 8
335 284 48 5
378 315 48 5
338 207 48 1
145 41 48 2
160 264 48 15
237 249 48 18
125 320 48 19
43 5 48 17
27 297 48 2
424 259 48 20
303 147 48 9
147 77 48 10
266 424 48 3
432 122 48 20
147 281 48 13
205 80 48 2
250 214 48 15
268 257 48 1
379 293 48 14
242 269 48 5
8 135 48 5
58 281 48 1
442 110 48 10
138 94 48 9
322 240 48 1
323 444 48 3
135 256 48 15
276 76 48 3
422 7 48 15
436 248 48 10
262 256 48 17
234 323 48 4
293 327 48 2
338 17 48 16
47 339 48 15
46 224 48 17
135 368 48 7
428 196 48 7
102 180 48 3
59 179 48 18
295 440 48 1
227 237 48 12
3 92 48 20
335 429 48 8
313 28 48 6
83 83 48 15
306 218 48 20
347 208 48 3
17 309 48 18
140 378 48 17
83 225 48 8
282 14 48 4
375 17 48 17
338 351 48 16
327 217 48 1
207 309 48 1
320 178 48 1
353 77 48 16
144 93 48 8
125 242 48 12
284 325 48 9
446 169 48 16
406 96 48 7
1 443 48 7
33 322 48 20
93 81 48 12
245 400 48 6
177 305 48 12
316 12 48 6
326 136 48 8
277 430 48 1
4 438 48 13
192 396 48 20
406 396 48 8
77 429 48 18
430 84 48 5
198 338 48 5
153 67 48 3
195 382 48 19
329 270 48 14
257 99 48 19
73 103 48 18
66 304 48 6
165 263 48 13
250 349 48 13
219 341 48 19
268 102 48 11
280 254 48 1
160 11 48 16
50 339 48 11
86 159 48 3
104 231 48 7
122 306 48 18
79 24 48 7
4 283 48 8
357 54 48 5
366 331 48 8
255 174 48 14
210 343 48 16
109 402 48 17
287 51 48 18
127 164 48 19
79 286 48 5
325 364 48 2
395 377 48 14
377 296 48 14
242 214 48 2
218 21 48 11
447 230 48 3
250 348 48 1
382 197 48 5
234 334 48 5
327 412 48 19
278 299 48 4
262 247 48 4
81 176 48 19
410 427 48 19
175 197 48 14
124 206 48 16
424 9 48 20
232 400 48 9
100 186 48 16
132 75 48 15
1 352 48 9
234 166 48 3
405 256 48 5
435 218 48 19
220 393 48 16
36 79 48 17
90 65 48 2
55 307 48 15
216 406 48 6
273 90 48 16
304 91 48 11
187 334 48 10
316 301 48 8
183 288 48 8
39 71 48 5
101 106 48 17
369 205 48 3
197 259 48 18
425 27 48 18
401 309 48 13
4 176 48 20
416 362 48 3
100 231 48 9
39 423 48 6
205 25 48 11
317 135 48 2
69 56 48 14
333 253 48 12
9 240 48 18
101 193 48 5
282 206 48 14
116 175 48 5
293 274 48 13
333 322 48 2
214 79 48 1
165 405 48 5
241 27 48 4
75 359 48 18
167 378 48 6
295 31 48 9
295 322 48 10
13 447 48 16
103 292 48 20
432 177 48 9
290 401 48 19
182 128 48 9
209 369 48 13
301 6 48 17
188 172 48 5
324 29 48 19
215 324 48 19
321 346 48 16
145 1 48 4
261 433 48 11
252 285 48 3
331 30 48 14
367 248 48 20
440 101 48 3
424 288 48 18
348 174 48 18
312 398 48 20
150 271 48 5
434 425 48 20
115 249 48 19
439 53 48 3
270 393 48 3
228 312 48 4
117 304 48 1
11 290 48 7
86 190 48 3
189 54 48 17
169 213 48 18
47 199 48 15
382 313 48 6
276 315 48 12
444 137 48 11
204 374 48 3
211 43 48 10
318 63 48 2
275 148 48 13
415 336 48 19
58 67 48 16
438 113 48 9
349 58 48 19
61 333 48 3
282 339 48 12
1 105 48 19
52 315 48 7
406 195 48 6
155 22 48 5
104 446 48 5
117 66 48 15
342 56 48 9
318 405 48 8
170 18 48 18
336 310 48 17
201 320 48 15
2 371 48 19
292 329 48 17
197 37 48 19
259 140 48 7
220 266 48 9
237 160 48 3
376 31 48 14
136 200 48 3
237 99 48 18
230 309 48 5
336 311 48 9
310 155 48 9
30 362 48 9
229 183 48 17
435 402 48 9
250 191 48 10
130 130 48 6
414 275 48 11
278 74 48 14
5 303 48 18
61 202 48 14
40 64 48 16
358 103 48 8
265 331 48 10
322 329 48 4
187 141 48 6
231 270 48 6
306 246 48 19
133 76 48 7
68 90 48 5
311 160 48 1
418 200 48 9
242 110 48 10
437 385 48 1
367 259 48 10
262 8 48 17
348 238 48 16
135 96 48 8
187 228 48 20
322 305 48 8
322 169 48 18
77 149 48 9
351 400 48 9
271 389 48 7
95 318 48 11
236 133 48 1
81 43 48 7
194 177 48 17
116 373 48 11
113 247 48 12
209 132 48 3
28 218 48 5
46 121 48 17
184 402 48 14
268 49 48 6
154 284 48 19
56 374 48 7
196 121 48 7
432 246 48 11
11 358 48 15
351 129 48 17
413 157 48 5
185 202 48 12
367 395 48 14
42 226 48 4
35 389 48 3
170 444 48 9
357 193 48 8
264 187 48 8
106 207 48 8
204 120 48 7
434 95 48 15
443 290 48 8
126 209 48 13
210 250 48 14
342 295 48 17
331 17 48 15
236 374 48 17
271 200 48 20
104 305 48 14
294 71 48 10
175 57 48 4
223 53 48 11
25 188 48 20
231 398 48 20
216 302 48 1
141 185 48 1
63 430 48 5
197 253 48 12
70 356 48 12
169 212 48 11
378 397 48 7
234 172 48 7
389 196 48 10
305 436 48 2
33 204 48 6
56 345 48 3
95 417 48 3
80 177 48 11
264 256 48 8
325 425 48 19
446 355 48 12
177 151 48 5
427 102 48 13
418 416 48 1
358 1 48 1
173 56 48 3
173 160 48 9
165 249 48 10
409 75 48 1
115 399 48 8
53 398 48 20
386 137 48 4
444 127 48 18
269 97 48 13
73 17 48 1
91 190 48 9
5 372 48 15
346 89 48 1
416 60 48 8
295 185 48 17
160 237 48 12
370 175 48 7
302 181 48 11
326 3 48 6
327 75 48 1
329 175 48 6
397 180 48 11
187 88 48 2
225 57 48 10
338 361 48 13
413 73 48 2
437 5 48 8
161 307 48 17
11 195 48 12
404 74 48 5
377 413 48 18
91 362 48 4
187 101 48 11
380 335 48 1
186 226 48 2
176 201 48 14
402 190 48 19
366 361 48 10
73 381 48 4
219 338 48 18
12 277 48 19
427 377 48 20
127 126 48 15
372 59 48 4
225 254 48 7
439 430 48 20
288 394 48 7
151 322 48 13
321 394 48 12
237 175 48 10
247 187 48 19
212 176 48 13
111 313 48 5
110 237 48 10
444 14 48 17
128 15 48 1
3 312 48 3
77 16 48 20
74 336 48 18
441 135 48 2
272 382 48 7
378 156 48 2
424 267 48 19
139 376 48 12
378 382 48 18
424 63 48 13
15 65 48 20
447 151 48 20
306 224 48 19
121 227 48 16
101 51 48 5
287 439 48 8
202 415 48 3
438 116 48 16
17 47 48 12
66 33 48 4
129 48 48 16
67 47 48 2
20 362 48 18
318 35 48 3
304 146 48 12
233 442 48 10
318 196 48 1
222 197 48 3
55 213 48 16
279 278 48 16
128 416 48 16
41 46 48 10
114 75 48 5
410 393 48 3
38 259 48 12
174 54 48 2
311 372 48 16
406 146 48 11
179 210 48 11
445 41 48 13
296 168 48 1
205 218 48 15
159 331 48 6
38 293 48 3
398 341 48 2
9 77 48 7
61 388 48 10
329 356 48 13
346 87 48 10
128 84 48 14
207 389 48 10
255 146 48 3
357 305 48 16
77 342 48 16
209 292 48 4
162 310 48 15
169 380 48 7
99 262 48 20
185 160 48 20
34 298 48 18
380 67 48 6
9 321 48 14
303 231 48 5
34 317 48 7
67 89 48 18
440 250 48 5
15 418 48 6
425 80 48 7
305 264 48 2
272 307 48 2
331 249 48 19
332 258 48 12
32 113 48 1
45 156 48 11
400 222 48 3
161 224 48 2
232 239 48 4
235 226 48 13
62 83 48 17
58 364 48 7
352 248 48 10
265 132 48 5
61 173 48 6
98 218 48 7
4 180 48 17
8 350 48 5
261 134 48 11
48 378 48 9
361 439 48 3
54 60 48 19
63 411 48 20
320 228 48 7
408 298 48 8
161 395 48 17
79 398 48 20
219 405 48 19
136 229 48 17
310 276 48 1
263 200 48 15
298 253 48 14
259 325 48 19
21 207 48 20
371 167 48 9
446 337 48 17
312 416 48 8
346 187 48 2
293 332 48 2
384 195 48 15
405 10 48 20
427 317 48 14
62 138 48 7
116 158 48 20
398 91 48 15
83 100 48 19
172 411 48 20
222 319 48 6
230 175 48 8
28 111 48 10
102 78 48 4
375 57 48 12
16 128 48 5
428 244 48 17
153 204 48 4
54 296 48 8
281 20 48 18
40 252 48 17
432 34 48 12
261 61 48 3
295 173 48 18
347 100 48 4
279 126 48 1
348 116 48 13
137 268 48 7
17 321 48 3
6 165 48 10
405 214 48 14
229 198 48 9
236 21 48 16
354 325 48 10
101 225 48 2
362 66 48 16
314 413 48 18
71 102 48 1
32 129 48 17
287 134 48 6
115 92 48 11
204 330 48 17
336 118 48 20
82 24 48 12
446 135 48 10
36 49 48 5
198 372 48 13
29 443 48 11
137 27 48 13
128 313 48 14
294 438 48 8
225 204 48 11
354 93 48 3
66 174 48 9
102 182 48 16
373 218 48 19
261 425 48 9
115 16 48 8
90 152 48 18
193 290 48 2
439 146 48 20
330 370 48 5
122 286 48 10
32 361 48 6
413 16 48 19
43 388 48 17
179 201 48 15
240 325 48 4
305 414 48 2
397 159 48 7
374 161 48 4
341 53 48 8
74 174 48 14
347 206 48 3
355 181 48 9
98 223 48 2
78 402 48 6
26 194 48 11
446 51 48 13
133 10 48 6
110 393 48 14
241 286 48 17
305 370 48 5
218 279 48 5
34 186 48 13
322 294 48 17
113 371 48 18
114 406 48 13
3 404 48 9
306 90 48 1
340 209 48 16
77 12 48 7
313 327 48 9
285 97 48 20
26 140 48 17
383 24 48 3
79 146 48 10
186 269 48 15
39 272 48 15
400 140 48 10
323 32 48 19
201 118 48 5
375 430 48 12
24 277 48 1
398 302 48 14
74 248 48 3
42 336 48 5
391 75 48 10
242 113 48 19
59 65 48 13
432 397 48 1
119 161 48 4
274 88 48 10
309 112 48 3
12 72 48 13
292 145 48 11
167 197 48 13
178 140 48 1
20 391 48 3
133 12 48 2
385 443 48 20
231 114 48 11
194 388 48 5
149 259 48 19
390 270 48 12
49 124 48 11
412 291 48 12
207 21 48 16
85 40 48 4
86 182 48 4
162 119 48 3
197 359 48 1
392 115 48 5
227 273 48 15
184 225 48 15
222 274 48 8
394 248 48 7
326 7 48 9
407 102 48 3
421 197 48 7
447 368 48 5
32 117 48 17
177 61 48 14
262 288 48 17
168 34 48 12
353 255 48 20
205 211 48 3
357 99 48 4
92 58 48 5
323 32 48 8
278 41 48 17
371 82 48 13
375 258 48 8
56 82 48 4
9 259 48 15
187 165 48 8
200 369 48 10
14 289 48 19
302 380 48 4
243 256 48 19
381 96 48 7
3 30 48 12
188 414 48 16
433 23 48 13
82 31 48 19
210 217 48 10
156 427 48 5
312 3 48 1
129 304 48 14
4 100 48 3
367 43 48 14
324 55 48 2
372 242 48 11
230 238 48 7
180 319 48 10
379 91 48 6
304 246 48 12
161 120 48 6
306 259 48 14
394 272 48 10
299 192 48 13
310 78 48 18
350 12 48 3
367 241 48 2
405 421 48 11
27 362 48 16
323 228 48 18
150 399 48 4
437 267 48 6
134 213 48 7
396 75 48 16
254 384 48 12
167 297 48 18
331 216 48 9
285 173 48 18
120 210 48 15
45 85 48 2
226 234 48 2
80 234 48 19
211 377 48 4
157 325 48 6
294 132 48 6
71 298 48 6
306 191 48 20
345 38 48 15
356 157 48 19
302 211 48 10
28 437 48 11
162 79 48 8
115 289 48 6
291 446 48 7
94 302 48 18
291 383 48 1
346 241 48 6
170 138 48 18
186 57 48 15
401 358 48 4
263 395 48 7
358 119 48 7
250 243 48 10
70 87 48 1
215 190 48 15
54 43 48 8
190 389 48 9
79 121 48 5
5 306 48 15
97 269 48 17
410 84 48 20
264 4 48 1
207 263 48 15
1 343 48 16
250 110 48 13
363 174 48 9
402 363 48 12
254 5 48 2
243 9 48 13
299 116 48 3
264 78 48 5
187 341 48 9
227 110 48 4
63 110 48 18
442 369 48 17
127 285 48 19
291 249 48 16
416 55 48 4
214 307 48 8
327 158 48 3
271 432 48 4
308 171 48 10
348 407 48 14
214 33 48 19
422 37 48 3
293 163 48 10
346 16 48 11
325 431 48 6
318 207 48 20
320 96 48 14
436 376 48 10
193 236 48 19
300 147 48 2
69 370 48 20
405 345 48 12
216 200 48 4
310 108 48 10
216 433 48 7
185 303 48 14
14 185 48 5
11 174 48 20
438 376 48 9
152 228 48 19
272 296 48 13
434 264 48 1
185 32 48 11
99 341 48 14
39 119 48 16
419 314 48 20
121 327 48 15
366 347 48 14
103 348 48 13
85 52 48 9
213 323 48 11
263 309 48 18
221 46 48 12
377 155 48 15
194 203 48 8
6 174 48 18
121 294 48 16
430 223 48 14
28 335 48 19
1 419 48 5
211 184 48 17
279 9 48 2
154 239 48 8
69 169 48 17
335 362 48 19
273 368 48 4
86 51 48 5
226 43 48 7
276 70 48 5
225 80 48 3
236 290 48 3
121 121 48 6
325 284 48 15
137 363 48 14
103 250 48 4
281 85 48 15
185 171 48 15
392 406 48 14
385 244 48 13
264 32 48 4
125 267 48 19
168 387 48 8
230 264 48 2
84 400 48 11
105 65 48 13
51 345 48 5
364 92 48 7
290 47 48 2
258 441 48 1
305 257 48 17
431 391 48 19
419 112 48 11
81 351 48 16
46 434 48 15
363 102 48 6
45 152 48 5
269 79 48 17
216 368 48 17
132 179 48 4
301 46 48 2
44 30 48 7
73 11 48 8
41 101 48 2
283 146 48 9
41 71 48 1
310 126 48 9
39 394 48 4
317 163 48 16
184 304 48 1
54 157 48 19
191 210 48 6
271 282 48 20
25 322 48 11
139 158 48 18
240 208 48 5
5 70 48 2
379 118 48 5
383 435 48 11
318 181 48 2
431 245 48 2
143 445 48 15
350 268 48 3
111 302 48 12
430 3 48 14
10 253 48 3
107 267 48 16
330 198 48 18
62 144 48 12
403 24 48 10
163 8 48 16
79 160 48 11
214 62 48 13
183 183 48 17
36 175 48 9
57 194 48 16
284 300 48 18
134 192 48 17
111 253 48 15
85 218 48 7
249 380 48 6
211 21 48 10
169 234 48 5
415 426 48 9
57 15 48 17
159 71 48 14
66 354 48 16
240 50 48 14
174 170 48 14
261 254 48 8
371 66 48 3
42 276 48 18
338 7 48 1
249 421 48 20
352 41 48 17
182 209 48 14
205 285 48 9
91 77 48 7
178 260 48 15
80 73 48 18
200 443 48 4
263 47 48 1
346 385 48 19
225 186 48 20
83 101 48 15
402 282 48 20
344 50 48 15
203 150 48 9
121 327 48 18
198 406 48 20
92 169 48 10
61 431 48 16
305 329 48 9
119 106 48 5
363 189 48 11
210 143 48 15
255 50 48 19
148 262 48 10
126 382 48 13
364 132 48 2
226 234 48 3
94 294 48 11
446 152 48 15
297 280 48 3
344 195 48 11
44 404 48 11
26 221 48 11
66 378 48 16
246 67 48 16
324 430 48 1
361 218 48 5
129 312 48 7
327 320 48 10
406 179 48 1
154 76 48 3
89 119 48 18
177 154 48 1
314 220 48 8
275 28 48 6
170 351 48 17
207 275 48 8
29 413 48 13
155 293 48 15
432 261 48 19
94 414 48 16
407 56 48 16
239 242 48 11
302 119 48 14
295 393 48 11
364 126 48 10
415 342 48 9
246 380 48 18
389 88 48 18
413 72 48 15
179 166 48 5
20 135 48 5
437 374 48 17
113 228 48 4
18 85 48 13
397 1 48 18
242 415 48 20
362 223 48 7
447 164 48 2
387 140 48 6
140 318 48 10
307 338 48 16
102 327 48 2
129 2 48 8
283 19 48 17
383 425 48 10
181 219 48 7
320 133 48 16
392 142 48 8
103 91 48 15
343 241 48 3
311 110 48 14
414 212 48 20
5 340 48 11
281 175 48 8
193 121 48 5
116 301 48 3
5 184 48 20
117 128 48 11
403 230 48 11
380 136 48 1
238 9 48 9
443 422 48 16
90 437 48 10
185 280 48 19
308 25 48 14
408 140 48 12
280 155 48 5
294 271 48 19
12 226 48 8
268 169 48 8
327 416 48 8
49 412 48 17
438 64 48 3
273 259 48 18
292 119 48 18
431 80 48 14
433 369 48 11
182 215 48 16
57 236 48 6
172 67 48 18
422 403 48 6
234 14 48 12
30 5 48 7
272 277 48 12
346 121 48 6
444 104 48 14
255 99 48 18
210 290 48 9
9 347 48 10
23 71 48 18
215 56 48 17
375 299 48 17
63 338 48 12
271 162 48 16
290 70 48 15
427 66 48 6
217 331 48 20
364 103 48 15
299 111 48 16
22 133 48 6
268 357 48 13
12 295 48 12
227 367 48 11
446 190 48 4
47 32 48 8
225 21 48 13
69 237 48 11
22 164 48 4
264 25 48 9
415 46 48 1
199 323 48 11
39 334 48 11
186 124 48 5
224 122 48 11
422 179 48 20
253 413 48 17
159 35 48 1
395 56 48 8
276 329 48 7
278 296 48 19
423 57 48 1
30 95 48 1
388 281 48 16
218 57 48 1
237 41 48 10
307 303 48 17
397 14 48 12
277 408 48 14
340 247 48 17
417 87 48 20
112 62 48 9
129 101 48 15
33 51 48 15
69 268 48 19
237 67 48 3
136 373 48 13
1 323 48 7
356 162 48 13
330 55 48 8
194 34 48 20
354 146 48 12
123 274 48 16
433 316 48 20
150 385 48 14
369 174 48 6
202 320 48 5
328 320 48 2
40 238 48 5
169 130 48 6
98 324 48 19
123 230 48 13
219 362 48 20
416 347 48 6
227 59 48 1
315 438 48 1
22 192 48 4
112 82 48 18
77 121 48 15
214 290 48 15
404 397 48 8
181 82 48 5
103 300 48 2
309 279 48 6
383 58 48 2
404 382 48 18
161 403 48 8
228 68 48 15
186 154 48 19
382 367 48 11
261 334 48 19
25 67 48 6
29 180 48 15
393 51 48 10
220 433 48 14
106 399 48 20
428 112 48 14
48 349 48 3
207 88 48 8
39 32 48 3
170 302 48 8
260 337 48 5
431 365 48 11
7 310 48 17
309 83 48 8
230 198 48 16
86 178 48 10
354 236 48 8
252 442 48 17
303 33 48 11
284 212 48 15
151 34 48 10
85 17 48 12
207 23 48 3
380 341 48 19
100 124 48 2
219 219 48 9
12 135 48 20
153 386 48 9
392 241 48 6
225 78 48 1
349 238 48 12
373 322 48 16
313 92 48 20
136 24 48 20
41 133 48 3
143 351 48 8
433 362 48 8
53 78 48 9
125 32 48 7
238 256 48 3
116 167 48 8
36 92 48 8
410 415 48 12
379 103 48 1
241 154 48 2
227 296 48 4
3 281 48 14
361 344 48 1
209 31 48 13
308 268 48 20
47 393 48 9
24 429 48 20
322 401 48 6
274 332 48 17
259 125 48 14
376 361 48 18
397 374 48 19
353 287 48 15
375 58 48 19
439 366 48 8
310 422 48 12
348 445 48 5
31 329 48 3
137 165 48 13
356 433 48 10
281 362 48 18
55 321 48 3
119 236 48 17
89 164 48 16
89 165 48 19
356 27 48 20
132 375 48 13
346 415 48 3
66 114 48 19
117 23 48 3
313 313 48 19
422 367 48 10
20 48 48 11
361 146 48 13
302 234 48 9
182 143 48 2
36 284 48 9
344 183 48 5
87 248 48 12
15 375 48 9
365 240 48 9
202 224 48 3
369 253 48 7
325 166 48 17
444 30 48 1
290 211 48 20
163 246 48 5
419 143 48 11
196 239 48 12
96 253 48 9
18 180 48 15
262 391 48 7
436 313 48 19
221 190 48 15
141 197 48 7
304 49 48 8
163 211 48 3
305 183 48 3
192 388 48 10
336 46 48 8
408 63 48 17
271 334 48 17
378 333 48 20
289 106 48 16
376 246 48 10
55 102 48 10
381 274 48 8
79 141 48 14
366 342 48 12
8 231 48 17
359 191 48 17
442 24 48 13
32 411 48 6
391 263 48 15
56 191 48 8
363 255 48 5
282 188 48 7
412 267 48 20
286 195 48 4
101 202 48 1
417 113 48 4
359 118 48 15
187 149 48 6
357 103 48 6
185 158 48 6
268 83 48 8
5 365 48 19
26 329 48 2
188 167 48 19
254 277 48 2
103 257 48 8
142 168 48 8
214 364 48 14
250 283 48 14
101 30 48 19
152 297 48 3
10 311 48 14
56 337 48 12
387 87 48 6
19 350 48 5
300 5 48 12
256 146 48 8
329 359 48 5
113 162 48 20
447 262 48 7
53 414 48 5
179 423 48 10
232 41 48 1
166 438 48 17
277 9 48 1
217 308 48 5
423 126 48 12
359 17 48 1
211 130 48 4
355 139 48 10
81 191 48 5
113 380 48 8
445 164 48 8
240 340 48 8
120 169 48 18
350 395 48 10
136 380 48 13
78 291 48 4
378 54 48 10
402 418 48 4
240 61 48 13
65 173 48 14
312 180 48 16
172 419 48 7
13 92 48 20
319 441 48 19
48 139 48 11
350 216 48 19
222 156 48 11
222 110 48 6
371 360 48 18
273 424 48 15
107 298 48 15
114 32 48 1
24 44 48 7
101 372 48 17
136 420 48 16
102 322 48 2
359 96 48 13
241 328 48 6
94 261 48 16
6 86 48 19
101 202 48 2
385 325 48 13
193 348 48 18
103 2 48 12
15 147 48 19
66 248 48 7
343 169 48 1
328 410 48 9
422 56 48 7
439 71 48 19
431 181 48 18
284 128 48 19
168 321 48 2
105 433 48 17
424 447 48 3
258 66 48 2
434 408 48 2
258 288 48 16
419 272 48 18
393 263 48 17
5 257 48 9
275 103 48 6
422 270 48 2
33 384 48 3
92 361 48 18
297 181 48 13
323 177 48 10
70 434 48 1
226 415 48 11
10 360 48 1
311 364 48 16
356 201 48 10
92 186 48 15
147 218 48 20
198 310 48 5
238 169 48 4
363 44 48 10
1 113 48 17
383 348 48 11
152 367 48 12
184 231 48 8
35 149 48 6
425 240 48 15
210 397 48 16
379 147 48 18
23 394 48 3
295 309 48 11
307 319 48 17
305 254 48 14
270 415 48 5
158 152 48 5
410 186 48 2
415 174 48 3
168 393 48 8
138 324 48 12
428 347 48 4
439 204 48 8
56 63 48 1
253 367 48 15
341 200 48 20
358 367 48 9
168 329 48 17
126 306 48 4
334 36 48 4
44 174 48 18
357 154 48 13
159 155 48 20
289 220 48 2
280 26 48 5
97 366 48 1
329 286 48 1
264 6 48 11
405 141 48 2
272 28 48 14
95 71 48 16
241 438 48 9
286 149 48 3
97 1 48 1
408 280 48 10
212 387 48 12
214 268 48 3
136 94 48 11
397 52 48 5
69 333 48 8
233 437 48 19
124 230 48 8
167 78 48 10
375 175 48 13
355 145 48 9
360 366 48 11
293 133 48 11
74 278 48 9
307 227 48 14
233 295 48 17
197 91 48 4
231 214 48 6
265 380 48 1
447 317 48 14
193 224 48 6
218 146 48 20
192 1 48 18
423 74 48 12
310 380 48 11
249 176 48 10
83 372 48 1
343 155 48 4
396 429 48 15
90 428 48 10
404 183 48 11
426 410 48 17
377 154 48 9
2 129 48 3
362 2 48 3
55 250 48 19
52 332 48 18
139 237 48 10
439 196 48 2
234 285 48 16
346 251 48 3
255 240 48 17
299 169 48 2
353 180 48 14
34 95 48 20
105 149 48 14
340 200 48 16
63 338 48 17
396 329 48 15
254 125 48 2
112 24 48 12
142 278 48 17
145 139 48 1
312 54 48 9
160 98 48 5
9 202 48 3
117 104 48 12
109 176 48 12
347 125 48 10
324 378 48 9
157 52 48 9
241 203 48 1
127 348 48 1
181 222 48 13
425 381 48 16
315 399 48 4
354 68 48 20
154 186 48 8
302 85 48 11
340 418 48 2
46 128 48 16
242 378 48 8
268 58 48 13
442 248 48 13
223 225 48 13
100 93 48 20
179 9 48 11
381 172 48 9
301 26 48 14
356 366 48 10
350 421 48 1
386 216 48 18
187 36 48 18
345 31 48 1
277 263 48 18
142 362 48 15
415 103 48 14
318 36 48 11
396 347 48 12
131 255 48 4
274 157 48 3
117 105 48 20
338 291 48 3
178 198 48 5
276 27 48 18
152 178 48 18
139 155 48 19
125 25 48 14
302 430 48 17
47 114 48 11
178 397 48 1
272 67 48 12
154 414 48 13
71 154 48 10
29 430 48 1
248 144 48 16
392 282 48 20
192 416 48 9
27 270 48 17
208 327 48 3
206 57 48 4
370 338 48 11
192 44 48 6
305 124 48 2
188 162 48 12
97 420 48 17
184 364 48 8
436 108 48 1
265 144 48 20
86 361 48 3
21 129 48 6
352 52 48 15
312 243 48 17
238 110 48 14
327 297 48 4
399 394 48 3
166 140 48 20
225 128 48 15
253 402 48 19
103 41 48 2
289 71 48 16
84 432 48 19
216 296 48 18
401 96 48 12
262 422 48 16
295 383 48 9
290 102 48 6
222 336 48 12
261 141 48 13
443 243 48 15
102 84 48 16
337 167 48 15
185 392 48 14
276 345 48 2
40 170 48 9
110 17 48 17
126 317 48 16
291 91 48 13
137 351 48 19
395 356 48 7
255 11 48 17
196 357 48 8
110 94 48 12
330 380 48 19
207 419 48 9
59 81 48 9
304 216 48 2
202 59 48 15
446 206 48 6
384 163 48 2
117 427 48 7
400 175 48 5
403 295 48 18
351 177 48 12
216 383 48 2
240 5 48 11
300 308 48 3
230 72 48 12
259 81 48 8
192 17 48 8
43 143 48 14
361 95 48 7
141 51 48 8
14 411 48 15
277 189 48 9
63 438 48 19
387 290 48 5
31 82 48 3
191 341 48 4
119 95 48 19
219 137 48 18
299 60 48 13
106 200 48 16
217 223 48 18
57 52 48 17
299 115 48 13
89 64 48 7
205 94 48 7
393 295 48 1
214 423 48 6
61 205 48 15
50 56 48 14
134 161 48 19
287 387 48 20
404 6 48 7
271 304 48 15
119 392 48 14
266 160 48 19
47 105 48 20
179 319 48 16
394 379 48 15
309 439 48 2
282 135 48 15
18 421 48 1
413 387 48 6
422 211 48 19
109 339 48 9
305 157 48 2
158 213 48 12
305 391 48 17
1 348 48 11
337 219 48 12
292 53 48 20
416 70 48 15
33 45 48 1
91 30 48 20
16 138 48 12
343 442 48 15
381 153 48 4
77 20 48 2
101 20 48 16
57 367 48 8
23 221 48 12
114 189 48 9
188 221 48 20
211 322 48 10
445 347 48 6
122 242 48 13
413 176 48 14
32 262 48 8
41 363 48 17
408 429 48 13
98 4 48 5
298 117 48 12
131 314 48 1
8 78 48 15
361 75 48 20
414 196 48 15
14 171 48 7
214 202 48 7
443 253 48 18
254 223 48 15
442 330 48 1
402 181 48 13
104 321 48 19
37 328 48 17
290 251 48 10
443 217 48 18
401 230 48 14
96 6 48 15
53 11 48 5
372 275 48 16
235 269 48 7
102 223 48 2
95 337 48 9
401 373 48 19
348 215 48 9
368 221 48 8
147 174 48 17
97 269 48 4
258 322 48 14
224 256 48 6
412 44 48 13
45 155 48 3
306 249 48 16
439 212 48 16
16 112 48 14
289 43 48 4
342 199 48 17
187 305 48 15
37 115 48 1
355 348 48 16
43 322 48 5
9 367 48 17
208 225 48 16
285 226 48 4
298 241 48 7
88 93 48 13
98 444 48 11
291 193 48 8
305 239 48 4
204 147 48 5
358 199 48 16
108 208 48 17
12 415 48 5
174 262 48 5
110 122 48 18
158 219 48 10
248 326 48 4
100 169 48 20
256 37 48 2
89 240 48 2
280 150 48 9
346 257 48 12
330 278 48 9
102 14 48 16
99 123 48 15
346 281 48 17
239 91 48 19
127 200 48 11
218 18 48 18
100 117 48 13
128 396 48 19
354 294 48 4
351 187 48 4
314 298 48 14
112 406 48 9
22 304 48 8
170 105 48 11
186 232 48 11
381 12 48 17
155 111 48 3
178 238 48 9
360 154 48 8
351 57 48 15
192 371 48 15
36 45 48 4
13 76 48 11
269 245 48 15
179 431 48 10
289 364 48 16
416 82 48 18
212 269 48 17
403 182 48 1
14 95 48 15
