2000 500
5 276 48 6
331 374 48 19
224 224 48 6
203 19 48 1
104 72 48 1
178 304 48 2
7 224 48 4
163 430 48 18
34 411 48 2
439 401 48 8
236 405 48 18
314 299 48 20
34 75 48 9
296 287 48 17
151 390 48 10
207 120 48 10
331 127 48 4
316 299 48 5
233 332 48 2
217 333 48 2
260 132 48 3
132 445 48 2
378 31 48 7
410 336 48 18
3 49 48 20
134 255 48 2
121 138 48 18
341 6 48 5
107 239 48 5
273 18 48 13
412 287 48 4
62 419 48 19
10 349 48 12
42 311 48 16
351 323 48 15
165 19 48 1
108 139 48 12
178 32 48 6
98 148 48 2
360 430 48 1
71 395 48 15
359 9 48 12
208 29 48 20
86 70 48 19
310 430 48 17
134 147 48 3
213 265 48 18
439 442 48 5
223 92 48 2
256 15 48 20
315 95 48 2
214 6 48 2
94 223 48 8
322 309 48 10
423 181 48 15
419 314 48 4
423 89 48 20
128 80 48 20
322 303 48 1
216 121 48 6
92 445 48 20
373 222 48 2
215 315 48 20
95 200 48 8
54 185 48 10
433 157 48 16
85 132 48 12
437 270 48 19
347 154 48 12
358 369 48 4
393 23 48 16
75 405 48 17
219 172 48 6
139 276 48 3
377 330 48 18
358 325 48 6
206 409 48 1
142 409 48 9
157 318 48 6
38 238 48 13
48 183 48 10
66 267 48 17
305 48 48 9
422 197 48 3
300 136 48 18
353 47 48 12
125 252 48 19
29 393 48 8
211 102 48 14
100 149 48 5
366 197 48 10
218 272 48 16
18 140 48 1
9 114 48 19
275 423 48 1
434 329 48 17
23 16 48 6
20 54 48 7
436 265 48 11
274 374 48 12
360 302 48 19
180 73 48 15
277 100 48 11
431 108 48 5
324 392 48 19
362 378 48 3
447 400 48 2
335 430 48 7
169 428 48 20
114 264 48 18
207 176 48 14
60 366 48 20
184 205 48 1
10 188 48 9
396 64 48 14
320 435 48 7
126 434 48 1
394 322 48 16
268 43 48 19
427 166 48 16
64 372 48 2
3 441 48 16
24 187 48 17
154 196 48 5
391 154 48 10
126 27 48 13
248 152 48 1
332 98 48 1
399 375 48 11
445 364 48 1
318 428 48 15
367 440 48 10
333 27 48 14
57 180 48 7
424 124 48 3
408 259 48 11
389 59 48 14
346 390 48 5
188 341 48 10
81 349 48 10
140 219 48 1
123 138 48 8
109 34 48 11
282 100 48 2
204 76 48 4
279 46 48 7
380 444 48 13
195 353 48 18
107 103 48 7
413 183 48 17
179 322 48 7
382 7 48 8
131 126 48 6
352 407 48 6
306 163 48 16
393 4 48 7
291 383 48 9
257 130 48 16
166 246 48 20
435 212 48 4
148 400 48 7
99 335 48 17
198 18 48 2
330 369 48 7
114 238 48 12
441 183 48 5
366 37 48 10
297 293 48 18
134 21 48 15
62 8 48 13
193 155 48 1
199 264 48 8
221 14 48 17
368 344 48 19
37 20 48 14
326 13 48 9
162 388 48 19
400 248 48 8
320 381 48 4
49 5 48 15
446 198 48 7
349 396 48 20
138 169 48 9
402 99 48 2
160 135 48 4
145 24 48 12
322 185 48 2
89 137 48 4
158 19 48 5
247 68 48 17
344 66 48 2
149 414 48 19
236 115 48 20
327 79 48 2
334 238 48 19
361 382 48 15
410 266 48 14
419 364 48 9
219 74 48 18
398 321 48 2
145 217 48 9
89 375 48 9
428 164 48 8
51 53 48 15
219 397 48 20
85 310 48 4
430 282 48 15
66 253 48 5
284 34 48 11
94 442 48 6
408 139 48 20
361 238 48 18
280 218 48 9
313 279 48 17
434 60 48 10
345 154 48 4
200 137 48 10
330 202 48 9
367 48 48 6
41 142 48 16
44 112 48 7
274 25 48 13
432 304 48 20
315 169 48 18
251 165 48 20
146 72 48 6
350 281 48 1
408 164 48 7
272 93 48 8
179 143 48 18
80 187 48 2
129 23 48 7
416 7 48 3
36 322 48 7
391 135 48 7
358 281 48 8
32 183 48 7
289 154 48 9
310 425 48 6
379 166 48 2
151 245 48 13
25 383 48 18
381 351 48 8
146 396 48 10
89 339 48 20
197 260 48 20
387 291 48 5
400 143 48 3
139 5 48 15
427 393 48 6
401 97 48 15
134 121 48 8
337 64 48 11
99 209 48 9
192 298 48 5
419 57 48 17
43 443 48 14
296 405 48 5
265 96 48 20
211 76 48 13
332 39 48 15
260 173 48 19
113 62 48 10
327 170 48 4
53 361 48 10
127 342 48 14
3 384 48 13
189 232 48 15
71 59 48 10
404 269 48 2
235 163 48 12
173 422 48 17
231 98 48 14
352 434 48 2
245 39 48 6
445 165 48 10
255 177 48 4
60 366 48 2
279 436 48 16
147 402 48 14
100 189 48 19
102 361 48 11
285 154 48 4
93 59 48 20
69 313 48 9
416 311 48 17
210 118 48 10
387 187 48 4
359 18 48 4
390 165 48 9
252 274 48 3
286 385 48 2
295 233 48 2
401 325 48 6
47 403 48 17
188 371 48 15
46 133 48 14
91 83 48 18
54 441 48 1
25 393 48 5
387 207 48 11
54 46 48 1
101 350 48 13
291 304 48 4
103 360 48 4
227 110 48 9
224 165 48 14
328 256 48 9
181 319 48 7
51 344 48 13
96 293 48 10
414 356 48 10
232 9 48 11
293 310 48 7
230 422 48 18
123 201 48 12
397 424 48 17
356 314 48 15
397 47 48 9
441 107 48 1
441 202 48 19
191 178 48 11
5 410 48 4
159 265 48 1
179 47 48 19
121 180 48 14
182 129 48 20
408 37 48 10
441 443 48 5
366 446 48 6
187 440 48 20
311 193 48 7
343 207 48 18
393 366 48 6
316 107 48 14
202 238 48 18
299 419 48 6
391 379 48 3
340 383 48 17
354 301 48 3
28 41 48 16
351 361 48 6
404 256 48 2
429 211 48 7
271 79 48 7
169 281 48 6
247 142 48 19
5 85 48 12
247 434 48 14
46 341 48 9
301 378 48 2
111 281 48 11
123 247 48 6
342 228 48 15
31 61 48 13
284 230 48 4
337 29 48 9
362 43 48 12
318 289 48 9
229 345 48 10
430 208 48 20
235 329 48 9
409 14 48 13
392 355 48 7
138 396 48 2
409 242 48 18
87 132 48 5
342 46 48 20
245 373 48 7
145 164 48 5
384 146 48 16
117 390 48 16
131 352 48 14
391 296 48 2
441 443 48 16
105 404 48 6
8 53 48 12
396 395 48 17
380 202 48 12
215 356 48 10
404 303 48 11
353 419 48 6
194 102 48 8
48 45 48 11
256 49 48 13
423 153 48 6
384 171 48 15
29 129 48 19
186 71 48 9
278 295 48 15
76 251 48 17
39 167 48 6
392 360 48 8
202 407 48 17
317 215 48 1
427 190 48 13
47 136 48 9
176 164 48 1
262 359 48 2
112 189 48 20
308 274 48 17
369 313 48 11
402 257 48 10
99 22 48 7
297 338 48 11
87 318 48 15
49 374 48 10
181 112 48 1
4 373 48 14
345 37 48 10
87 355 48 12
89 286 48 20
257 250 48 11
337 348 48 11
386 198 48 14
212 294 48 1
238 352 48 13
400 85 48 12
288 98 48 20
87 6 48 14
85 92 48 3
367 190 48 11
66 446 48 17
42 345 48 18
39 293 48 20
374 57 48 7
131 305 48 15
282 267 48 16
86 107 48 19
273 203 48 12
59 288 48 7
199 217 48 20
187 282 48 5
415 334 48 19
107 372 48 12
5 298 48 2
197 439 48 16
292 273 48 7
35 358 48 7
322 193 48 18
177 251 48 12
133 12 48 13
278 199 48 16
421 176 48 20
24 292 48 11
366 297 48 13
327 46 48 20
156 347 48 16
240 381 48 9
4 265 48 13
417 4 48 19
233 136 48 11
265 413 48 13
141 396 48 9
351 419 48 7
38 347 48 8
32 227 48 2
18 382 48 4
275 184 48 8
6 197 48 14
377 166 48 7
104 398 48 11
299 215 48 19
246 366 48 5
378 269 48 9
344 316 48 12
170 347 48 6
50 364 48 7
277 202 48 1
1 207 48 12
446 136 48 11
447 249 48 7
147 111 48 18
270 366 48 13
341 296 48 11
383 202 48 6
335 381 48 7
66 431 48 8
188 270 48 14
57 280 48 17
122 288 48 16
362 288 48 3
116 444 48 7
85 266 48 5
418 159 48 13
136 105 48 9
178 439 48 2
110 68 48 16
426 265 48 2
38 331 48 13
324 15 48 8
299 377 48 7
85 45 48 12
438 139 48 20
272 120 48 17
401 255 48 6
294 432 48 14
131 105 48 3
398 83 48 15
51 130 48 13
440 7 48 2
212 315 48 7
292 409 48 10
368 409 48 18
272 233 48 6
345 196 48 1
75 52 48 4
254 183 48 2
62 133 48 10
125 193 48 18
82 185 48 9
53 407 48 19
410 251 48 14
374 181 48 8
30 15 48 17
252 370 48 5
291 7 48 20
315 270 48 16
15 332 48 4
245 9 48 12
157 100 48 10
95 152 48 8
347 124 48 5
113 51 48 20
287 90 48 16
256 342 48 18
420 185 48 15
188 62 48 7
139 77 48 10
232 321 48 10
70 40 48 18
103 134 48 9
85 43 48 7
327 155 48 7
312 4 48 6
322 259 48 8
253 241 48 17
191 428 48 18
399 129 48 19
53 360 48 6
163 440 48 16
373 95 48 17
297 180 48 19
354 69 48 15
15 391 48 16
222 265 48 6
323 70 48 1
161 261 48 12
81 222 48 8
77 274 48 2
393 437 48 15
321 362 48 20
382 221 48 19
38 127 48 12
305 151 48 7
128 372 48 11
219 247 48 6
103 418 48 1
425 51 48 19
428 128 48 5
353 83 48 13
271 404 48 16
283 338 48 18
37 386 48 14
306 243 48 9
82 371 48 14
111 152 48 2
230 265 48 7
162 252 48 2
315 232 48 20
305 147 48 14
283 417 48 12
186 252 48 2
308 288 48 9
120 147 48 11
93 228 48 12
437 348 48 17
143 141 48 9
267 302 48 8
441 170 48 5
305 27 48 1
261 309 48 4
174 47 48 3
424 365 48 6
175 47 48 7
168 139 48 13
95 128 48 6
183 271 48 12
88 90 48 3
254 93 48 8
204 407 48 12
300 220 48 7
376 393 48 2
257 379 48 13
435 116 48 5
312 284 48 20
436 388 48 5
13 123 48 19
188 220 48 16
217 26 48 9
415 229 48 5
212 91 48 2
317 30 48 10
42 296 48 4
131 283 48 10
267 157 48 20
94 145 48 9
58 167 48 1
303 354 48 4
189 123 48 9
178 100 48 8
135 311 48 2
312 191 48 9
8 232 48 8
82 363 48 8
271 182 48 3
307 275 48 9
282 342 48 19
390 197 48 10
269 386 48 10
194 126 48 4
346 260 48 17
152 135 48 1
434 142 48 9
127 223 48 20
102 56 48 3
243 362 48 9
81 197 48 2
96 149 48 6
17 427 48 11
70 173 48 2
223 72 48 19
240 223 48 20
9 210 48 10
10 346 48 16
373 1 48 16
33 243 48 12
424 324 48 10
263 419 48 6
298 445 48 20
281 67 48 11
399 290 48 20
329 82 48 16
394 100 48 10
162 110 48 9
153 45 48 1
209 88 48 12
179 74 48 17
356 336 48 15
233 196 48 11
90 39 48 10
130 437 48 8
240 319 48 13
136 265 48 6
241 436 48 6
255 141 48 12
268 359 48 19
77 91 48 15
219 9 48 4
342 241 48 13
15 341 48 10
212 33 48 10
240 272 48 14
370 418 48 10
152 211 48 19
43 28 48 10
445 296 48 16
41 372 48 2
157 154 48 17
171 58 48 19
391 83 48 14
213 294 48 9
24 96 48 7
153 18 48 20
109 169 48 17
63 221 48 5
158 219 48 18
165 269 48 19
271 425 48 3
386 158 48 4
304 112 48 5
125 324 48 7
425 357 48 6
112 62 48 5
217 180 48 15
95 252 48 19
447 410 48 10
201 127 48 6
326 407 48 1
177 355 48 3
85 221 48 19
66 355 48 3
359 342 48 4
291 7 48 7
251 233 48 1
389 327 48 4
300 336 48 6
440 89 48 14
410 424 48 10
348 153 48 17
16 238 48 19
232 313 48 15
344 224 48 7
365 68 48 12
447 328 48 10
281 269 48 1
356 121 48 9
404 123 48 17
140 86 48 9
293 443 48 1
354 11 48 7
188 252 48 4
386 158 48 10
22 75 48 7
131 84 48 15
25 364 48 20
255 282 48 9
374 238 48 10
134 388 48 14
317 233 48 9
206 139 48 1
342 336 48 8
343 275 48 12
121 306 48 20
422 437 48 6
157 14 48 2
159 279 48 4
292 205 48 8
101 338 48 9
14 207 48 20
370 423 48 16
298 317 48 17
31 213 48 8
377 333 48 19
351 307 48 18
407 26 48 10
390 185 48 6
197 29 48 3
261 139 48 1
266 153 48 4
56 85 48 9
441 382 48 18
278 412 48 9
389 352 48 20
359 255 48 9
327 224 48 4
319 166 48 3
142 372 48 6
169 196 48 12
96 14 48 17
240 69 48 10
358 72 48 15
356 350 48 17
129 291 48 14
234 212 48 10
209 92 48 6
209 410 48 13
403 105 48 12
178 283 48 16
102 389 48 5
178 181 48 14
348 101 48 15
6 20 48 11
85 148 48 1
68 382 48 5
315 153 48 11
348 371 48 12
100 326 48 10
234 66 48 11
115 168 48 14
10 355 48 15
429 266 48 2
26 281 48 13
429 365 48 20
249 442 48 9
270 319 48 9
382 219 48 15
19 329 48 1
218 115 48 20
252 229 48 8
227 238 48 9
382 230 48 15
210 255 48 13
58 247 48 15
53 48 48 10
439 327 48 7
93 261 48 11
117 289 48 15
19 69 48 2
443 320 48 12
141 99 48 16
203 43 48 1
83 253 48 13
243 320 48 9
320 372 48 14
411 373 48 20
373 28 48 9
116 144 48 12
198 172 48 20
383 167 48 13
360 317 48 10
138 72 48 3
144 154 48 15
425 396 48 10
48 278 48 19
185 241 48 18
201 176 48 11
30 302 48 8
168 52 48 13
364 444 48 18
442 367 48 17
182 57 48 12
412 210 48 7
9 188 48 16
373 245 48 15
233 440 48 11
19 193 48 4
278 233 48 2
234 400 48 3
370 326 48 17
236 330 48 6
409 65 48 6
216 39 48 17
176 47 48 12
85 429 48 11
272 215 48 6
252 233 48 20
427 73 48 10
447 306 48 11
80 239 48 2
167 27 48 16
173 445 48 5
235 213 48 20
80 389 48 7
121 26 48 5
407 297 48 15
248 111 48 15
282 91 48 15
110 100 48 16
348 189 48 1
16 356 48 7
24 91 48 12
96 336 48 9
206 415 48 14
373 88 48 18
84 58 48 2
19 305 48 10
196 149 48 12
435 269 48 14
106 169 48 10
15 194 48 5
408 218 48 16
361 313 48 19
79 82 48 11
196 17 48 7
348 110 48 18
349 128 48 9
24 323 48 10
246 320 48 12
120 426 48 9
183 3 48 11
163 410 48 16
234 333 48 4
193 412 48 11
129 160 48 11
163 70 48 8
263 418 48 20
221 5 48 9
338 250 48 6
275 370 48 1
401 115 48 10
263 277 48 17
352 74 48 3
316 276 48 18
372 415 48 19
443 130 48 3
177 402 48 4
47 176 48 18
250 76 48 20
325 360 48 4
388 313 48 19
6 128 48 2
44 42 48 7
415 358 48 20
312 282 48 16
379 287 48 13
67 16 48 9
173 73 48 3
293 332 48 13
226 209 48 2
80 159 48 20
59 164 48 7
324 218 48 8
215 195 48 9
381 69 48 1
78 447 48 14
350 77 48 9
140 259 48 4
105 105 48 8
145 340 48 18
108 419 48 6
383 40 48 9
338 363 48 4
345 130 48 17
272 64 48 14
33 141 48 16
91 53 48 7
174 193 48 2
339 297 48 9
388 5 48 20
198 122 48 14
176 57 48 19
337 394 48 10
259 302 48 7
394 126 48 20
141 169 48 5
355 269 48 14
197 442 48 20
298 343 48 13
66 283 48 16
173 43 48 11
262 228 48 9
390 117 48 8
433 385 48 16
169 332 48 5
425 35 48 2
374 389 48 5
386 149 48 14
142 446 48 4
205 65 48 10
282 247 48 13
43 61 48 10
297 3 48 5
61 446 48 7
135 167 48 3
335 145 48 14
266 81 48 1
18 19 48 1
211 161 48 3
309 375 48 12
252 220 48 15
237 262 48 16
2 112 48 7
331 182 48 4
160 326 48 17
330 224 48 6
77 42 48 15
233 60 48 20
90 280 48 18
403 152 48 17
342 403 48 7
71 203 48 2
318 204 48 7
130 97 48 5
387 256 48 12
373 148 48 19
57 225 48 19
278 20 48 1
70 120 48 6
33 85 48 20
380 426 48 20
52 60 48 11
432 387 48 2
40 69 48 8
275 18 48 9
409 390 48 5
309 9 48 3
251 296 48 15
271 376 48 8
114 408 48 1
128 350 48 1
98 401 48 7
269 385 48 6
197 424 48 16
232 262 48 20
85 223 48 19
85 85 48 5
310 345 48 18
127 178 48 16
63 292 48 9
83 429 48 13
81 79 48 18
149 348 48 1
155 107 48 6
230 338 48 4
331 432 48 10
375 70 48 11
428 389 48 17
339 68 48 9
178 130 48 3
424 222 48 18
135 302 48 15
246 13 48 15
294 168 48 7
339 397 48 4
198 290 48 12
280 218 48 1
18 208 48 1
101 99 48 10
371 286 48 3
38 262 48 16
133 406 48 6
317 204 48 10
401 60 48 7
155 399 48 4
256 159 48 1
331 438 48 15
39 19 48 15
144 129 48 6
317 52 48 15
181 89 48 2
267 231 48 19
217 101 48 3
179 64 48 18
309 228 48 18
407 36 48 18
338 377 48 18
39 425 48 10
414 121 48 2
440 437 48 2
304 171 48 4
439 447 48 14
85 216 48 9
391 394 48 3
320 265 48 4
199 225 48 17
237 115 48 3
286 164 48 14
352 130 48 11
100 133 48 14
345 436 48 7
232 438 48 5
359 75 48 13
139 29 48 13
2 348 48 10
83 109 48 9
210 356 48 10
275 194 48 18
308 98 48 7
24 207 48 3
186 105 48 12
72 336 48 2
413 247 48 3
76 395 48 18
142 396 48 8
25 42 48 19
153 261 48 11
395 88 48 18
373 405 48 5
33 438 48 15
273 177 48 20
74 258 48 16
302 223 48 4
167 308 48 8
71 2 48 6
321 37 48 6
243 189 48 4
73 146 48 15
106 71 48 19
247 113 48 12
147 395 48 18
151 21 48 12
43 322 48 2
191 42 48 2
286 112 48 6
339 442 48 13
434 248 48 15
331 330 48 9
336 446 48 16
289 245 48 11
242 401 48 7
371 104 48 17
320 156 48 12
54 346 48 12
96 194 48 10
140 95 48 14
229 81 48 13
70 422 48 5
55 310 48 12
111 151 48 10
289 402 48 13
414 335 48 4
103 217 48 6
134 271 48 6
195 376 48 19
388 78 48 7
138 307 48 10
135 376 48 17
14 440 48 2
349 103 48 14
43 401 48 18
128 368 48 17
325 33 48 8
241 166 48 3
54 371 48 3
71 321 48 7
182 11 48 18
373 145 48 11
102 168 48 6
130 69 48 12
328 112 48 17
34 249 48 13
75 136 48 16
342 376 48 4
432 440 48 6
3 73 48 19
109 254 48 8
74 189 48 17
424 290 48 19
330 429 48 8
338 310 48 15
309 353 48 12
201 427 48 7
145 331 48 12
244 315 48 14
287 328 48 7
192 446 48 13
118 73 48 2
187 59 48 13
424 398 48 17
303 288 48 10
292 160 48 17
83 370 48 8
29 67 48 8
350 320 48 13
227 159 48 4
175 361 48 7
387 41 48 12
350 227 48 9
155 214 48 2
399 69 48 16
58 360 48 18
80 5 48 9
91 33 48 8
432 393 48 6
204 172 48 14
303 346 48 9
411 295 48 19
153 197 48 20
411 352 48 15
173 313 48 7
222 381 48 15
3 13 48 9
143 113 48 5
369 97 48 17
10 301 48 11
277 166 48 1
10 139 48 1
230 292 48 2
240 255 48 10
25 427 48 13
326 211 48 7
92 213 48 13
319 365 48 18
142 286 48 1
357 306 48 19
296 135 48 15
154 155 48 14
296 394 48 1
197 186 48 16
13 211 48 3
141 89 48 7
202 190 48 7
285 71 48 13
33 223 48 18
334 142 48 5
52 438 48 3
382 154 48 15
403 2 48 15
269 198 48 8
399 210 48 15
71 360 48 19
391 114 48 14
50 398 48 8
73 440 48 6
391 337 48 8
121 388 48 3
432 322 48 12
23 277 48 15
444 108 48 17
167 69 48 9
110 140 48 1
151 93 48 13
381 142 48 11
245 224 48 10
340 168 48 17
120 288 48 3
347 282 48 14
290 304 48 19
234 300 48 16
386 30 48 6
300 139 48 5
136 290 48 11
86 233 48 1
444 40 48 17
347 380 48 7
149 62 48 8
328 419 48 10
401 261 48 11
293 48 48 13
313 443 48 4
392 295 48 2
162 440 48 4
35 89 48 15
50 85 48 12
288 441 48 3
246 152 48 15
64 42 48 19
153 442 48 10
118 297 48 1
392 163 48 1
239 107 48 18
244 278 48 8
101 313 48 20
190 362 48 8
329 202 48 1
410 10 48 15
106 73 48 16
219 235 48 13
156 362 48 9
150 306 48 10
139 107 48 18
432 350 48 13
281 3 48 2
207 203 48 17
238 84 48 6
271 47 48 3
446 152 48 19
234 380 48 11
7 99 48 13
86 258 48 10
327 397 48 12
237 391 48 14
424 224 48 1
30 441 48 9
6 231 48 17
184 54 48 2
380 62 48 15
202 306 48 10
267 312 48 13
247 407 48 16
85 286 48 18
29 85 48 8
333 61 48 15
203 100 48 17
274 106 48 6
439 299 48 2
203 231 48 13
128 442 48 13
433 262 48 15
398 61 48 3
174 155 48 2
346 193 48 1
35 79 48 12
394 291 48 2
299 117 48 2
7 119 48 2
215 321 48 16
48 2 48 12
186 444 48 11
198 394 48 10
169 121 48 6
435 29 48 14
338 73 48 4
312 19 48 4
385 327 48 19
126 333 48 16
155 101 48 16
434 148 48 18
251 344 48 19
339 94 48 16
40 273 48 3
352 260 48 9
410 161 48 3
108 35 48 17
97 419 48 1
212 97 48 10
8 261 48 3
124 247 48 16
242 61 48 8
365 399 48 17
435 2 48 14
198 353 48 12
437 325 48 10
301 433 48 20
193 92 48 3
412 313 48 4
70 330 48 4
274 6 48 18
199 247 48 10
10 165 48 18
382 162 48 14
121 360 48 15
140 349 48 16
319 212 48 19
85 414 48 8
279 379 48 5
132 11 48 13
255 294 48 19
178 46 48 14
170 65 48 15
124 446 48 9
79 130 48 7
397 269 48 1
145 151 48 13
335 235 48 20
179 77 48 5
345 208 48 6
383 16 48 17
436 203 48 14
299 382 48 8
326 69 48 10
88 147 48 11
198 96 48 10
230 250 48 15
35 137 48 17
244 315 48 11
404 212 48 20
117 157 48 18
124 156 48 3
185 7 48 8
321 343 48 19
9 440 48 13
272 190 48 3
377 429 48 6
185 17 48 10
228 270 48 12
366 227 48 10
265 343 48 18
189 29 48 5
325 224 48 4
406 97 48 2
107 105 48 7
402 387 48 18
366 316 48 14
122 54 48 13
34 291 48 2
251 219 48 16
253 37 48 12
421 235 48 8
297 113 48 16
189 81 48 7
434 187 48 12
223 152 48 20
212 70 48 4
193 201 48 19
189 234 48 1
8 48 48 5
63 310 48 9
14 293 48 18
13 142 48 19
235 340 48 19
106 336 48 9
102 122 48 4
37 343 48 3
288 88 48 7
154 287 48 13
321 304 48 5
259 367 48 12
243 390 48 15
14 402 48 18
345 189 48 5
308 304 48 4
21 406 48 15
332 442 48 15
275 282 48 8
428 446 48 16
368 329 48 12
364 150 48 2
233 392 48 6
393 405 48 15
248 312 48 12
5 183 48 7
107 203 48 4
321 98 48 10
440 382 48 11
209 363 48 7
265 293 48 18
177 219 48 4
8 4 48 9
238 397 48 7
422 207 48 3
357 221 48 9
148 327 48 5
345 210 48 13
89 202 48 7
134 421 48 14
178 238 48 6
112 414 48 12
196 431 48 18
233 221 48 16
238 205 48 3
108 114 48 11
149 261 48 16
413 158 48 15
337 256 48 12
196 390 48 5
436 130 48 14
65 251 48 18
369 446 48 14
239 242 48 3
69 32 48 3
104 149 48 5
360 308 48 19
58 273 48 6
412 173 48 9
94 378 48 8
186 366 48 9
78 440 48 14
393 371 48 5
244 163 48 4
325 241 48 17
153 344 48 17
104 266 48 6
326 333 48 20
258 308 48 10
445 401 48 15
138 140 48 20
416 227 48 20
51 173 48 16
142 416 48 19
36 304 48 4
409 9 48 6
37 123 48 2
428 1 48 13
198 268 48 12
150 265 48 10
32 412 48 4
280 381 48 15
83 441 48 11
256 145 48 17
145 181 48 16
283 142 48 2
318 188 48 10
182 169 48 19
368 376 48 6
424 79 48 19
433 110 48 11
135 399 48 5
63 34 48 2
173 300 48 16
251 444 48 1
196 289 48 13
149 170 48 14
244 351 48 4
339 281 48 18
264 267 48 2
443 252 48 6
160 386 48 8
257 11 48 9
348 183 48 15
146 444 48 17
114 202 48 18
233 360 48 8
93 156 48 4
131 57 48 14
108 320 48 17
152 325 48 15
326 38 48 2
5 294 48 2
184 194 48 15
205 339 48 3
232 15 48 9
110 248 48 6
158 350 48 15
108 44 48 2
359 151 48 4
418 312 48 12
282 201 48 15
95 215 48 9
375 398 48 9
390 155 48 8
402 396 48 20
177 58 48 16
302 225 48 9
154 333 48 19
53 254 48 11
270 224 48 7
375 69 48 15
60 163 48 3
49 90 48 11
241 32 48 9
334 443 48 17
442 173 48 4
360 37 48 7
191 190 48 20
64 252 48 17
98 75 48 6
6 2 48 10
114 72 48 2
436 130 48 11
261 380 48 8
250 266 48 14
187 261 48 7
181 183 48 8
410 373 48 20
77 447 48 3
7 107 48 14
161 112 48 12
382 235 48 6
339 223 48 13
374 46 48 17
14 295 48 1
97 34 48 9
361 224 48 4
225 187 48 5
278 273 48 4
135 280 48 11
87 3 48 4
30 394 48 17
64 285 48 16
227 222 48 11
322 245 48 18
235 341 48 9
419 265 48 16
348 42 48 16
192 329 48 12
46 26 48 9
5 112 48 12
76 151 48 15
390 214 48 14
43 440 48 5
187 324 48 7
189 112 48 12
223 93 48 20
34 440 48 18
41 194 48 5
321 239 48 8
5 244 48 7
129 329 48 15
209 281 48 19
136 323 48 13
285 73 48 11
231 261 48 7
70 36 48 9
194 80 48 20
358 130 48 5
414 13 48 10
58 18 48 7
260 156 48 11
166 364 48 19
306 62 48 9
438 346 48 1
446 129 48 4
139 209 48 19
370 402 48 20
157 322 48 14
147 288 48 2
385 345 48 15
430 168 48 13
365 343 48 2
124 201 48 15
226 191 48 10
389 200 48 3
376 338 48 19
408 270 48 9
72 426 48 19
332 135 48 4
148 83 48 17
1 75 48 3
446 439 48 4
370 126 48 12
366 351 48 17
250 292 48 15
272 230 48 8
56 190 48 9
240 271 48 16
309 156 48 7
219 313 48 10
26 314 48 16
10 322 48 7
346 255 48 10
426 173 48 5
260 432 48 5
292 266 48 4
215 321 48 10
417 124 48 16
160 432 48 5
38 203 48 10
8 238 48 4
52 257 48 19
88 156 48 1
248 134 48 20
322 403 48 1
250 248 48 15
407 25 48 11
317 441 48 3
51 153 48 5
406 201 48 15
190 208 48 19
287 260 48 9
269 357 48 2
57 167 48 17
28 41 48 1
429 300 48 10
202 260 48 3
306 129 48 20
85 189 48 17
306 148 48 19
283 337 48 19
60 187 48 1
93 8 48 7
282 74 48 3
167 101 48 16
7 93 48 12
105 304 48 5
226 162 48 12
341 257 48 14
171 125 48 6
211 407 48 17
11 29 48 11
81 122 48 10
59 413 48 3
214 132 48 12
420 148 48 7
21 262 48 14
338 41 48 14
346 381 48 19
96 114 48 9
440 334 48 1
247 344 48 3
239 434 48 18
239 56 48 12
322 269 48 1
58 241 48 5
344 271 48 15
29 171 48 16
332 70 48 16
8 165 48 11
255 168 48 15
24 414 48 2
269 215 48 6
198 6 48 4
92 337 48 10
117 395 48 1
310 291 48 18
317 329 48 15
364 223 48 6
354 230 48 12
10 37 48 15
19 71 48 19
371 339 48 7
263 100 48 19
220 191 48 19
9 318 48 9
48 180 48 16
357 59 48 13
400 422 48 5
65 328 48 4
352 347 48 12
358 365 48 19
351 288 48 3
101 104 48 12
313 333 48 1
415 341 48 11
27 388 48 6
386 308 48 12
189 260 48 4
205 335 48 17
13 249 48 13
314 159 48 6
249 72 48 18
75 172 48 5
10 38 48 2
135 15 48 8
141 52 48 17
335 437 48 8
141 189 48 15
367 393 48 2
27 415 48 5
42 291 48 18
412 92 48 1
185 166 48 10
71 175 48 13
289 320 48 8
411 13 48 14
37 357 48 6
416 50 48 17
171 427 48 3
270 16 48 7
170 57 48 1
239 31 48 14
379 215 48 2
243 285 48 2
155 137 48 20
91 100 48 6
78 136 48 14
64 115 48 14
239 295 48 3
368 128 48 9
18 297 48 1
405 88 48 19
446 29 48 10
206 272 48 8
141 436 48 16
404 89 48 13
233 166 48 18
418 239 48 8
215 30 48 1
439 398 48 5
230 425 48 8
88 382 48 9
424 390 48 18
90 149 48 18
50 299 48 9
157 265 48 2
353 50 48 2
257 30 48 15
276 255 48 20
142 256 48 1
135 48 48 4
444 136 48 1
394 122 48 6
373 221 48 11
185 280 48 6
433 436 48 14
331 351 48 2
405 171 48 1
270 446 48 18
164 150 48 15
29 294 48 13
307 290 48 3
93 237 48 12
258 162 48 13
134 346 48 1
318 341 48 1
319 235 48 19
370 192 48 2
24 24 48 1
378 197 48 4
94 225 48 7
304 95 48 18
222 187 48 4
261 7 48 15
73 140 48 4
174 20 48 17
274 338 48 14
288 271 48 5
24 294 48 12
206 234 48 10
89 327 48 13
276 193 48 15
295 414 48 17
113 227 48 16
92 309 48 2
426 46 48 12
217 329 48 7
242 169 48 5
21 203 48 2
270 408 48 20
269 59 48 12
55 334 48 12
372 191 48 20
438 313 48 9
63 414 48 5
274 393 48 18
77 172 48 8
207 414 48 16
171 434 48 5
437 267 48 7
43 88 48 14
423 142 48 15
121 76 48 9
232 66 48 17
133 128 48 7
343 411 48 13
170 40 48 11
316 256 48 15
204 436 48 13
283 436 48 3
333 31 48 7
4 16 48 17
8 136 48 7
223 368 48 17
294 53 48 10
341 405 48 3
333 128 48 15
59 6 48 4
199 209 48 4
335 55 48 11
280 397 48 20
332 400 48 20
78 417 48 16
356 193 48 13
252 49 48 19
285 389 48 17
281 284 48 18
336 342 48 13
199 103 48 12
61 437 48 5
358 279 48 10
249 163 48 16
155 250 48 14
206 158 48 7
178 419 48 16
222 256 48 19
213 89 48 16
342 424 48 1
29 186 48 2
381 246 48 17
341 157 48 6
249 405 48 9
120 112 48 20
407 327 48 11
2 57 48 20
92 288 48 6
123 54 48 5
447 405 48 17
228 433 48 11
112 366 48 2
443 269 48 15
158 71 48 14
45 190 48 10
182 159 48 18
50 160 48 4
326 251 48 4
410 383 48 8
146 392 48 13
316 172 48 3
223 294 48 18
376 289 48 9
238 9 48 11
67 53 48 15
17 245 48 14
294 294 48 2
190 172 48 10
363 144 48 4
163 290 48 3
356 168 48 20
98 390 48 3
215 329 48 13
153 129 48 3
172 196 48 5
389 222 48 7
318 68 48 3
415 257 48 8
316 183 48 4
161 345 48 10
398 263 48 15
359 370 48 13
176 137 48 14
281 300 48 4
404 34 48 7
132 422 48 12
115 292 48 2
390 270 48 18
400 138 48 5
106 308 48 14
111 258 48 18
293 179 48 6
417 364 48 1
423 207 48 10
110 163 48 4
12 305 48 1
125 419 48 4
316 361 48 5
327 323 48 14
82 428 48 10
192 101 48 13
117 393 48 16
411 373 48 3
415 348 48 12
271 20 48 19
160 31 48 11
34 165 48 11
219 44 48 5
216 380 48 2
360 14 48 15
364 215 48 15
179 331 48 14
193 305 48 6
123 272 48 16
259 96 48 7
121 265 48 13
297 308 48 2
434 79 48 10
58 294 48 19
441 206 48 1
377 133 48 3
414 321 48 20
417 66 48 11
334 198 48 8
172 20 48 7
28 150 48 3
372 447 48 6
433 443 48 1
100 53 48 2
146 56 48 12
215 433 48 2
62 409 48 16
230 378 48 8
264 275 48 6
133 446 48 16
97 36 48 20
336 407 48 1
445 402 48 17
185 54 48 15
229 209 48 6
42 434 48 7
433 48 48 20
261 277 48 4
155 104 48 3
246 236 48 13
366 343 48 20
188 231 48 10
10 228 48 14
284 412 48 15
163 204 48 17
98 255 48 6
28 250 48 20
377 64 48 1
209 218 48 1
335 26 48 11
12 391 48 4
171 131 48 15
290 140 48 17
374 423 48 14
64 139 48 8
419 246 48 18
314 274 48 18
266 203 48 14
47 421 48 14
389 318 48 3
82 329 48 8
107 52 48 20
382 352 48 13
427 288 48 1
9 351 48 20
252 332 48 15
291 208 48 11
143 26 48 12
68 73 48 1
210 24 48 20
377 105 48 13
40 221 48 15
291 155 48 12
244 144 48 5
172 152 48 20
249 413 48 6
124 257 48 15
282 409 48 20
205 30 48 12
111 239 48 4
324 179 48 14
428 228 48 1
146 71 48 15
226 324 48 16
135 49 48 9
405 297 48 3
122 430 48 6
56 274 48 15
16 31 48 8
58 141 48 6
123 27 48 10
302 17 48 11
254 172 48 18
360 397 48 13
172 85 48 18
136 52 48 4
75 183 48 13
270 248 48 19
436 264 48 5
195 321 48 19
202 444 48 16
377 308 48 4
352 115 48 2
398 37 48 20
321 209 48 16
291 354 48 9
131 428 48 12
389 260 48 4
37 258 48 15
171 5 48 4
446 206 48 19
299 145 48 5
169 50 48 17
220 447 48 13
220 330 48 1
305 174 48 17
3 304 48 7
341 255 48 4
32 301 48 19
443 25 48 6
270 23 48 4
114 331 48 12
275 52 48 2
93 281 48 11
404 54 48 10
30 358 48 18
18 370 48 2
434 273 48 15
224 304 48 14
282 299 48 9
345 132 48 18
176 255 48 17
171 82 48 20
216 184 48 10
270 140 48 17
206 179 48 17
326 197 48 2
