2000 285
216 154 84 10
243 301 84 13
27 150 84 11
101 386 84 16
433 39 84 6
246 386 84 9
367 380 84 20
430 429 84 4
270 133 84 13
256 313 84 19
160 91 84 7
292 334 84 10
105 360 84 15
432 23 84 9
5 8 84 8
207 254 84 11
279 183 84 18
155 165 84 14
309 444 84 16
130 252 84 15
181 411 84 20
395 266 84 2
16 370 84 16
233 365 84 17
388 369 84 9
135 128 84 4
276 417 84 18
360 124 84 7
415 442 84 7
165 124 84 6
238 314 84 16
391 272 84 5
440 287 84 17
411 73 84 3
394 13 84 2
395 157 84 16
212 443 84 8
211 355 84 6
374 333 84 13
96 60 84 7
70 297 84 12
27 250 84 20
239 252 84 12
393 215 84 17
18 162 84 7
10 119 84 11
140 341 84 10
239 104 84 9
24 31 84 18
261 136 84 12
174 215 84 12
410 241 84 3
24 42 84 16
371 435 84 20
353 5 84 18
357 24 84 10
71 164 84 4
237 402 84 17
321 436 84 6
299 249 84 17
337 432 84 9
235 404 84 7
382 437 84 5
333 370 84 2
52 275 84 1
389 185 84 3
408 265 84 16
309 65 84 7
324 395 84 4
379 246 84 8
123 146 84 5
81 380 84 2
279 314 84 8
82 199 84 4
319 251 84 20
123 202 84 1
398 162 84 9
388 34 84 2
343 357 84 4
286 299 84 9
40 421 84 3
235 54 84 14
387 332 84 20
91 414 84 16
164 295 84 2
65 418 84 15
170 368 84 15
93 318 84 19
89 214 84 15
33 62 84 7
232 112 84 4
129 346 84 18
415 295 84 3
130 395 84 16
43 112 84 18
217 186 84 8
155 366 84 1
244 11 84 20
377 99 84 16
419 141 84 12
322 372 84 2
188 63 84 14
127 40 84 19
397 169 84 18
197 222 84 12
291 1 84 16
365 155 84 17
359 408 84 16
233 337 84 14
331 318 84 16
43 192 84 12
323 389 84 14
54 68 84 17
80 18 84 14
74 214 84 7
178 67 84 10
21 431 84 17
239 352 84 14
20 147 84 13
357 40 84 14
397 82 84 9
361 414 84 7
398 21 84 19
18 110 84 18
273 183 84 8
292 361 84 6
321 391 84 3
57 183 84 19
190 202 84 13
233 121 84 6
147 70 84 7
252 431 84 19
298 381 84 6
422 408 84 14
116 243 84 14
33 87 84 20
26 417 84 15
2 26 84 8
339 226 84 6
386 11 84 9
25 157 84 18
202 408 84 11
346 269 84 1
63 243 84 2
337 359 84 13
356 401 84 14
288 427 84 12
173 428 84 17
231 330 84 5
63 278 84 4
15 302 84 13
37 56 84 10
52 402 84 11
11 27 84 6
387 363 84 3
101 281 84 17
369 131 84 6
160 304 84 4
423 87 84 8
17 159 84 11
68 173 84 10
286 210 84 15
28 261 84 5
27 281 84 5
279 220 84 19
442 331 84 2
122 262 84 3
227 421 84 18
323 406 84 6
301 422 84 12
119 53 84 9
228 348 84 9
413 375 84 6
104 412 84 2
269 243 84 20
360 248 84 2
294 379 84 17
348 158 84 11
269 44 84 18
275 344 84 20
3 16 84 10
350 253 84 4
22 228 84 2
411 332 84 4
187 163 84 7
183 85 84 16
71 378 84 16
221 279 84 4
355 110 84 8
437 394 84 15
66 406 84 14
185 308 84 6
214 339 84 7
170 303 84 12
91 42 84 13
264 224 84 2
237 305 84 10
141 78 84 9
212 442 84 8
327 441 84 5
348 60 84 2
394 254 84 9
245 20 84 12
334 199 84 2
307 299 84 8
6 115 84 12
236 361 84 17
396 54 84 11
398 276 84 3
61 165 84 4
128 65 84 4
154 11 84 1
40 265 84 2
274 152 84 16
364 21 84 12
58 26 84 10
422 271 84 3
207 220 84 20
69 180 84 18
382 250 84 8
242 378 84 4
161 94 84 3
333 143 84 19
87 416 84 9
50 342 84 8
311 409 84 18
249 384 84 10
101 153 84 7
17 231 84 5
217 165 84 4
135 407 84 19
116 120 84 12
108 16 84 15
364 112 84 7
334 161 84 11
334 34 84 8
360 283 84 7
210 393 84 16
298 419 84 17
109 189 84 13
179 333 84 10
189 1 84 19
292 108 84 1
90 34 84 9
313 377 84 17
441 264 84 2
84 176 84 8
119 395 84 13
307 246 84 14
277 364 84 11
422 105 84 12
79 293 84 12
323 137 84 7
124 236 84 13
37 101 84 12
121 95 84 18
238 178 84 12
200 306 84 5
107 165 84 2
433 5 84 20
73 436 84 2
35 78 84 18
445 400 84 3
88 76 84 19
221 123 84 4
284 253 84 17
173 53 84 9
238 252 84 15
270 368 84 1
100 364 84 5
303 436 84 19
173 24 84 15
335 31 84 8
186 128 84 2
282 348 84 6
31 185 84 8
332 357 84 17
362 157 84 4
251 426 84 10
325 88 84 11
402 400 84 13
31 125 84 12
184 12 84 19
299 197 84 20
43 41 84 20
375 82 84 9
66 413 84 8
255 327 84 18
269 141 84 5
203 28 84 20
53 429 84 12
348 13 84 4
220 206 84 3
131 58 84 5
170 110 84 18
109 37 84 15
242 112 84 4
284 377 84 6
46 198 84 14
234 400 84 9
62 5 84 7
289 352 84 15
204 134 84 3
121 265 84 13
254 444 84 11
427 115 84 14
245 366 84 19
17 212 84 13
136 258 84 12
395 44 84 5
244 105 84 2
75 403 84 7
374 170 84 13
432 300 84 9
100 106 84 15
334 95 84 18
158 339 84 2
103 366 84 10
424 54 84 12
48 12 84 12
91 255 84 1
138 339 84 11
99 266 84 4
194 250 84 15
126 360 84 20
54 246 84 4
106 413 84 7
76 78 84 19
258 54 84 9
249 111 84 11
294 201 84 13
5 338 84 20
119 447 84 12
412 193 84 19
110 329 84 12
360 382 84 5
268 51 84 13
67 126 84 12
241 393 84 20
31 205 84 14
280 61 84 4
346 65 84 5
313 194 84 9
99 168 84 8
154 278 84 1
111 190 84 18
333 10 84 5
84 86 84 19
350 326 84 8
242 357 84 9
234 199 84 1
437 107 84 9
94 419 84 10
196 80 84 3
54 233 84 19
240 353 84 9
371 249 84 19
104 332 84 5
420 244 84 15
245 38 84 3
273 282 84 19
372 281 84 3
88 374 84 19
7 133 84 17
93 186 84 5
20 426 84 8
126 359 84 20
251 15 84 17
25 445 84 9
125 252 84 17
143 87 84 13
360 11 84 12
235 108 84 12
102 124 84 12
49 227 84 7
228 246 84 2
332 381 84 14
228 194 84 8
28 219 84 5
71 343 84 1
162 38 84 16
97 407 84 4
313 195 84 19
18 306 84 8
302 354 84 8
324 144 84 10
335 29 84 14
266 266 84 18
202 303 84 19
155 373 84 19
349 98 84 17
193 204 84 18
47 69 84 18
18 86 84 15
113 397 84 16
434 274 84 15
116 171 84 2
178 436 84 17
424 201 84 16
3 355 84 19
382 267 84 3
361 22 84 20
289 78 84 4
432 95 84 8
433 218 84 1
340 214 84 11
401 330 84 3
53 60 84 7
417 46 84 5
189 59 84 9
354 3 84 12
168 363 84 9
196 214 84 7
293 208 84 13
38 193 84 13
189 86 84 6
157 49 84 14
314 102 84 10
13 71 84 10
359 270 84 18
186 186 84 12
278 353 84 8
402 112 84 4
165 404 84 20
23 4 84 4
98 192 84 6
397 358 84 8
130 235 84 8
380 247 84 14
239 169 84 4
165 354 84 5
94 194 84 11
394 158 84 2
24 323 84 13
309 345 84 19
339 6 84 5
17 402 84 20
190 84 84 8
18 27 84 7
373 275 84 12
103 2 84 4
28 105 84 14
315 52 84 12
257 85 84 7
164 393 84 7
85 284 84 9
207 300 84 10
239 43 84 12
69 70 84 3
135 442 84 9
379 107 84 15
92 144 84 6
445 11 84 8
72 267 84 16
21 441 84 19
315 88 84 2
176 294 84 12
439 95 84 3
348 163 84 19
293 307 84 9
65 248 84 12
295 339 84 20
183 347 84 15
132 418 84 12
166 439 84 10
155 316 84 4
427 44 84 6
115 45 84 7
302 402 84 4
111 247 84 17
371 321 84 7
290 179 84 19
362 361 84 16
435 56 84 13
347 221 84 11
242 375 84 13
244 364 84 15
92 32 84 8
44 343 84 13
169 17 84 6
164 387 84 13
406 240 84 10
92 154 84 6
135 151 84 7
148 50 84 1
162 301 84 6
44 97 84 3
426 198 84 16
416 252 84 7
361 430 84 5
105 146 84 10
179 104 84 2
442 206 84 4
171 350 84 17
412 50 84 18
426 221 84 2
387 264 84 18
254 252 84 17
163 221 84 11
424 134 84 11
244 248 84 4
23 426 84 2
32 430 84 2
214 153 84 20
99 127 84 20
34 115 84 12
280 54 84 20
175 318 84 6
277 33 84 10
184 19 84 8
73 262 84 13
117 294 84 10
275 325 84 7
191 101 84 3
19 200 84 14
343 233 84 10
3 65 84 6
373 249 84 18
111 79 84 1
68 272 84 1
159 344 84 14
59 23 84 10
385 298 84 1
257 51 84 12
291 70 84 2
4 412 84 4
279 425 84 17
171 350 84 4
379 13 84 7
173 81 84 4
441 249 84 17
87 307 84 10
16 255 84 7
289 64 84 17
216 354 84 12
342 357 84 3
264 199 84 20
260 369 84 14
57 300 84 12
380 35 84 14
89 29 84 8
142 115 84 10
227 140 84 18
162 438 84 2
147 207 84 4
212 111 84 6
241 374 84 12
257 186 84 4
175 243 84 3
116 185 84 3
147 273 84 15
436 424 84 13
138 203 84 18
93 364 84 10
132 74 84 13
76 285 84 12
387 88 84 5
2 344 84 6
442 71 84 17
278 197 84 17
158 343 84 9
76 332 84 11
108 32 84 2
289 134 84 2
23 265 84 14
411 351 84 14
15 290 84 12
2 302 84 11
175 296 84 20
163 136 84 7
335 303 84 1
343 378 84 20
337 48 84 14
76 346 84 12
199 369 84 9
385 332 84 15
428 346 84 19
101 347 84 1
127 85 84 16
234 247 84 9
89 145 84 12
307 50 84 9
409 396 84 18
95 34 84 10
372 233 84 8
19 170 84 16
26 161 84 17
322 261 84 4
36 398 84 17
45 184 84 20
189 282 84 2
189 142 84 19
130 113 84 5
118 208 84 2
14 142 84 2
269 170 84 6
417 195 84 20
17 79 84 15
420 114 84 4
13 158 84 3
309 357 84 14
313 98 84 6
375 237 84 18
386 354 84 14
430 378 84 18
259 199 84 6
277 178 84 16
446 204 84 14
438 176 84 6
380 198 84 5
68 70 84 1
37 392 84 5
168 319 84 20
411 267 84 1
424 259 84 8
131 80 84 1
7 357 84 15
97 355 84 20
255 345 84 9
100 277 84 8
103 344 84 19
14 390 84 20
33 120 84 13
289 83 84 4
14 59 84 8
126 199 84 4
436 215 84 8
29 311 84 12
283 119 84 10
266 218 84 5
9 330 84 11
268 344 84 13
24 386 84 18
118 237 84 5
22 260 84 9
195 385 84 5
10 373 84 12
181 412 84 3
259 257 84 5
254 85 84 3
78 103 84 20
255 370 84 10
394 403 84 9
196 74 84 3
91 105 84 18
54 309 84 15
225 318 84 20
154 61 84 6
404 329 84 12
334 135 84 12
35 222 84 19
76 39 84 5
22 433 84 7
354 181 84 19
39 281 84 4
430 344 84 12
311 122 84 16
138 285 84 13
376 251 84 8
434 138 84 20
129 172 84 3
383 257 84 9
113 279 84 8
266 185 84 1
44 233 84 11
384 215 84 16
139 79 84 3
231 226 84 3
373 155 84 20
407 151 84 1
139 289 84 16
92 224 84 18
83 347 84 7
60 165 84 3
237 218 84 10
247 155 84 3
164 303 84 10
212 86 84 2
98 21 84 11
244 428 84 1
80 129 84 7
97 220 84 3
381 302 84 10
49 371 84 2
359 160 84 18
444 417 84 12
306 133 84 8
257 355 84 1
433 5 84 15
336 258 84 10
379 347 84 5
273 6 84 6
400 387 84 18
437 435 84 11
190 346 84 19
161 352 84 19
286 221 84 10
276 40 84 15
351 25 84 8
447 360 84 8
75 301 84 19
289 136 84 13
274 98 84 18
124 87 84 4
335 277 84 15
278 437 84 10
190 286 84 13
234 114 84 17
196 18 84 3
161 17 84 1
394 101 84 3
78 399 84 15
215 226 84 20
301 349 84 10
385 246 84 4
377 76 84 3
273 275 84 17
400 62 84 13
118 257 84 12
318 427 84 4
429 373 84 19
414 14 84 20
86 238 84 6
313 92 84 14
180 39 84 5
332 415 84 19
37 240 84 4
37 202 84 11
151 320 84 18
291 190 84 1
1 181 84 10
278 147 84 5
49 243 84 6
66 118 84 1
431 307 84 18
157 202 84 11
416 238 84 1
56 275 84 2
213 435 84 13
180 278 84 5
136 278 84 2
27 118 84 20
379 167 84 12
74 242 84 17
317 225 84 18
151 391 84 9
399 370 84 4
439 435 84 20
244 200 84 9
368 389 84 15
244 87 84 12
291 114 84 20
57 55 84 9
65 128 84 5
200 7 84 13
185 157 84 17
381 108 84 4
378 99 84 9
201 353 84 3
12 283 84 6
110 80 84 8
38 380 84 1
94 436 84 18
316 63 84 16
332 262 84 15
145 10 84 4
349 400 84 17
37 330 84 2
150 84 84 13
25 105 84 14
288 214 84 8
201 261 84 1
227 355 84 8
317 233 84 16
97 128 84 9
320 272 84 5
262 183 84 16
311 220 84 16
22 379 84 2
94 403 84 18
2 253 84 6
436 17 84 10
355 253 84 16
262 123 84 16
251 219 84 15
55 102 84 17
314 373 84 5
89 247 84 8
204 278 84 2
401 371 84 1
256 373 84 15
343 371 84 18
244 279 84 2
62 103 84 17
103 354 84 18
280 408 84 18
292 284 84 16
40 383 84 5
6 139 84 18
351 92 84 8
213 357 84 11
328 253 84 14
22 49 84 10
416 121 84 14
37 223 84 12
334 65 84 5
295 367 84 5
192 406 84 4
324 411 84 5
287 314 84 10
183 80 84 11
14 417 84 11
215 439 84 3
248 407 84 1
393 6 84 13
434 350 84 5
8 207 84 14
312 398 84 16
105 275 84 11
45 124 84 15
87 306 84 6
39 329 84 18
252 96 84 15
77 353 84 15
22 298 84 2
199 294 84 18
441 301 84 8
164 166 84 18
293 270 84 6
385 324 84 17
343 411 84 10
401 12 84 11
428 263 84 10
9 350 84 19
6 371 84 5
8 123 84 5
360 126 84 17
24 289 84 8
95 134 84 18
441 71 84 15
15 424 84 1
352 387 84 14
122 367 84 9
445 385 84 7
217 390 84 12
306 397 84 17
231 319 84 6
20 342 84 17
421 447 84 4
207 440 84 19
307 17 84 15
389 368 84 14
36 53 84 17
392 50 84 6
213 276 84 11
404 134 84 9
281 365 84 7
292 394 84 2
145 368 84 13
152 127 84 17
229 443 84 19
292 385 84 11
294 430 84 13
225 374 84 6
93 139 84 11
360 105 84 10
139 395 84 10
227 240 84 7
230 394 84 9
221 98 84 17
215 336 84 12
235 180 84 20
175 36 84 14
168 260 84 14
220 362 84 6
100 284 84 2
124 423 84 9
65 212 84 14
400 441 84 17
217 225 84 8
161 439 84 7
111 236 84 18
7 410 84 8
333 140 84 3
137 369 84 10
90 32 84 17
147 155 84 18
161 220 84 7
415 182 84 16
168 408 84 11
28 132 84 8
224 242 84 5
163 258 84 5
137 143 84 19
380 280 84 14
91 369 84 11
96 78 84 11
75 238 84 20
266 205 84 20
14 382 84 8
422 410 84 11
395 196 84 13
155 368 84 13
325 57 84 10
208 437 84 12
2 90 84 9
284 185 84 2
273 260 84 7
45 88 84 15
444 101 84 20
367 86 84 19
411 33 84 18
269 187 84 9
385 75 84 17
196 282 84 19
296 293 84 4
327 139 84 18
435 411 84 1
343 18 84 19
19 15 84 17
77 381 84 20
106 355 84 12
341 176 84 13
50 123 84 8
272 328 84 15
46 176 84 7
356 65 84 18
414 52 84 19
284 405 84 8
262 423 84 18
330 52 84 4
46 168 84 11
251 71 84 19
205 120 84 14
244 401 84 15
116 446 84 7
291 355 84 16
156 321 84 17
432 168 84 15
289 429 84 8
159 321 84 5
420 376 84 3
141 189 84 3
58 393 84 15
97 199 84 13
16 315 84 9
111 158 84 17
281 313 84 14
55 308 84 13
243 149 84 12
406 317 84 7
184 300 84 1
139 440 84 13
165 60 84 20
310 156 84 8
418 172 84 5
78 292 84 5
92 125 84 2
447 189 84 13
74 441 84 6
150 400 84 18
98 146 84 17
422 285 84 13
39 2 84 15
69 321 84 6
288 291 84 3
393 369 84 16
199 23 84 18
337 32 84 19
335 116 84 3
54 265 84 16
79 362 84 6
414 336 84 12
304 385 84 12
253 6 84 8
368 303 84 17
207 249 84 14
338 10 84 11
146 356 84 11
162 253 84 17
162 306 84 13
124 394 84 13
232 370 84 3
186 226 84 2
142 42 84 13
427 409 84 5
109 169 84 1
169 69 84 18
262 214 84 17
386 375 84 2
168 100 84 10
234 223 84 6
204 17 84 12
73 203 84 10
336 354 84 16
158 343 84 15
302 5 84 8
247 183 84 7
221 7 84 13
93 392 84 20
227 122 84 19
219 355 84 9
167 122 84 2
28 194 84 3
135 93 84 7
282 250 84 10
401 114 84 19
251 370 84 7
169 143 84 2
310 235 84 8
389 24 84 19
109 242 84 1
72 408 84 4
42 446 84 14
223 143 84 7
311 424 84 16
294 388 84 17
291 191 84 18
33 370 84 8
229 232 84 3
380 173 84 20
205 292 84 12
394 363 84 20
258 414 84 16
325 190 84 9
37 63 84 7
8 356 84 11
92 199 84 12
98 241 84 5
256 23 84 6
191 412 84 1
169 179 84 6
378 125 84 17
120 392 84 14
318 269 84 5
210 315 84 4
79 322 84 12
345 423 84 3
355 83 84 12
296 338 84 3
22 91 84 12
378 259 84 13
130 199 84 18
265 319 84 16
367 199 84 6
210 408 84 8
126 50 84 19
396 394 84 5
428 301 84 13
253 150 84 12
110 171 84 14
378 111 84 12
377 241 84 3
63 58 84 12
141 434 84 14
61 197 84 10
285 332 84 17
403 280 84 17
40 260 84 19
217 75 84 2
284 184 84 19
441 114 84 4
410 53 84 13
131 126 84 2
179 276 84 18
426 336 84 16
196 183 84 20
15 139 84 1
227 188 84 7
303 404 84 15
91 250 84 13
50 244 84 6
129 206 84 4
1 346 84 11
397 78 84 14
323 66 84 20
8 271 84 6
24 295 84 4
330 84 84 6
1 397 84 15
203 40 84 20
142 99 84 9
205 237 84 17
320 247 84 8
123 197 84 20
191 72 84 19
158 90 84 14
308 113 84 17
148 5 84 20
176 15 84 18
171 218 84 8
415 369 84 3
18 126 84 16
283 8 84 9
447 140 84 17
251 341 84 5
130 51 84 7
289 368 84 14
295 69 84 8
395 254 84 5
443 434 84 1
94 411 84 12
291 428 84 10
287 274 84 12
82 273 84 6
74 77 84 19
147 216 84 2
319 58 84 19
156 362 84 15
445 309 84 19
302 305 84 12
385 398 84 7
390 251 84 2
94 90 84 15
252 172 84 5
102 255 84 6
303 401 84 12
107 272 84 5
278 437 84 1
81 435 84 10
137 299 84 3
189 236 84 7
205 189 84 3
202 282 84 20
34 86 84 9
139 197 84 15
330 52 84 14
290 158 84 12
316 436 84 2
267 69 84 12
70 215 84 18
196 403 84 13
273 161 84 15
154 372 84 18
134 405 84 9
285 107 84 9
253 436 84 14
174 288 84 15
376 157 84 4
130 423 84 15
309 55 84 18
348 251 84 13
176 86 84 1
202 239 84 4
62 382 84 16
17 229 84 2
169 34 84 19
382 217 84 1
305 155 84 10
217 285 84 6
216 156 84 13
430 56 84 3
162 242 84 2
64 443 84 3
337 68 84 7
130 84 84 12
30 262 84 14
375 196 84 8
113 54 84 3
18 270 84 11
355 48 84 16
309 30 84 7
67 201 84 5
367 264 84 8
11 153 84 12
47 293 84 13
302 322 84 17
153 259 84 11
220 381 84 15
442 398 84 4
64 315 84 13
288 177 84 10
121 253 84 9
204 182 84 12
293 192 84 20
2 239 84 3
252 103 84 19
316 265 84 18
128 37 84 12
4 42 84 12
158 105 84 13
360 393 84 9
145 76 84 14
140 279 84 9
408 135 84 9
382 136 84 7
201 397 84 11
351 265 84 2
322 403 84 19
227 416 84 5
92 126 84 10
271 39 84 20
200 193 84 2
380 342 84 4
295 312 84 14
411 247 84 15
328 447 84 18
357 351 84 13
203 235 84 9
85 14 84 13
29 105 84 8
77 376 84 19
80 128 84 15
168 70 84 20
87 364 84 14
151 337 84 19
360 227 84 13
71 136 84 19
57 338 84 14
8 433 84 20
374 24 84 2
429 100 84 3
84 189 84 12
389 356 84 2
150 5 84 15
223 155 84 17
95 77 84 8
424 148 84 4
208 204 84 4
237 212 84 5
280 148 84 12
427 139 84 6
55 223 84 14
277 174 84 9
121 333 84 6
339 119 84 12
447 213 84 19
354 199 84 18
396 417 84 5
329 206 84 15
267 38 84 16
228 17 84 13
288 81 84 15
89 367 84 9
255 41 84 14
426 389 84 20
304 398 84 1
268 304 84 20
370 253 84 9
248 144 84 1
337 411 84 18
126 201 84 3
54 42 84 8
214 140 84 18
110 395 84 1
349 373 84 19
258 239 84 6
390 59 84 19
284 438 84 7
136 238 84 1
204 127 84 8
320 253 84 19
15 316 84 12
237 83 84 8
389 202 84 18
144 113 84 8
298 371 84 9
392 323 84 11
352 159 84 5
118 305 84 5
37 61 84 15
366 390 84 13
1 404 84 19
145 194 84 8
418 145 84 12
211 299 84 11
376 149 84 18
332 103 84 13
356 7 84 2
371 134 84 11
177 170 84 8
109 88 84 1
303 99 84 6
375 253 84 1
73 223 84 3
439 443 84 13
23 371 84 13
425 265 84 16
265 173 84 5
273 97 84 13
139 283 84 6
85 391 84 17
410 256 84 6
255 183 84 20
303 265 84 10
49 266 84 9
102 289 84 4
314 266 84 11
180 93 84 13
53 365 84 17
70 66 84 16
256 150 84 16
92 123 84 9
37 387 84 1
233 243 84 17
215 301 84 14
191 402 84 16
91 278 84 12
254 11 84 2
153 63 84 20
158 132 84 19
445 387 84 16
228 42 84 10
276 78 84 10
70 310 84 9
128 77 84 17
14 268 84 11
179 368 84 2
171 174 84 19
256 337 84 18
268 57 84 18
345 55 84 10
135 282 84 17
57 121 84 17
366 190 84 1
22 327 84 8
426 340 84 1
347 71 84 12
98 252 84 3
307 70 84 19
141 337 84 16
116 244 84 20
41 389 84 18
7 445 84 19
50 363 84 11
403 385 84 14
395 363 84 2
217 262 84 1
396 369 84 12
321 238 84 8
146 388 84 20
27 57 84 15
409 107 84 19
178 114 84 1
78 163 84 16
176 128 84 7
144 75 84 15
14 291 84 18
411 249 84 17
166 133 84 4
436 278 84 14
149 304 84 18
105 265 84 5
12 5 84 14
363 92 84 9
183 268 84 8
397 421 84 12
79 444 84 19
42 407 84 18
364 125 84 13
29 114 84 6
91 272 84 20
210 386 84 10
445 397 84 14
356 322 84 17
429 68 84 15
183 27 84 9
12 106 84 16
151 157 84 5
91 73 84 18
164 111 84 4
76 202 84 18
302 421 84 10
354 428 84 2
411 336 84 7
123 317 84 7
101 53 84 12
63 74 84 17
20 224 84 19
394 314 84 5
9 40 84 8
193 126 84 12
212 427 84 19
158 343 84 1
74 307 84 3
311 439 84 17
178 92 84 7
61 164 84 20
70 184 84 10
225 140 84 19
15 158 84 6
373 361 84 2
38 125 84 2
123 282 84 4
198 365 84 16
161 228 84 7
441 415 84 3
335 29 84 14
303 108 84 14
56 342 84 11
123 366 84 20
240 292 84 7
34 329 84 2
265 15 84 10
391 212 84 2
386 373 84 18
382 366 84 18
22 263 84 4
273 118 84 13
270 174 84 15
407 296 84 14
264 98 84 10
34 132 84 2
375 396 84 11
113 339 84 17
216 287 84 7
120 221 84 5
428 242 84 10
337 78 84 20
343 347 84 10
253 316 84 6
81 142 84 4
201 175 84 7
202 112 84 20
227 225 84 2
16 3 84 4
178 122 84 8
267 112 84 1
182 1 84 15
215 343 84 3
420 158 84 17
37 239 84 10
209 439 84 6
54 203 84 20
305 439 84 19
9 7 84 8
447 194 84 15
220 24 84 7
245 205 84 9
347 419 84 11
359 402 84 1
249 1 84 6
280 209 84 11
49 273 84 13
377 130 84 10
34 148 84 11
151 157 84 5
400 387 84 14
313 184 84 11
226 94 84 14
45 5 84 14
22 263 84 8
236 95 84 18
442 144 84 16
422 83 84 17
384 126 84 15
362 287 84 16
86 239 84 17
291 104 84 10
253 339 84 12
196 384 84 10
104 405 84 16
2 193 84 19
118 197 84 5
60 172 84 13
140 118 84 14
378 32 84 6
326 117 84 16
222 417 84 10
292 222 84 16
28 428 84 17
205 84 84 17
207 95 84 10
304 222 84 17
106 291 84 12
1 441 84 4
11 371 84 7
307 259 84 14
404 34 84 9
167 335 84 4
278 363 84 3
326 130 84 12
330 337 84 6
100 203 84 6
67 318 84 9
224 318 84 10
42 338 84 15
347 207 84 9
332 173 84 11
287 349 84 18
26 180 84 6
192 58 84 12
441 397 84 14
337 50 84 19
17 126 84 15
435 349 84 4
389 390 84 17
277 300 84 13
433 194 84 17
175 43 84 16
261 68 84 16
263 259 84 18
394 262 84 6
424 161 84 2
219 178 84 6
341 175 84 6
334 117 84 16
228 403 84 8
328 398 84 11
153 125 84 16
327 395 84 4
243 210 84 11
216 156 84 10
149 142 84 12
130 370 84 8
237 264 84 6
245 160 84 6
205 387 84 11
18 277 84 13
34 440 84 2
102 319 84 15
228 125 84 11
186 350 84 7
405 51 84 18
347 181 84 16
20 417 84 5
314 214 84 8
287 428 84 4
225 445 84 7
113 41 84 4
135 143 84 10
104 380 84 13
283 128 84 18
181 85 84 1
230 432 84 17
201 14 84 11
446 337 84 20
413 186 84 20
319 420 84 9
65 85 84 11
250 219 84 20
317 322 84 19
60 158 84 4
153 348 84 2
297 130 84 6
183 340 84 15
39 338 84 2
107 303 84 4
166 185 84 3
233 249 84 3
340 52 84 5
152 378 84 4
353 437 84 13
235 143 84 19
202 2 84 7
172 184 84 16
156 222 84 12
28 339 84 20
96 67 84 5
135 299 84 17
269 201 84 18
173 352 84 10
409 268 84 5
365 55 84 13
221 256 84 2
216 438 84 13
104 146 84 15
329 183 84 9
429 288 84 10
267 423 84 13
353 254 84 10
63 426 84 10
140 388 84 13
216 305 84 14
435 89 84 5
217 304 84 13
183 407 84 4
381 298 84 8
32 280 84 11
207 109 84 9
234 24 84 4
14 86 84 13
165 235 84 6
127 3 84 11
153 447 84 7
444 227 84 8
269 409 84 4
248 352 84 16
420 394 84 6
423 153 84 11
420 386 84 15
214 409 84 7
6 127 84 8
175 263 84 14
221 425 84 7
356 421 84 11
357 252 84 18
317 53 84 4
138 35 84 16
248 10 84 7
19 430 84 19
260 206 84 19
149 211 84 2
262 395 84 20
388 178 84 18
76 96 84 9
437 5 84 8
312 332 84 20
102 22 84 12
295 280 84 5
194 298 84 9
41 121 84 19
306 269 84 7
261 94 84 10
40 34 84 19
244 109 84 3
421 98 84 7
412 419 84 9
19 84 84 12
107 388 84 14
214 134 84 17
304 184 84 2
171 53 84 19
249 323 84 4
283 362 84 10
58 158 84 7
376 141 84 5
261 106 84 14
30 134 84 4
277 240 84 14
357 16 84 12
307 319 84 14
367 43 84 12
268 301 84 7
253 146 84 11
280 204 84 20
426 142 84 8
221 402 84 9
445 431 84 15
315 270 84 1
116 179 84 11
70 38 84 7
207 414 84 6
407 235 84 15
34 50 84 15
33 329 84 17
190 307 84 11
40 91 84 7
5 98 84 9
103 413 84 5
13 81 84 3
385 160 84 1
182 366 84 14
31 335 84 10
190 379 84 12
48 411 84 14
108 153 84 1
320 192 84 19
38 206 84 13
197 318 84 17
178 330 84 13
347 268 84 4
117 12 84 3
311 53 84 7
301 242 84 17
341 289 84 7
262 407 84 6
52 289 84 3
390 336 84 8
378 95 84 1
331 282 84 8
374 182 84 18
129 308 84 17
259 181 84 3
287 35 84 2
246 375 84 7
169 199 84 8
254 260 84 15
83 212 84 19
138 142 84 15
54 35 84 1
309 418 84 18
404 99 84 18
53 368 84 16
212 217 84 4
175 16 84 14
426 184 84 19
210 437 84 3
281 82 84 14
241 220 84 6
296 283 84 5
195 154 84 13
275 110 84 15
235 172 84 4
366 393 84 6
104 120 84 10
216 109 84 14
89 318 84 11
222 161 84 20
129 402 84 15
177 260 84 17
260 7 84 5
324 291 84 8
39 78 84 10
131 7 84 19
2 120 84 6
336 336 84 19
405 434 84 5
27 208 84 11
177 336 84 14
109 76 84 13
333 335 84 16
263 211 84 20
302 259 84 6
75 399 84 10
241 401 84 15
80 299 84 5
36 256 84 18
330 282 84 10
327 21 84 12
288 139 84 11
61 24 84 3
297 296 84 7
386 150 84 15
115 235 84 4
308 28 84 5
163 107 84 7
373 153 84 16
112 35 84 1
79 371 84 3
382 211 84 18
322 271 84 12
150 130 84 19
199 68 84 20
59 192 84 3
317 52 84 18
102 224 84 4
174 149 84 18
75 271 84 5
258 349 84 15
14 293 84 13
365 168 84 3
313 317 84 8
100 68 84 11
46 126 84 9
236 6 84 1
443 117 84 3
330 300 84 13
369 375 84 15
15 185 84 2
21 208 84 15
247 135 84 15
296 1 84 16
37 110 84 6
302 155 84 17
312 400 84 14
383 395 84 17
220 288 84 9
226 219 84 16
45 234 84 11
223 264 84 4
246 64 84 4
446 369 84 15
78 406 84 3
225 270 84 19
61 134 84 5
358 69 84 11
325 299 84 19
144 77 84 18
347 132 84 13
287 354 84 10
444 162 84 12
288 170 84 9
133 247 84 13
96 25 84 6
214 95 84 11
283 5 84 6
320 329 84 20
187 35 84 9
283 381 84 16
164 230 84 14
309 236 84 17
70 77 84 19
210 219 84 20
317 314 84 12
247 90 84 12
321 383 84 17
16 255 84 1
19 5 84 6
108 287 84 17
329 3 84 14
8 322 84 2
316 401 84 7
335 163 84 4
174 43 84 3
37 299 84 20
4 172 84 14
423 197 84 7
286 225 84 10
183 333 84 12
34 224 84 6
115 231 84 12
431 109 84 13
396 444 84 11
132 180 84 17
191 227 84 20
340 230 84 8
424 215 84 20
326 63 84 5
231 246 84 14
433 289 84 15
190 403 84 17
268 396 84 14
309 344 84 3
66 28 84 15
322 219 84 10
430 121 84 3
272 108 84 17
310 433 84 18
136 226 84 10
304 211 84 9
248 410 84 2
433 240 84 16
279 102 84 11
131 177 84 20
162 62 84 15
420 44 84 19
23 325 84 16
297 187 84 9
187 333 84 15
322 189 84 15
309 447 84 12
251 432 84 3
141 263 84 15
385 393 84 14
210 117 84 5
252 99 84 19
425 121 84 3
258 428 84 9
86 167 84 20
150 52 84 13
424 360 84 11
223 173 84 2
262 313 84 3
412 251 84 16
302 23 84 16
242 274 84 3
236 262 84 1
116 82 84 5
183 178 84 16
135 327 84 12
286 313 84 13
435 98 84 12
132 370 84 5
90 344 84 1
4 198 84 20
44 3 84 8
182 238 84 16
441 353 84 7
243 99 84 4
212 233 84 10
231 81 84 19
173 79 84 18
286 210 84 18
265 309 84 13
57 322 84 19
328 365 84 10
426 100 84 4
347 103 84 8
360 346 84 9
103 110 84 2
182 350 84 17
136 85 84 19
188 371 84 14
181 188 84 12
61 255 84 2
159 135 84 17
248 123 84 5
138 23 84 14
390 382 84 19
293 38 84 8
438 229 84 12
217 365 84 5
74 115 84 9
150 295 84 20
98 366 84 19
357 77 84 13
96 334 84 4
382 24 84 13
333 413 84 2
182 268 84 9
140 259 84 19
20 28 84 7
422 112 84 14
310 271 84 10
386 368 84 6
278 287 84 1
315 383 84 4
28 327 84 4
219 212 84 6
345 393 84 20
71 95 84 18
26 114 84 16
344 89 84 17
340 408 84 10
193 346 84 17
411 187 84 13
278 64 84 5
21 101 84 6
245 320 84 1
445 217 84 12
28 298 84 14
306 323 84 2
174 229 84 17
154 121 84 15
414 323 84 18
137 296 84 2
157 126 84 19
112 147 84 19
403 401 84 20
11 408 84 11
11 435 84 11
115 303 84 19
333 40 84 13
201 203 84 20
30 169 84 19
215 305 84 5
148 25 84 8
145 146 84 13
243 102 84 7
232 112 84 2
438 123 84 7
47 247 84 13
435 132 84 5
158 333 84 11
11 372 84 12
186 139 84 1
210 287 84 17
360 431 84 20
218 236 84 8
40 21 84 5
270 11 84 17
40 68 84 13
132 55 84 16
264 222 84 1
140 232 84 2
195 418 84 10
117 190 84 9
73 102 84 13
164 330 84 18
367 369 84 10
234 191 84 7
233 240 84 16
31 372 84 3
408 198 84 11
233 337 84 5
440 94 84 10
328 220 84 10
65 302 84 6
242 19 84 9
208 395 84 17
204 181 84 5
221 423 84 5
314 6 84 15
15 424 84 19
395 219 84 20
112 211 84 8
256 101 84 17
152 165 84 1
150 417 84 13
30 187 84 20
289 401 84 18
291 184 84 15
95 50 84 12
281 75 84 19
216 32 84 12
51 143 84 18
437 408 84 12
148 112 84 16
170 272 84 1
211 301 84 8
208 152 84 3
396 5 84 8
111 100 84 15
289 390 84 1
443 168 84 5
379 229 84 3
88 218 84 4
344 375 84 17
318 97 84 8
271 317 84 5
411 78 84 7
66 36 84 20
352 146 84 19
250 445 84 11
232 3 84 14
235 391 84 4
390 31 84 4
68 375 84 14
314 245 84 7
395 79 84 2
319 52 84 4
404 127 84 10
47 41 84 7
246 290 84 5
387 74 84 14
259 318 84 19
358 270 84 15
238 347 84 19
44 224 84 14
