2000 500
258 287 48 18
352 332 48 5
414 344 48 4
343 166 48 9
366 354 48 12
193 195 48 11
21 163 48 6
426 374 48 1
174 340 48 11
75 353 48 15
43 164 48 3
381 78 48 8
327 55 48 12
338 397 48 13
156 325 48 1
405 70 48 20
133 90 48 8
389 78 48 5
19 251 48 2
288 335 48 6
204 378 48 4
426 321 48 18
75 200 48 6
78 100 48 15
256 266 48 3
331 233 48 11
163 365 48 2
157 306 48 5
88 324 48 16
348 164 48 19
77 377 48 17
425 355 48 7
404 440 48 16
437 70 48 9
429 326 48 5
298 219 48 4
236 391 48 8
273 110 48 6
387 198 48 14
314 108 48 20
129 194 48 16
340 172 48 6
415 128 48 16
263 128 48 1
220 109 48 14
442 407 48 15
2 205 48 19
373 31 48 10
175 417 48 15
300 294 48 3
152 432 48 17
381 324 48 15
90 302 48 10
238 117 48 16
8 336 48 11
114 330 48 16
447 341 48 1
287 276 48 8
226 3 48 13
372 302 48 10
188 7 48 10
198 397 48 1
389 39 48 18
271 276 48 8
269 293 48 3
396 416 48 15
35 426 48 7
326 265 48 18
209 53 48 5
62 434 48 10
218 174 48 15
358 382 48 20
375 333 48 6
245 156 48 4
242 435 48 2
126 383 48 7
360 418 48 4
29 306 48 4
431 67 48 4
387 129 48 10
198 346 48 16
25 267 48 19
248 194 48 13
72 438 48 18
171 242 48 3
126 368 48 10
39 280 48 9
387 318 48 17
105 301 48 17
322 251 48 14
88 1 48 1
27 36 48 6
368 293 48 2
137 375 48 14
71 108 48 3
440 233 48 2
297 281 48 6
134 220 48 1
276 334 48 10
37 208 48 4
384 305 48 4
192 332 48 17
266 262 48 10
86 398 48 3
353 21 48 15
415 13 48 1
407 319 48 17
251 5 48 20
403 280 48 19
428 327 48 11
256 263 48 3
84 17 48 4
405 282 48 12
134 367 48 11
237 282 48 19
10 250 48 9
6 219 48 12
293 23 48 6
362 435 48 1
307 415 48 20
33 223 48 1
64 316 48 4
435 283 48 18
164 426 48 20
309 225 48 7
28 235 48 2
217 240 48 6
287 95 48 11
361 9 48 14
268 326 48 12
64 368 48 8
132 431 48 1
206 419 48 5
134 145 48 3
428 6 48 15
100 44 48 6
40 260 48 8
199 109 48 19
390 22 48 20
121 290 48 11
276 363 48 14
216 48 48 18
35 263 48 4
136 397 48 3
215 377 48 14
72 39 48 10
173 79 48 16
67 287 48 15
65 230 48 4
81 350 48 4
423 189 48 18
248 414 48 17
66 1 48 12
303 136 48 13
256 361 48 11
205 432 48 3
207 158 48 4
31 234 48 7
420 298 48 13
374 378 48 7
179 363 48 1
347 173 48 2
115 249 48 13
146 104 48 8
125 359 48 4
44 127 48 19
439 343 48 15
37 384 48 19
359 356 48 9
16 292 48 17
43 24 48 12
257 370 48 13
1 38 48 4
193 193 48 1
83 327 48 6
333 371 48 5
130 372 48 15
85 408 48 14
292 320 48 4
350 345 48 10
348 397 48 6
271 207 48 13
367 207 48 16
274 409 48 6
284 44 48 8
226 376 48 11
293 59 48 2
266 153 48 20
175 444 48 16
13 356 48 2
132 266 48 3
284 90 48 1
368 19 48 1
43 293 48 2
366 139 48 17
112 364 48 3
238 210 48 16
288 38 48 10
309 213 48 12
211 235 48 5
11 376 48 3
208 222 48 8
173 142 48 16
345 194 48 19
42 113 48 17
229 234 48 18
354 35 48 4
91 332 48 5
436 193 48 13
341 404 48 4
165 424 48 15
244 184 48 15
422 357 48 8
181 264 48 19
233 305 48 16
433 96 48 14
102 3 48 8
428 103 48 19
354 101 48 17
55 5 48 19
437 179 48 6
310 422 48 19
404 406 48 12
192 139 48 9
184 381 48 6
288 366 48 17
179 21 48 11
113 11 48 4
369 374 48 9
391 438 48 18
368 437 48 15
322 299 48 14
13 255 48 14
69 9 48 11
389 193 48 2
130 43 48 17
413 231 48 4
261 344 48 15
221 275 48 10
291 218 48 9
366 139 48 7
181 13 48 18
418 35 48 20
185 104 48 20
91 55 48 5
378 184 48 6
146 159 48 11
391 419 48 1
199 202 48 6
380 46 48 13
104 421 48 18
274 164 48 10
295 144 48 6
123 329 48 7
426 419 48 17
18 359 48 8
119 57 48 18
440 10 48 7
211 208 48 20
266 140 48 8
101 253 48 9
75 79 48 17
61 373 48 11
91 58 48 19
235 37 48 3
443 64 48 18
387 182 48 10
43 184 48 4
128 404 48 4
424 232 48 13
328 333 48 5
215 407 48 12
265 20 48 9
12 120 48 17
87 364 48 18
144 359 48 17
102 299 48 7
136 341 48 14
170 31 48 16
422 17 48 20
366 354 48 20
125 121 48 5
410 396 48 16
194 417 48 7
35 57 48 7
359 210 48 6
309 321 48 6
3 9 48 8
327 179 48 8
161 163 48 19
237 81 48 10
187 205 48 7
97 178 48 20
45 371 48 11
113 405 48 17
98 326 48 1
441 197 48 12
188 199 48 19
285 88 48 18
423 259 48 4
141 48 48 5
212 234 48 2
413 340 48 5
116 395 48 3
245 60 48 4
430 157 48 5
387 150 48 14
217 347 48 9
55 185 48 3
72 170 48 20
260 310 48 3
92 74 48 20
138 40 48 6
361 155 48 18
70 399 48 6
193 391 48 3
204 330 48 20
401 109 48 8
369 163 48 16
434 244 48 15
311 57 48 14
234 158 48 20
411 295 48 10
34 218 48 16
60 287 48 8
146 42 48 2
389 245 48 2
344 208 48 19
208 129 48 3
257 125 48 5
18 435 48 7
108 222 48 6
262 195 48 3
8 228 48 2
375 298 48 17
246 443 48 19
70 394 48 4
233 300 48 17
47 61 48 18
34 317 48 9
264 344 48 15
113 4 48 5
129 266 48 10
439 283 48 9
72 211 48 18
11 9 48 2
428 89 48 17
195 321 48 20
179 378 48 20
301 411 48 16
100 237 48 10
334 359 48 8
352 40 48 20
128 41 48 3
131 122 48 17
431 132 48 17
289 112 48 15
84 316 48 4
189 57 48 15
353 357 48 2
387 9 48 1
326 353 48 18
269 267 48 2
30 394 48 3
84 77 48 14
347 70 48 3
192 359 48 4
115 5 48 16
369 193 48 3
105 99 48 14
252 48 48 2
207 373 48 20
64 195 48 20
426 234 48 5
382 317 48 13
11 227 48 11
219 418 48 3
100 96 48 13
297 27 48 14
102 131 48 8
274 392 48 11
17 152 48 12
112 225 48 19
26 203 48 7
344 137 48 13
302 148 48 11
329 376 48 5
267 28 48 8
219 324 48 20
364 436 48 11
160 272 48 20
23 298 48 2
259 409 48 11
251 444 48 16
30 351 48 1
136 205 48 14
20 86 48 6
332 362 48 4
302 133 48 13
298 50 48 14
435 219 48 17
79 242 48 11
321 53 48 7
340 313 48 12
124 343 48 15
55 41 48 20
143 60 48 5
149 402 48 16
203 256 48 18
133 117 48 11
61 114 48 6
260 192 48 14
319 65 48 18
339 414 48 9
365 90 48 20
295 155 48 16
428 297 48 7
210 9 48 10
352 211 48 4
180 343 48 7
67 413 48 2
163 235 48 16
62 106 48 6
24 7 48 2
298 381 48 7
30 228 48 14
259 219 48 20
90 438 48 17
333 352 48 1
394 95 48 16
124 161 48 7
424 323 48 18
31 395 48 11
159 418 48 16
253 278 48 12
9 317 48 19
357 128 48 15
117 227 48 17
342 122 48 20
330 68 48 14
223 201 48 1
81 187 48 13
173 227 48 17
380 395 48 14
146 210 48 12
302 219 48 18
249 138 48 11
414 264 48 18
142 158 48 7
212 40 48 7
385 262 48 2
272 342 48 15
45 67 48 11
221 9 48 17
368 154 48 4
354 18 48 12
220 267 48 2
212 243 48 5
4 395 48 17
355 159 48 2
346 106 48 3
100 378 48 18
41 432 48 16
219 205 48 7
354 125 48 18
251 42 48 13
367 261 48 9
182 35 48 12
251 49 48 19
39 413 48 1
314 311 48 12
402 420 48 3
395 14 48 15
16 242 48 16
93 158 48 13
322 408 48 4
142 327 48 11
228 62 48 4
130 322 48 1
415 360 48 20
422 236 48 19
87 201 48 20
149 158 48 8
185 173 48 14
435 265 48 14
363 150 48 3
342 291 48 6
144 82 48 3
428 211 48 11
322 188 48 6
172 162 48 11
351 258 48 19
46 406 48 20
211 153 48 1
190 141 48 18
316 56 48 3
413 408 48 16
389 104 48 18
446 94 48 8
377 416 48 1
230 150 48 12
319 53 48 14
171 109 48 11
180 329 48 19
362 72 48 20
371 387 48 10
92 352 48 13
103 303 48 11
206 301 48 18
81 230 48 8
144 23 48 8
379 341 48 1
434 75 48 13
10 254 48 3
186 178 48 17
65 111 48 4
447 202 48 1
341 315 48 3
349 73 48 14
441 163 48 2
73 317 48 15
302 258 48 3
136 254 48 17
88 263 48 4
358 12 48 19
263 76 48 1
117 75 48 18
322 426 48 11
393 327 48 17
318 330 48 16
35 403 48 15
221 257 48 18
300 392 48 10
17 32 48 13
444 399 48 14
164 224 48 16
442 350 48 15
38 225 48 5
394 180 48 8
376 50 48 12
83 94 48 6
106 314 48 1
396 177 48 5
35 193 48 10
403 199 48 15
326 372 48 3
344 367 48 19
436 414 48 14
70 360 48 10
20 288 48 14
309 380 48 5
107 48 48 11
160 6 48 5
168 40 48 4
216 443 48 3
226 331 48 20
13 237 48 8
149 235 48 4
72 304 48 3
174 323 48 8
346 185 48 16
155 301 48 3
287 13 48 16
148 190 48 14
201 406 48 11
25 194 48 12
210 206 48 12
335 354 48 18
425 425 48 13
428 162 48 18
282 60 48 3
78 224 48 6
368 63 48 19
227 210 48 16
126 420 48 9
29 444 48 12
273 217 48 9
315 114 48 8
145 91 48 12
269 82 48 9
288 363 48 16
44 440 48 19
110 370 48 14
188 150 48 3
9 275 48 7
255 313 48 10
238 148 48 2
426 26 48 11
83 170 48 4
175 1 48 12
438 288 48 14
324 341 48 5
433 3 48 8
167 201 48 1
121 209 48 6
48 17 48 5
428 264 48 19
140 252 48 2
422 344 48 3
347 72 48 4
364 72 48 12
295 405 48 15
239 400 48 12
105 120 48 7
120 240 48 15
429 297 48 3
156 277 48 3
41 426 48 7
388 400 48 18
21 300 48 20
111 226 48 1
31 73 48 11
312 321 48 6
139 425 48 10
175 97 48 9
430 88 48 19
264 244 48 19
361 284 48 20
262 235 48 14
60 265 48 14
385 375 48 3
345 415 48 7
263 280 48 9
143 428 48 10
142 165 48 20
380 158 48 6
31 421 48 11
416 345 48 17
322 159 48 14
190 228 48 8
378 166 48 18
333 73 48 12
371 345 48 19
283 40 48 7
182 181 48 10
177 124 48 7
260 164 48 12
149 132 48 6
322 16 48 7
291 216 48 2
78 146 48 1
248 31 48 16
386 412 48 7
366 257 48 1
326 438 48 9
14 167 48 18
305 437 48 2
123 138 48 17
295 12 48 16
179 303 48 10
300 390 48 4
139 190 48 13
60 139 48 10
336 57 48 8
205 393 48 12
264 406 48 5
9 273 48 1
364 406 48 14
414 253 48 7
33 441 48 7
323 293 48 1
302 441 48 11
331 54 48 15
324 389 48 15
126 156 48 6
375 419 48 1
353 437 48 7
321 364 48 18
426 330 48 7
105 372 48 2
97 248 48 6
40 112 48 9
173 5 48 17
444 328 48 16
335 16 48 8
180 390 48 11
431 295 48 4
70 168 48 11
114 156 48 16
420 261 48 16
283 367 48 3
439 406 48 1
151 142 48 2
373 148 48 19
89 45 48 7
418 225 48 1
272 218 48 5
125 287 48 1
341 410 48 16
2 392 48 2
45 228 48 1
345 229 48 2
319 389 48 14
297 314 48 3
155 412 48 5
38 383 48 16
310 207 48 5
3 341 48 2
310 234 48 12
325 245 48 5
164 290 48 19
368 197 48 15
94 69 48 9
408 365 48 1
433 83 48 15
55 120 48 9
348 440 48 6
411 442 48 9
323 304 48 20
207 191 48 14
45 354 48 7
101 275 48 13
404 378 48 3
202 349 48 2
312 334 48 17
397 388 48 18
417 288 48 4
196 261 48 8
325 146 48 6
250 362 48 1
420 406 48 20
4 69 48 18
222 26 48 20
71 237 48 12
295 111 48 12
143 61 48 20
131 40 48 19
111 236 48 13
95 123 48 7
382 383 48 20
423 365 48 9
370 368 48 15
154 143 48 2
315 223 48 10
378 70 48 12
336 223 48 13
245 353 48 1
440 17 48 14
12 111 48 12
175 56 48 13
253 41 48 3
299 420 48 8
423 126 48 13
126 3 48 12
64 390 48 13
123 279 48 18
252 76 48 4
421 68 48 5
377 89 48 16
29 264 48 19
53 79 48 2
4 377 48 16
323 352 48 18
346 40 48 4
145 104 48 20
14 236 48 3
114 51 48 20
120 24 48 14
142 410 48 16
285 439 48 14
35 54 48 11
273 58 48 3
35 390 48 17
380 288 48 13
280 433 48 14
132 9 48 3
263 132 48 11
21 252 48 11
314 393 48 20
249 230 48 18
446 265 48 17
275 100 48 2
42 134 48 1
171 76 48 10
340 365 48 9
184 50 48 10
264 322 48 15
394 352 48 18
110 219 48 19
236 20 48 11
362 28 48 19
105 302 48 5
352 344 48 16
104 77 48 3
144 426 48 15
188 163 48 17
241 436 48 19
425 383 48 5
413 45 48 3
346 290 48 5
82 215 48 4
82 319 48 4
191 224 48 14
434 337 48 2
325 43 48 10
123 231 48 14
438 24 48 4
179 1 48 11
272 413 48 9
146 321 48 16
39 413 48 19
417 57 48 6
212 248 48 9
350 244 48 8
127 121 48 6
340 253 48 2
268 243 48 6
185 422 48 4
46 256 48 13
409 402 48 3
168 440 48 5
140 419 48 9
441 183 48 18
71 95 48 12
38 232 48 9
57 124 48 19
316 392 48 16
151 139 48 13
443 194 48 2
273 166 48 10
423 333 48 17
92 35 48 13
264 39 48 11
246 109 48 2
34 156 48 1
389 222 48 9
102 90 48 14
68 250 48 16
18 255 48 5
214 80 48 10
383 56 48 18
98 157 48 8
232 430 48 4
121 228 48 6
104 271 48 11
319 212 48 6
210 313 48 6
55 381 48 14
38 398 48 3
234 174 48 7
139 110 48 18
395 207 48 20
249 1 48 13
131 121 48 6
132 225 48 10
298 96 48 5
238 305 48 10
268 369 48 3
121 416 48 16
228 202 48 12
414 350 48 3
229 298 48 5
189 99 48 12
142 240 48 16
321 381 48 8
334 231 48 4
100 21 48 20
189 299 48 1
211 429 48 14
204 209 48 4
360 185 48 3
198 413 48 18
242 155 48 8
287 296 48 15
16 179 48 17
425 65 48 16
46 175 48 17
417 363 48 18
263 137 48 12
86 340 48 13
111 262 48 20
39 12 48 9
273 263 48 13
169 113 48 4
314 138 48 20
392 115 48 17
253 170 48 5
155 140 48 5
354 412 48 6
88 50 48 8
39 161 48 2
165 209 48 10
267 34 48 16
75 213 48 4
199 79 48 1
54 24 48 3
420 286 48 4
77 440 48 5
96 357 48 18
261 444 48 9
328 45 48 8
209 210 48 14
111 39 48 8
275 123 48 2
115 321 48 10
91 374 48 11
192 357 48 8
16 443 48 3
435 101 48 20
372 371 48 3
358 251 48 4
67 12 48 15
431 122 48 4
391 406 48 16
107 73 48 5
358 174 48 20
195 375 48 16
307 400 48 14
432 388 48 14
9 322 48 5
39 232 48 14
114 308 48 14
407 301 48 10
302 244 48 1
319 360 48 4
209 280 48 18
36 27 48 13
229 344 48 6
417 328 48 12
268 337 48 9
42 385 48 17
56 61 48 3
91 21 48 12
257 332 48 11
382 203 48 7
142 421 48 15
75 10 48 19
382 248 48 9
205 218 48 15
415 48 48 5
52 90 48 17
377 155 48 9
125 256 48 9
163 65 48 20
8 9 48 1
212 150 48 5
248 224 48 2
321 169 48 7
300 373 48 6
160 341 48 12
365 402 48 20
61 332 48 15
265 19 48 11
61 182 48 9
179 199 48 8
71 410 48 17
374 220 48 19
249 104 48 8
382 403 48 13
284 125 48 20
234 43 48 1
283 103 48 13
40 377 48 10
51 438 48 18
127 179 48 16
222 249 48 14
19 186 48 2
59 434 48 19
258 368 48 13
392 215 48 17
429 1 48 9
420 294 48 5
306 333 48 16
210 383 48 8
305 73 48 16
151 304 48 17
416 332 48 18
6 390 48 20
167 200 48 11
283 154 48 15
76 135 48 15
359 118 48 11
307 423 48 1
184 195 48 16
62 52 48 3
117 202 48 14
431 180 48 5
36 185 48 6
75 361 48 2
44 196 48 19
237 272 48 6
430 183 48 14
33 52 48 20
414 235 48 1
294 306 48 18
256 433 48 14
74 416 48 14
223 5 48 11
315 89 48 5
169 132 48 6
176 378 48 12
328 360 48 3
160 392 48 3
414 369 48 20
425 225 48 12
40 34 48 4
313 117 48 16
328 340 48 4
81 217 48 8
194 385 48 10
55 123 48 4
198 14 48 16
75 173 48 6
14 150 48 9
187 137 48 16
238 187 48 14
265 52 48 16
270 380 48 9
289 23 48 7
406 216 48 15
207 280 48 11
395 30 48 9
48 115 48 6
103 128 48 20
79 324 48 11
280 114 48 9
76 388 48 7
446 220 48 17
261 71 48 10
302 29 48 2
280 245 48 6
401 192 48 19
77 240 48 10
393 342 48 6
411 431 48 6
129 273 48 1
32 358 48 8
444 357 48 8
341 180 48 18
270 35 48 15
424 324 48 10
411 277 48 12
427 354 48 2
120 309 48 5
397 273 48 8
113 411 48 19
389 442 48 3
169 439 48 12
179 342 48 18
259 175 48 6
377 151 48 2
293 114 48 18
401 103 48 13
320 232 48 12
134 181 48 7
378 293 48 8
10 245 48 8
447 423 48 20
355 154 48 4
433 412 48 14
108 342 48 7
107 197 48 3
382 150 48 2
126 23 48 11
178 166 48 9
56 107 48 3
353 116 48 15
198 125 48 20
34 43 48 8
222 38 48 18
136 146 48 15
211 262 48 8
400 206 48 2
254 331 48 5
349 61 48 17
178 126 48 2
300 32 48 2
238 229 48 6
142 273 48 3
220 57 48 6
262 202 48 11
208 413 48 16
350 375 48 6
205 191 48 5
92 92 48 8
145 270 48 11
313 132 48 12
150 369 48 10
122 74 48 5
135 293 48 20
186 107 48 1
392 314 48 5
412 226 48 3
200 441 48 8
318 85 48 2
50 239 48 2
354 115 48 14
252 264 48 5
378 385 48 1
350 83 48 2
367 278 48 17
149 223 48 8
343 197 48 2
27 397 48 13
348 267 48 17
314 326 48 9
101 232 48 12
30 36 48 19
337 424 48 14
260 326 48 1
38 255 48 17
369 404 48 3
129 309 48 14
124 336 48 16
113 236 48 13
186 102 48 7
70 213 48 14
69 252 48 19
331 151 48 13
93 410 48 20
395 10 48 20
70 378 48 16
434 69 48 20
100 192 48 19
173 304 48 8
75 52 48 11
302 122 48 11
324 190 48 13
392 73 48 1
435 175 48 7
367 122 48 12
116 201 48 4
268 187 48 18
291 297 48 8
203 32 48 9
360 106 48 7
181 417 48 13
225 294 48 7
82 248 48 11
90 235 48 6
59 164 48 18
48 279 48 9
413 109 48 7
400 400 48 4
141 165 48 4
185 87 48 3
281 277 48 15
71 54 48 18
40 146 48 10
101 235 48 16
337 293 48 2
247 340 48 13
367 306 48 10
237 268 48 18
403 408 48 15
153 155 48 8
18 446 48 12
310 69 48 8
10 109 48 10
405 219 48 10
140 108 48 7
48 364 48 19
235 284 48 15
94 73 48 20
361 29 48 5
346 191 48 7
416 219 48 3
326 91 48 5
290 110 48 12
408 67 48 14
304 216 48 19
55 264 48 14
155 61 48 10
114 164 48 13
349 78 48 15
98 423 48 15
11 401 48 2
359 290 48 11
338 142 48 3
426 102 48 1
295 415 48 6
281 22 48 5
174 187 48 10
370 300 48 9
192 211 48 13
51 318 48 8
101 328 48 2
389 239 48 17
310 140 48 9
351 118 48 19
11 422 48 2
343 255 48 18
45 439 48 19
274 361 48 11
209 105 48 14
232 156 48 3
239 266 48 18
200 208 48 15
13 80 48 16
424 430 48 12
43 3 48 8
76 356 48 11
140 410 48 9
391 236 48 7
66 444 48 3
399 238 48 10
146 30 48 2
230 239 48 5
115 262 48 17
140 238 48 3
291 290 48 5
417 365 48 7
350 68 48 6
284 21 48 11
141 86 48 2
103 38 48 13
230 193 48 14
186 432 48 14
358 99 48 14
153 248 48 10
398 92 48 11
208 61 48 20
363 420 48 5
43 256 48 17
405 406 48 2
316 72 48 10
28 301 48 11
226 49 48 14
206 407 48 6
19 122 48 1
70 72 48 4
411 279 48 14
222 204 48 9
110 256 48 9
18 213 48 1
21 92 48 18
62 129 48 9
294 355 48 17
74 123 48 9
399 141 48 9
77 211 48 5
304 174 48 19
143 405 48 11
402 77 48 4
31 104 48 14
76 124 48 1
182 185 48 17
152 42 48 20
180 115 48 11
177 76 48 8
285 162 48 15
38 18 48 7
70 171 48 3
325 135 48 19
378 175 48 19
217 251 48 16
147 432 48 13
206 146 48 19
181 335 48 16
289 64 48 13
90 359 48 10
111 396 48 4
315 28 48 7
29 352 48 16
286 293 48 11
189 62 48 5
225 209 48 3
9 424 48 4
281 157 48 6
220 8 48 19
244 97 48 1
430 217 48 20
196 84 48 1
132 122 48 8
212 407 48 7
19 148 48 7
77 383 48 1
129 391 48 17
336 225 48 15
441 7 48 16
163 261 48 17
252 243 48 2
290 1 48 3
366 142 48 8
336 353 48 1
171 371 48 6
57 10 48 12
162 148 48 3
242 47 48 8
42 40 48 10
297 212 48 18
211 27 48 9
351 316 48 18
128 234 48 3
37 132 48 11
362 302 48 1
387 369 48 12
358 83 48 4
272 324 48 11
410 366 48 10
117 225 48 9
85 445 48 11
314 348 48 15
87 39 48 11
10 85 48 20
286 446 48 18
48 395 48 10
266 305 48 9
185 129 48 15
160 101 48 3
175 228 48 8
401 322 48 18
216 188 48 7
346 274 48 16
273 294 48 13
342 132 48 2
265 179 48 16
109 7 48 12
45 202 48 10
304 361 48 19
55 98 48 3
19 51 48 16
438 276 48 18
310 185 48 20
230 10 48 3
244 351 48 18
256 168 48 9
225 286 48 7
62 340 48 4
28 197 48 14
104 261 48 13
407 279 48 3
147 269 48 12
64 141 48 8
275 380 48 13
322 176 48 5
63 441 48 3
439 229 48 14
375 300 48 12
74 327 48 10
134 440 48 11
292 409 48 14
63 108 48 18
119 182 48 19
350 9 48 2
163 341 48 1
326 413 48 19
230 405 48 2
410 342 48 1
45 415 48 7
333 112 48 12
434 403 48 16
376 28 48 16
140 146 48 19
55 58 48 8
359 220 48 12
391 109 48 12
437 338 48 9
264 310 48 9
391 364 48 16
407 249 48 2
415 245 48 12
395 174 48 16
36 323 48 17
314 377 48 8
154 298 48 15
344 242 48 20
53 241 48 13
165 58 48 6
192 1 48 16
186 407 48 2
301 374 48 8
371 332 48 14
31 367 48 1
273 233 48 9
136 397 48 9
229 293 48 11
439 345 48 5
93 73 48 11
57 264 48 10
394 12 48 12
95 312 48 4
41 245 48 10
170 275 48 9
175 110 48 16
119 256 48 5
360 47 48 11
406 38 48 15
245 141 48 8
151 207 48 11
47 153 48 7
359 257 48 1
160 308 48 12
293 30 48 19
354 214 48 6
211 332 48 13
17 255 48 6
116 223 48 17
112 30 48 5
190 180 48 8
84 236 48 13
436 157 48 1
225 316 48 12
248 171 48 11
108 88 48 17
77 308 48 4
312 325 48 19
145 3 48 1
16 124 48 6
27 313 48 16
254 396 48 8
186 394 48 5
385 171 48 2
433 428 48 10
84 88 48 8
386 174 48 11
145 48 48 8
158 193 48 9
393 218 48 16
220 255 48 8
226 61 48 7
20 247 48 19
427 194 48 4
255 179 48 13
274 263 48 16
380 211 48 19
357 365 48 13
210 75 48 9
76 30 48 11
74 259 48 14
385 37 48 17
196 66 48 1
421 55 48 18
368 309 48 12
296 146 48 12
330 78 48 15
91 444 48 20
357 217 48 9
367 302 48 18
158 375 48 20
203 312 48 2
309 71 48 11
223 44 48 11
341 421 48 15
190 279 48 13
311 162 48 4
205 252 48 17
16 171 48 5
358 91 48 12
282 248 48 18
27 14 48 17
265 322 48 13
121 107 48 12
31 447 48 10
269 199 48 6
196 62 48 9
220 266 48 9
240 281 48 17
30 201 48 15
130 45 48 13
158 71 48 15
61 345 48 18
33 28 48 6
69 68 48 14
78 337 48 15
365 85 48 2
377 314 48 15
203 106 48 19
189 135 48 20
276 265 48 9
173 432 48 15
93 45 48 1
324 88 48 7
224 156 48 5
134 243 48 20
243 160 48 13
413 99 48 19
411 301 48 6
243 53 48 12
286 338 48 7
363 73 48 8
83 165 48 5
148 41 48 1
241 274 48 20
401 408 48 19
3 213 48 15
146 178 48 18
155 141 48 18
279 384 48 1
101 232 48 13
187 147 48 6
268 239 48 14
393 387 48 6
148 180 48 8
78 133 48 12
240 135 48 5
124 280 48 8
117 444 48 19
411 275 48 5
309 386 48 17
108 125 48 3
425 392 48 2
13 337 48 5
97 47 48 7
8 124 48 16
336 373 48 11
429 60 48 16
262 176 48 9
236 139 48 3
155 11 48 18
306 128 48 4
165 105 48 3
263 117 48 1
300 214 48 8
69 231 48 5
417 120 48 8
15 101 48 5
349 373 48 5
232 161 48 12
400 315 48 20
58 173 48 1
298 348 48 5
46 163 48 4
130 16 48 17
280 94 48 11
107 64 48 16
317 88 48 8
138 447 48 15
145 231 48 7
291 193 48 5
9 251 48 8
302 101 48 20
262 146 48 6
348 285 48 5
211 118 48 7
314 234 48 8
79 113 48 10
411 251 48 7
222 395 48 19
192 248 48 10
40 257 48 16
61 121 48 4
438 382 48 18
84 292 48 16
202 65 48 11
414 378 48 15
241 19 48 10
176 440 48 10
100 214 48 19
275 415 48 11
185 8 48 7
355 78 48 15
178 68 48 11
157 162 48 7
431 373 48 2
374 339 48 4
114 143 48 2
424 318 48 13
89 428 48 3
149 255 48 11
20 2 48 12
156 356 48 2
403 96 48 4
146 263 48 4
191 246 48 6
301 182 48 7
351 306 48 20
419 282 48 10
33 370 48 18
316 82 48 19
120 111 48 6
378 266 48 6
276 231 48 10
242 387 48 8
388 130 48 15
3 430 48 6
414 343 48 2
72 315 48 17
58 357 48 8
24 235 48 6
254 355 48 1
28 295 48 4
177 124 48 8
412 375 48 13
24 315 48 17
329 328 48 12
368 304 48 3
275 375 48 2
26 443 48 10
146 19 48 5
358 273 48 14
242 310 48 4
392 40 48 3
336 14 48 15
218 37 48 7
240 365 48 5
245 295 48 15
155 122 48 17
379 147 48 3
75 303 48 10
5 213 48 5
300 7 48 9
442 409 48 2
280 307 48 10
35 87 48 16
124 327 48 12
94 134 48 9
366 298 48 14
129 229 48 9
334 313 48 19
111 327 48 13
169 179 48 8
90 183 48 6
60 15 48 3
43 59 48 3
73 183 48 15
20 286 48 18
261 214 48 10
187 343 48 8
270 229 48 13
207 349 48 2
367 81 48 19
96 170 48 9
233 240 48 20
229 282 48 4
321 364 48 14
293 383 48 15
407 207 48 13
372 403 48 17
137 235 48 9
205 5 48 9
162 371 48 3
307 29 48 19
188 261 48 1
94 52 48 18
58 372 48 7
214 227 48 9
218 197 48 2
425 131 48 3
101 267 48 7
5 34 48 6
267 195 48 4
163 65 48 8
238 252 48 15
105 345 48 15
263 412 48 15
328 178 48 16
349 395 48 13
118 383 48 11
300 46 48 10
280 50 48 13
253 326 48 15
160 51 48 13
104 298 48 7
309 402 48 18
127 228 48 7
317 108 48 9
297 9 48 20
35 137 48 2
341 446 48 15
29 278 48 7
197 94 48 7
123 263 48 16
113 366 48 14
355 237 48 3
57 374 48 2
170 253 48 9
24 112 48 11
273 147 48 3
19 40 48 15
258 78 48 16
98 284 48 1
284 407 48 5
74 72 48 8
171 426 48 3
232 45 48 6
64 225 48 15
23 248 48 12
437 83 48 3
114 102 48 10
226 369 48 14
188 29 48 8
244 313 48 17
104 396 48 17
350 129 48 12
396 360 48 13
367 433 48 4
144 8 48 17
33 8 48 18
77 121 48 14
171 346 48 11
341 96 48 4
348 339 48 10
314 6 48 9
362 355 48 2
398 313 48 3
41 233 48 7
356 376 48 12
24 418 48 18
231 58 48 19
103 228 48 1
342 121 48 20
163 22 48 7
306 345 48 12
407 269 48 10
189 229 48 14
321 270 48 3
1 178 48 3
135 211 48 4
287 4 48 10
101 106 48 2
271 11 48 14
99 183 48 4
265 52 48 16
437 11 48 12
79 200 48 9
33 83 48 5
230 93 48 11
355 237 48 19
13 76 48 15
186 187 48 15
128 20 48 19
201 118 48 14
295 392 48 16
297 381 48 17
130 22 48 19
181 65 48 4
65 294 48 14
135 211 48 17
426 233 48 13
263 418 48 10
225 99 48 20
198 309 48 2
353 157 48 7
122 16 48 5
348 145 48 15
337 335 48 1
417 399 48 18
153 97 48 16
115 75 48 10
162 347 48 11
396 124 48 11
201 321 48 3
134 236 48 3
11 357 48 18
268 258 48 19
110 157 48 15
16 136 48 1
215 288 48 9
187 412 48 1
392 137 48 19
120 95 48 2
403 305 48 7
90 438 48 9
401 11 48 13
289 289 48 9
322 398 48 15
242 424 48 15
123 191 48 5
111 388 48 3
172 332 48 8
143 14 48 2
237 416 48 16
214 68 48 9
437 21 48 13
113 310 48 10
65 184 48 6
174 435 48 4
428 110 48 1
85 230 48 5
154 402 48 5
369 107 48 3
231 343 48 1
398 119 48 14
118 109 48 15
295 231 48 3
314 295 48 16
293 31 48 8
248 11 48 12
403 96 48 15
62 259 48 11
51 181 48 18
64 411 48 9
34 371 48 19
82 41 48 19
161 346 48 2
101 212 48 4
245 67 48 5
375 324 48 9
168 289 48 10
201 350 48 6
187 411 48 19
290 27 48 6
287 70 48 12
413 162 48 15
200 322 48 1
237 432 48 19
122 229 48 6
27 157 48 17
409 334 48 13
440 87 48 1
282 284 48 15
304 126 48 9
309 422 48 16
228 388 48 12
188 150 48 8
55 387 48 10
144 61 48 7
298 97 48 13
339 58 48 3
231 50 48 5
25 341 48 8
230 197 48 18
23 59 48 7
333 296 48 6
357 46 48 1
255 101 48 4
148 254 48 3
269 104 48 10
109 5 48 17
282 235 48 15
105 270 48 7
211 52 48 5
442 74 48 13
211 417 48 2
366 326 48 20
234 144 48 18
41 291 48 15
355 122 48 8
328 230 48 3
359 74 48 14
12 179 48 11
442 389 48 20
185 394 48 10
443 167 48 7
113 95 48 14
265 329 48 7
80 369 48 19
148 287 48 4
329 177 48 18
78 98 48 4
72 109 48 9
334 104 48 8
211 298 48 19
161 304 48 12
90 416 48 5
344 243 48 13
305 322 48 15
108 32 48 14
33 370 48 19
206 11 48 17
6 82 48 16
431 415 48 17
361 178 48 20
246 348 48 6
298 447 48 16
444 354 48 9
24 211 48 14
439 318 48 5
247 360 48 18
241 129 48 10
322 134 48 11
75 118 48 7
388 41 48 19
115 286 48 6
144 136 48 16
162 132 48 13
411 165 48 16
108 167 48 11
282 413 48 15
389 216 48 4
59 90 48 13
267 175 48 3
443 125 48 9
359 239 48 14
195 393 48 8
21 107 48 17
210 80 48 11
162 197 48 2
442 32 48 19
197 430 48 12
90 52 48 10
106 318 48 15
260 323 48 7
6 244 48 19
38 439 48 15
226 12 48 11
98 232 48 7
144 393 48 18
357 397 48 19
97 156 48 7
53 245 48 16
108 361 48 12
347 173 48 4
263 188 48 12
418 226 48 20
91 4 48 15
317 111 48 10
196 254 48 12
261 163 48 18
367 270 48 8
18 322 48 11
168 439 48 1
198 338 48 4
93 153 48 9
242 134 48 20
382 224 48 5
87 104 48 20
32 299 48 19
370 112 48 1
221 41 48 7
237 68 48 9
50 235 48 4
234 442 48 18
142 88 48 1
248 339 48 20
142 274 48 13
39 370 48 17
56 401 48 3
327 334 48 16
323 117 48 14
141 353 48 7
280 402 48 12
420 198 48 10
3 350 48 2
185 150 48 7
54 302 48 19
156 340 48 17
371 406 48 2
437 285 48 14
177 160 48 6
414 300 48 1
271 142 48 14
373 114 48 4
23 116 48 8
216 310 48 6
301 363 48 16
212 81 48 14
55 14 48 20
309 3 48 4
1 189 48 6
257 155 48 4
417 436 48 6
95 361 48 19
428 383 48 8
215 152 48 18
162 5 48 7
410 227 48 9
104 291 48 18
212 152 48 10
168 153 48 18
282 409 48 17
259 378 48 4
386 36 48 2
180 26 48 14
98 240 48 8
326 402 48 14
33 364 48 19
267 30 48 3
77 252 48 6
347 419 48 15
359 253 48 7
98 74 48 11
262 13 48 19
349 202 48 11
372 299 48 10
109 178 48 18
298 210 48 10
265 39 48 18
86 115 48 7
59 25 48 12
183 393 48 15
269 43 48 14
295 314 48 4
366 225 48 3
15 150 48 11
360 268 48 16
213 118 48 9
2 393 48 6
257 41 48 8
327 99 48 5
367 282 48 6
223 113 48 19
153 407 48 15
104 335 48 20
257 359 48 6
271 281 48 12
15 56 48 9
415 57 48 10
416 314 48 5
84 203 48 5
234 122 48 11
328 345 48 14
18 60 48 4
30 173 48 11
267 439 48 13
216 262 48 15
433 276 48 12
330 253 48 3
182 221 48 19
64 305 48 6
65 101 48 16
337 428 48 6
284 8 48 10
200 48 48 19
13 324 48 1
174 93 48 20
189 88 48 9
249 417 48 2
365 151 48 18
