2000 200
113 414 120 1
268 4 120 15
293 318 120 15
232 85 120 6
122 159 120 4
356 156 120 5
442 127 120 18
244 11 120 18
264 440 120 11
281 154 120 11
265 276 120 15
235 107 120 8
297 409 120 4
4 194 120 13
249 325 120 3
23 243 120 14
132 237 120 3
42 43 120 1
311 317 120 4
72 150 120 14
177 424 120 17
258 212 120 12
342 71 120 8
296 74 120 10
334 332 120 19
94 355 120 14
19 49 120 10
80 100 120 16
151 411 120 3
214 35 120 2
3 221 120 10
67 41 120 10
248 382 120 17
400 230 120 13
298 117 120 9
73 220 120 19
110 248 120 16
374 327 120 9
244 30 120 8
439 253 120 11
337 265 120 7
221 331 120 8
316 141 120 15
44 93 120 9
302 400 120 9
445 35 120 18
58 145 120 5
156 71 120 8
364 324 120 3
87 316 120 13
302 215 120 11
301 435 120 5
340 303 120 8
323 356 120 5
89 220 120 7
428 218 120 2
92 275 120 5
23 441 120 17
270 367 120 12
119 6 120 14
220 318 120 4
148 181 120 3
407 73 120 12
369 405 120 7
443 47 120 1
13 27 120 5
75 129 120 17
280 151 120 5
109 431 120 17
282 102 120 13
322 332 120 10
130 32 120 11
381 1 120 7
51 369 120 20
75 375 120 3
329 387 120 16
363 14 120 19
225 294 120 4
89 412 120 19
330 256 120 18
129 131 120 16
255 270 120 19
114 213 120 17
55 263 120 15
400 348 120 19
345 229 120 15
326 145 120 7
445 379 120 1
267 30 120 5
73 359 120 9
437 40 120 8
238 304 120 9
70 417 120 3
360 34 120 4
125 434 120 8
263 341 120 19
351 229 120 20
16 226 120 8
420 55 120 19
362 127 120 3
103 126 120 6
430 363 120 15
133 443 120 18
58 355 120 3
245 32 120 20
343 305 120 12
222 218 120 14
265 233 120 8
229 216 120 5
232 130 120 5
147 242 120 7
112 225 120 8
380 367 120 13
180 424 120 2
4 231 120 19
281 126 120 1
4 357 120 18
402 174 120 6
141 412 120 4
382 207 120 20
312 363 120 4
367 27 120 10
348 416 120 11
314 149 120 1
208 162 120 11
133 443 120 2
372 446 120 14
381 401 120 4
186 104 120 13
216 48 120 9
386 369 120 18
350 299 120 12
101 199 120 19
208 76 120 7
311 283 120 10
187 415 120 20
199 339 120 4
121 272 120 18
226 21 120 17
305 246 120 19
144 184 120 10
345 96 120 6
135 196 120 6
341 403 120 13
258 276 120 9
337 16 120 4
410 214 120 6
35 344 120 16
70 132 120 8
219 437 120 9
415 133 120 9
85 30 120 1
54 174 120 4
231 78 120 2
36 335 120 13
113 234 120 1
177 207 120 7
122 251 120 3
358 331 120 18
158 102 120 15
213 69 120 11
14 163 120 7
348 226 120 14
441 9 120 19
52 44 120 12
375 166 120 13
277 342 120 11
412 26 120 1
433 384 120 19
149 104 120 14
311 326 120 4
158 339 120 18
34 250 120 15
104 243 120 10
240 294 120 17
284 231 120 2
115 70 120 14
151 34 120 4
438 30 120 13
171 178 120 8
5 42 120 17
364 199 120 13
2 243 120 3
312 356 120 15
183 148 120 10
108 442 120 12
209 109 120 11
204 259 120 3
234 260 120 4
211 430 120 3
290 445 120 13
258 371 120 16
117 372 120 11
235 236 120 11
158 429 120 7
384 99 120 9
393 307 120 10
25 63 120 12
148 307 120 4
299 70 120 8
181 369 120 16
124 189 120 19
266 315 120 8
212 112 120 19
77 269 120 3
89 205 120 4
95 151 120 14
219 185 120 20
154 332 120 16
359 184 120 15
99 374 120 4
303 51 120 5
420 316 120 20
25 90 120 1
313 176 120 12
144 264 120 8
74 368 120 7
321 149 120 19
183 313 120 12
371 224 120 8
181 332 120 9
359 187 120 20
289 159 120 8
87 184 120 4
6 59 120 17
183 212 120 7
138 296 120 20
243 169 120 19
96 361 120 2
290 284 120 5
220 17 120 19
76 385 120 15
440 237 120 15
234 323 120 7
128 328 120 9
198 73 120 8
84 221 120 2
357 26 120 17
332 121 120 4
172 420 120 10
245 192 120 5
202 278 120 8
355 280 120 12
220 76 120 8
287 204 120 16
403 401 120 8
303 47 120 14
41 403 120 20
394 298 120 18
223 22 120 9
345 267 120 18
26 31 120 8
111 386 120 7
423 168 120 18
172 7 120 1
259 419 120 16
428 274 120 1
360 314 120 8
327 270 120 2
425 55 120 16
49 399 120 15
321 434 120 17
423 98 120 19
367 73 120 16
386 244 120 2
172 65 120 3
347 45 120 12
132 414 120 12
329 294 120 17
376 281 120 8
444 339 120 8
342 212 120 7
280 197 120 3
166 126 120 4
219 75 120 1
288 246 120 19
329 155 120 15
217 296 120 16
418 187 120 12
4 115 120 12
92 112 120 14
132 16 120 17
168 305 120 10
301 23 120 9
59 241 120 1
80 81 120 10
156 420 120 12
287 189 120 18
374 159 120 17
327 162 120 20
113 264 120 4
238 395 120 7
148 115 120 13
254 425 120 12
48 46 120 11
374 125 120 20
60 291 120 16
348 130 120 19
48 66 120 8
381 392 120 15
381 57 120 16
56 305 120 10
202 5 120 3
196 268 120 17
221 325 120 19
40 251 120 6
396 311 120 11
277 221 120 5
366 268 120 7
166 211 120 8
127 155 120 11
362 210 120 10
106 421 120 1
412 169 120 13
257 400 120 19
148 439 120 6
173 397 120 5
41 236 120 3
48 154 120 20
110 319 120 10
126 8 120 7
208 379 120 19
148 38 120 12
101 12 120 12
332 278 120 9
440 425 120 6
361 160 120 2
156 210 120 16
171 257 120 2
16 376 120 3
72 54 120 1
282 272 120 17
264 419 120 11
230 72 120 14
364 403 120 6
13 395 120 7
100 319 120 12
146 27 120 1
437 197 120 20
424 212 120 5
292 294 120 5
177 128 120 12
431 402 120 15
285 194 120 7
160 110 120 7
313 132 120 19
443 241 120 15
305 386 120 4
367 375 120 4
259 361 120 10
69 215 120 20
389 391 120 12
97 385 120 3
212 232 120 5
419 392 120 1
135 257 120 19
245 262 120 16
236 129 120 5
253 59 120 1
29 317 120 17
16 385 120 3
307 336 120 3
288 432 120 2
223 207 120 2
361 178 120 15
161 312 120 11
102 119 120 16
283 364 120 1
412 179 120 19
31 207 120 9
10 233 120 7
213 102 120 18
359 389 120 20
443 164 120 5
321 77 120 7
143 247 120 3
231 358 120 5
133 193 120 5
173 157 120 12
272 187 120 15
239 206 120 5
154 418 120 17
404 339 120 18
191 334 120 2
205 217 120 17
396 359 120 3
14 142 120 18
218 274 120 9
329 10 120 4
191 291 120 3
259 82 120 2
123 235 120 7
87 191 120 9
440 392 120 20
71 159 120 3
236 107 120 2
199 130 120 1
73 348 120 5
148 239 120 8
380 429 120 8
360 250 120 6
109 372 120 11
284 12 120 10
341 14 120 13
305 94 120 5
28 329 120 4
119 81 120 12
342 153 120 14
412 300 120 14
43 242 120 7
412 165 120 16
425 273 120 8
235 109 120 9
246 13 120 16
211 317 120 15
324 354 120 1
116 25 120 10
38 377 120 15
326 341 120 1
396 393 120 18
19 367 120 2
329 354 120 6
137 142 120 17
402 397 120 2
244 161 120 5
169 47 120 16
432 163 120 8
329 210 120 14
387 88 120 10
298 46 120 12
14 65 120 18
330 403 120 19
35 92 120 12
305 57 120 18
150 300 120 2
311 31 120 20
388 15 120 6
42 353 120 20
73 303 120 19
443 163 120 6
322 176 120 10
121 69 120 14
273 103 120 11
129 417 120 16
391 129 120 17
357 2 120 20
379 389 120 17
116 440 120 19
72 65 120 19
125 71 120 9
214 392 120 20
377 75 120 20
59 357 120 7
279 38 120 17
108 439 120 11
236 348 120 5
404 289 120 6
139 414 120 1
237 38 120 17
190 162 120 6
316 386 120 7
170 325 120 11
102 383 120 6
136 214 120 5
149 331 120 4
300 119 120 17
442 85 120 3
98 224 120 11
183 13 120 8
343 213 120 12
136 91 120 5
321 270 120 12
133 371 120 9
311 69 120 4
90 227 120 14
307 79 120 17
424 83 120 10
392 180 120 3
336 372 120 2
317 278 120 16
23 413 120 14
113 286 120 19
91 428 120 18
5 302 120 17
142 391 120 16
152 251 120 1
301 237 120 12
88 192 120 2
107 80 120 11
139 397 120 12
393 429 120 18
300 94 120 2
29 195 120 12
138 199 120 20
325 340 120 14
291 54 120 6
345 365 120 8
34 15 120 1
359 121 120 15
172 260 120 18
271 215 120 13
336 68 120 17
250 96 120 20
144 234 120 11
349 111 120 17
50 412 120 11
12 309 120 10
220 343 120 7
172 264 120 17
213 435 120 16
224 259 120 3
205 147 120 4
290 406 120 13
132 102 120 10
172 3 120 11
104 63 120 12
100 74 120 5
22 293 120 12
406 27 120 2
16 249 120 11
342 25 120 17
435 240 120 1
149 92 120 6
415 224 120 13
20 395 120 3
192 62 120 8
329 171 120 18
337 192 120 20
240 160 120 14
416 185 120 18
133 79 120 19
118 67 120 8
250 225 120 13
350 192 120 6
114 211 120 17
328 412 120 1
167 303 120 1
79 192 120 18
293 441 120 12
96 410 120 5
148 95 120 6
234 213 120 20
122 25 120 11
101 384 120 19
304 50 120 17
17 388 120 3
248 107 120 2
202 186 120 8
347 41 120 2
225 137 120 8
278 284 120 12
419 80 120 7
179 201 120 13
183 311 120 15
368 167 120 10
336 193 120 7
268 440 120 17
46 194 120 14
36 104 120 1
9 328 120 2
401 168 120 3
3 139 120 2
275 327 120 10
123 62 120 19
365 439 120 8
219 327 120 11
13 148 120 18
360 203 120 3
9 238 120 5
145 256 120 15
417 219 120 16
88 232 120 19
295 59 120 9
255 191 120 2
88 108 120 2
88 336 120 11
291 348 120 10
49 261 120 20
10 279 120 14
85 423 120 19
40 392 120 8
172 32 120 19
6 326 120 3
167 143 120 20
389 240 120 10
165 338 120 20
268 191 120 10
81 239 120 7
107 258 120 5
370 342 120 8
4 391 120 13
304 126 120 6
398 141 120 8
103 307 120 20
9 248 120 20
22 423 120 8
370 243 120 14
182 334 120 7
254 440 120 2
167 362 120 2
55 365 120 3
344 232 120 15
227 182 120 4
445 295 120 12
358 303 120 10
74 334 120 1
116 256 120 7
359 438 120 4
402 254 120 4
256 421 120 12
15 38 120 6
174 382 120 14
21 171 120 18
445 169 120 19
292 89 120 17
397 162 120 1
29 288 120 10
351 199 120 18
122 163 120 19
322 419 120 20
9 443 120 8
61 169 120 16
353 189 120 1
380 196 120 1
274 51 120 7
23 447 120 12
105 28 120 10
6 389 120 19
353 63 120 5
60 395 120 10
187 403 120 19
362 26 120 2
43 379 120 13
332 311 120 12
352 138 120 17
14 170 120 2
284 275 120 15
404 290 120 19
275 195 120 13
308 255 120 3
323 4 120 12
332 375 120 15
73 418 120 16
11 312 120 4
145 217 120 18
339 240 120 14
85 86 120 3
316 42 120 7
40 316 120 11
284 176 120 10
28 61 120 3
175 393 120 16
357 18 120 6
23 38 120 13
9 183 120 20
133 84 120 6
436 169 120 10
129 47 120 13
111 86 120 5
297 370 120 18
301 397 120 15
318 134 120 13
262 43 120 6
187 75 120 18
433 84 120 9
11 226 120 7
275 224 120 4
177 352 120 15
130 25 120 18
398 331 120 10
414 194 120 13
34 64 120 17
56 336 120 2
105 85 120 13
192 70 120 3
23 80 120 13
395 364 120 8
41 93 120 2
180 232 120 1
415 192 120 16
134 158 120 19
250 192 120 6
63 247 120 19
375 362 120 8
314 106 120 1
347 138 120 13
147 86 120 17
181 136 120 14
118 316 120 16
90 293 120 19
402 426 120 20
13 239 120 6
135 301 120 9
155 238 120 5
259 104 120 4
442 3 120 2
267 160 120 10
8 340 120 19
288 20 120 14
362 119 120 5
180 73 120 9
156 86 120 3
322 230 120 15
298 385 120 6
198 206 120 1
203 211 120 1
356 30 120 12
156 48 120 1
92 335 120 10
353 260 120 10
12 439 120 10
97 147 120 7
429 22 120 6
178 329 120 10
153 90 120 6
252 292 120 13
364 210 120 7
187 376 120 5
360 20 120 12
105 373 120 2
425 384 120 17
381 43 120 6
422 35 120 17
246 212 120 18
26 374 120 14
12 189 120 20
218 105 120 8
17 291 120 9
299 203 120 5
42 317 120 16
44 305 120 10
38 238 120 17
188 213 120 10
369 21 120 12
441 46 120 4
156 68 120 15
172 285 120 9
397 301 120 14
104 163 120 13
297 214 120 5
405 258 120 2
22 305 120 5
139 55 120 17
290 433 120 7
215 426 120 17
67 144 120 19
116 315 120 9
280 265 120 3
277 378 120 20
49 227 120 19
128 194 120 6
74 215 120 5
258 354 120 17
216 206 120 6
195 421 120 14
219 50 120 13
320 175 120 8
258 7 120 1
60 293 120 17
24 342 120 16
212 32 120 9
209 116 120 1
74 373 120 5
439 151 120 18
353 345 120 14
245 116 120 5
290 435 120 9
203 256 120 8
390 315 120 1
60 349 120 14
413 113 120 15
65 321 120 12
389 394 120 2
181 396 120 1
179 301 120 9
150 108 120 12
180 407 120 10
375 163 120 10
139 115 120 18
205 175 120 2
166 150 120 12
158 215 120 14
265 156 120 15
317 346 120 1
62 78 120 9
152 227 120 4
378 407 120 11
144 344 120 16
175 45 120 19
73 249 120 9
320 424 120 1
231 134 120 14
26 408 120 17
225 277 120 2
361 339 120 3
361 53 120 5
20 430 120 15
86 136 120 2
314 310 120 1
220 383 120 16
309 255 120 2
101 48 120 11
107 84 120 20
278 308 120 4
348 221 120 9
47 144 120 11
430 164 120 4
325 249 120 7
126 126 120 19
428 355 120 19
85 216 120 20
175 317 120 14
388 423 120 13
135 264 120 4
149 164 120 19
63 220 120 8
40 203 120 5
447 90 120 4
105 226 120 9
72 206 120 2
422 300 120 12
131 27 120 2
345 425 120 13
205 112 120 14
362 270 120 6
313 333 120 4
397 382 120 3
207 391 120 5
265 48 120 4
2 120 120 12
92 94 120 3
408 234 120 20
146 142 120 12
317 346 120 2
313 271 120 3
26 136 120 14
395 95 120 5
92 311 120 13
315 128 120 14
327 139 120 8
107 241 120 13
196 201 120 5
312 357 120 12
415 236 120 10
183 101 120 11
230 126 120 17
162 83 120 3
38 174 120 17
305 52 120 3
173 388 120 16
169 47 120 11
269 242 120 11
155 107 120 16
192 84 120 7
127 266 120 1
343 58 120 5
246 229 120 20
254 267 120 14
124 134 120 18
122 306 120 20
269 38 120 3
208 316 120 17
358 23 120 6
417 224 120 1
264 350 120 14
222 255 120 9
315 54 120 9
53 317 120 12
412 440 120 10
385 125 120 7
298 403 120 20
257 163 120 5
21 74 120 6
347 43 120 6
310 317 120 11
92 101 120 6
388 425 120 9
18 30 120 2
372 5 120 6
402 399 120 10
300 250 120 14
246 59 120 20
59 79 120 19
352 436 120 6
420 298 120 6
401 389 120 4
190 339 120 20
41 367 120 17
199 291 120 9
359 245 120 13
206 107 120 19
8 362 120 1
429 431 120 17
30 335 120 3
130 317 120 11
109 281 120 8
188 23 120 12
254 63 120 13
349 271 120 14
22 192 120 16
83 397 120 6
403 404 120 2
344 396 120 14
374 425 120 19
382 117 120 11
251 225 120 15
71 422 120 13
229 238 120 9
317 139 120 14
237 170 120 3
412 252 120 7
256 217 120 1
24 124 120 6
223 50 120 12
308 442 120 12
273 255 120 15
71 325 120 4
348 116 120 18
241 432 120 6
404 232 120 15
321 206 120 11
188 24 120 2
22 47 120 10
240 269 120 3
9 140 120 14
340 422 120 6
2 56 120 18
104 403 120 1
434 206 120 17
18 172 120 2
218 46 120 4
243 233 120 4
38 254 120 7
402 57 120 8
369 75 120 4
340 414 120 1
118 425 120 10
230 82 120 7
11 68 120 7
233 95 120 9
229 322 120 10
3 118 120 12
237 155 120 17
80 119 120 1
202 51 120 8
26 390 120 17
272 71 120 8
135 310 120 15
401 320 120 4
436 105 120 20
205 343 120 9
9 345 120 14
65 134 120 4
385 224 120 9
324 425 120 2
337 14 120 8
317 285 120 5
284 429 120 10
342 393 120 2
20 391 120 3
239 148 120 20
342 156 120 10
116 230 120 6
63 168 120 4
119 54 120 3
225 391 120 5
294 270 120 3
432 106 120 6
433 10 120 13
317 29 120 2
305 277 120 1
188 171 120 11
426 296 120 16
361 359 120 11
71 40 120 8
206 265 120 15
364 121 120 20
359 105 120 2
336 91 120 15
267 407 120 2
142 264 120 6
163 14 120 4
340 3 120 8
309 363 120 7
8 433 120 9
217 202 120 2
360 118 120 6
334 30 120 5
414 375 120 9
55 204 120 3
182 345 120 17
137 61 120 11
273 410 120 17
268 271 120 13
183 288 120 10
148 67 120 15
377 426 120 4
279 313 120 14
286 289 120 7
392 343 120 3
21 87 120 17
359 234 120 12
274 69 120 7
191 346 120 9
23 82 120 8
298 229 120 11
326 169 120 14
25 447 120 19
210 295 120 16
322 250 120 11
191 270 120 19
414 181 120 12
250 18 120 5
58 208 120 19
136 231 120 11
64 91 120 9
58 416 120 15
41 4 120 6
346 213 120 13
35 98 120 10
87 298 120 11
225 274 120 1
149 86 120 1
151 143 120 19
52 278 120 20
44 341 120 5
265 408 120 9
216 12 120 14
167 357 120 17
423 392 120 5
33 31 120 8
360 265 120 6
430 423 120 10
70 126 120 6
374 188 120 14
25 231 120 9
212 58 120 14
378 284 120 1
100 13 120 20
55 445 120 19
106 31 120 8
8 400 120 5
192 392 120 13
15 24 120 9
426 397 120 2
221 421 120 2
375 196 120 19
43 126 120 2
169 236 120 4
205 290 120 19
204 405 120 7
234 412 120 3
80 167 120 3
359 181 120 19
326 169 120 9
33 389 120 18
427 317 120 17
442 369 120 14
303 91 120 7
177 305 120 8
48 61 120 6
406 304 120 7
269 394 120 10
76 315 120 12
353 193 120 15
142 225 120 11
352 214 120 10
320 209 120 5
414 64 120 7
295 250 120 16
19 297 120 10
157 255 120 18
269 76 120 7
101 161 120 18
122 66 120 11
312 208 120 19
7 122 120 11
17 442 120 10
406 418 120 17
1 265 120 14
347 293 120 1
327 12 120 6
163 281 120 1
392 391 120 6
41 65 120 1
329 387 120 17
404 393 120 11
255 419 120 20
315 388 120 9
11 388 120 5
393 298 120 18
188 177 120 3
238 349 120 17
373 293 120 2
231 333 120 1
145 214 120 9
286 180 120 8
112 434 120 12
378 311 120 12
178 321 120 18
242 277 120 14
151 17 120 13
72 264 120 12
283 199 120 17
427 430 120 17
209 137 120 18
366 433 120 14
32 97 120 4
116 37 120 16
140 214 120 12
114 8 120 12
396 169 120 20
416 240 120 11
328 86 120 7
94 65 120 11
193 273 120 7
67 202 120 2
131 233 120 19
181 348 120 5
104 50 120 14
348 163 120 8
431 121 120 6
84 90 120 2
10 427 120 11
144 73 120 6
251 275 120 9
57 352 120 19
295 35 120 12
182 215 120 3
115 318 120 11
272 229 120 5
437 212 120 20
332 305 120 19
30 324 120 6
260 21 120 9
118 281 120 6
258 337 120 13
152 184 120 16
288 375 120 18
324 52 120 18
409 324 120 16
229 323 120 15
160 217 120 17
190 247 120 2
199 69 120 7
281 186 120 15
200 443 120 4
23 157 120 15
337 444 120 18
418 330 120 17
369 291 120 10
112 83 120 12
56 242 120 5
324 442 120 5
12 193 120 10
177 26 120 3
175 235 120 6
62 267 120 19
142 166 120 19
159 136 120 14
238 68 120 12
202 179 120 11
32 244 120 18
98 120 120 2
400 132 120 20
343 318 120 14
15 46 120 7
150 107 120 13
441 259 120 5
291 427 120 14
24 217 120 20
58 419 120 15
173 13 120 17
93 110 120 14
7 72 120 16
124 424 120 1
276 2 120 14
215 151 120 18
431 154 120 12
366 7 120 9
446 31 120 8
146 88 120 20
24 260 120 8
155 363 120 16
415 369 120 20
360 55 120 10
175 330 120 19
35 98 120 13
11 91 120 14
246 9 120 8
23 17 120 13
16 162 120 20
438 195 120 20
434 359 120 9
103 327 120 20
299 249 120 14
35 423 120 14
209 20 120 20
86 30 120 12
136 285 120 5
183 317 120 14
279 333 120 8
16 333 120 3
22 329 120 5
390 441 120 9
242 303 120 10
149 337 120 8
396 99 120 20
292 194 120 12
279 330 120 6
285 75 120 12
317 353 120 16
73 378 120 2
24 399 120 13
344 341 120 10
105 146 120 7
125 304 120 5
119 252 120 15
133 97 120 17
186 375 120 7
96 222 120 13
313 101 120 7
425 174 120 10
422 197 120 19
311 103 120 16
193 218 120 7
387 342 120 17
23 13 120 13
205 155 120 9
143 350 120 20
420 446 120 20
334 321 120 16
153 299 120 13
350 283 120 5
62 146 120 19
114 348 120 1
321 287 120 4
384 320 120 16
252 87 120 15
216 239 120 18
128 211 120 5
261 97 120 11
47 259 120 4
7 162 120 13
173 223 120 13
441 346 120 3
43 229 120 11
432 165 120 3
397 427 120 17
70 195 120 17
112 332 120 13
142 145 120 17
55 192 120 16
277 208 120 18
324 380 120 6
79 383 120 15
192 425 120 11
145 410 120 14
426 359 120 5
357 438 120 4
68 102 120 9
447 253 120 5
37 318 120 2
343 147 120 9
363 33 120 6
168 121 120 7
318 313 120 10
259 20 120 1
365 445 120 11
12 354 120 12
301 432 120 7
38 441 120 14
366 40 120 14
1 383 120 11
290 298 120 17
74 19 120 16
240 346 120 3
384 158 120 16
53 85 120 2
91 96 120 16
129 407 120 16
278 444 120 6
243 362 120 15
78 362 120 13
79 204 120 13
102 277 120 9
256 79 120 11
274 26 120 4
322 88 120 18
367 178 120 13
328 316 120 17
284 157 120 10
232 399 120 12
220 40 120 8
143 118 120 18
384 230 120 7
185 48 120 2
342 331 120 3
219 205 120 10
190 124 120 7
257 15 120 15
272 298 120 2
294 82 120 5
239 312 120 4
89 7 120 13
161 400 120 9
63 138 120 7
43 42 120 2
58 271 120 20
150 13 120 12
440 269 120 12
152 104 120 20
19 407 120 1
305 208 120 10
183 296 120 11
179 20 120 15
413 82 120 4
248 124 120 16
423 191 120 9
365 340 120 8
431 333 120 19
74 47 120 9
14 65 120 16
46 380 120 15
398 115 120 15
310 293 120 4
175 269 120 5
186 69 120 3
249 54 120 20
145 418 120 17
54 412 120 9
241 38 120 14
104 62 120 14
363 107 120 12
392 67 120 15
280 377 120 13
187 104 120 9
185 299 120 14
306 101 120 17
170 245 120 5
384 308 120 10
45 111 120 7
200 214 120 2
429 129 120 8
143 84 120 14
418 373 120 11
102 123 120 13
54 307 120 16
84 176 120 6
167 355 120 19
241 301 120 20
268 346 120 1
343 108 120 4
32 89 120 14
284 231 120 19
166 201 120 13
413 303 120 2
327 356 120 6
92 440 120 12
404 169 120 19
76 409 120 14
56 240 120 3
147 135 120 15
14 177 120 3
9 23 120 10
98 188 120 3
122 164 120 1
268 43 120 16
273 134 120 10
17 100 120 15
115 175 120 10
66 241 120 10
373 397 120 1
339 410 120 3
384 418 120 11
221 78 120 4
259 199 120 19
162 19 120 13
421 302 120 9
234 318 120 8
216 442 120 4
170 70 120 13
362 442 120 11
252 344 120 13
318 280 120 5
417 63 120 12
266 332 120 12
268 56 120 20
332 39 120 7
82 273 120 16
378 51 120 17
401 230 120 12
238 145 120 6
13 396 120 15
208 277 120 13
383 246 120 2
188 74 120 3
192 351 120 16
215 235 120 10
101 316 120 5
315 246 120 15
75 209 120 11
362 446 120 5
207 12 120 17
394 229 120 10
424 164 120 18
69 361 120 16
65 106 120 10
106 330 120 4
196 430 120 18
121 297 120 11
97 382 120 15
312 306 120 13
224 65 120 9
104 12 120 7
261 445 120 11
225 66 120 5
263 130 120 19
203 245 120 5
378 441 120 1
430 114 120 4
281 220 120 1
350 84 120 3
407 317 120 1
49 421 120 8
375 234 120 9
418 11 120 5
374 273 120 2
445 29 120 15
398 416 120 2
333 398 120 3
138 241 120 11
324 143 120 6
379 113 120 6
51 161 120 5
191 98 120 8
328 68 120 1
93 4 120 2
444 1 120 10
145 398 120 8
297 294 120 18
125 441 120 17
172 328 120 13
313 259 120 9
324 319 120 6
317 62 120 10
97 399 120 5
334 54 120 1
416 50 120 10
80 194 120 18
158 43 120 7
197 167 120 12
40 349 120 20
25 214 120 18
112 100 120 14
379 417 120 7
296 66 120 13
281 409 120 20
270 377 120 9
269 9 120 6
218 177 120 2
34 383 120 13
290 422 120 19
426 446 120 9
383 120 120 15
221 61 120 15
120 357 120 8
417 190 120 2
330 12 120 11
292 290 120 15
447 71 120 3
208 104 120 20
146 403 120 5
431 391 120 12
36 336 120 7
198 109 120 13
318 228 120 14
67 207 120 6
233 99 120 3
329 390 120 12
434 399 120 4
287 170 120 17
66 325 120 10
287 308 120 14
59 354 120 6
407 104 120 19
369 431 120 11
240 60 120 14
311 303 120 7
403 184 120 2
327 180 120 13
332 20 120 16
439 95 120 4
65 381 120 15
80 439 120 18
421 409 120 11
432 330 120 9
234 133 120 18
241 443 120 1
347 398 120 12
404 287 120 12
423 181 120 17
174 173 120 18
249 247 120 18
195 326 120 2
56 309 120 15
31 294 120 1
436 90 120 2
26 330 120 7
356 229 120 18
432 196 120 19
240 181 120 12
78 355 120 15
10 166 120 13
322 370 120 16
179 426 120 12
7 9 120 13
165 7 120 9
17 32 120 14
312 397 120 5
129 381 120 5
233 184 120 6
71 271 120 6
90 280 120 8
356 154 120 16
53 343 120 10
68 349 120 9
377 76 120 17
327 93 120 7
170 414 120 5
252 95 120 20
81 328 120 13
101 398 120 16
28 50 120 2
141 405 120 5
166 20 120 13
179 88 120 12
210 17 120 8
247 353 120 17
325 86 120 10
343 337 120 16
315 427 120 10
22 81 120 7
447 118 120 2
256 258 120 18
239 423 120 20
107 164 120 10
334 373 120 13
189 182 120 5
146 60 120 16
59 412 120 6
76 289 120 4
431 311 120 6
298 310 120 5
215 128 120 2
90 367 120 2
431 36 120 16
422 379 120 18
429 120 120 2
351 265 120 1
359 333 120 11
255 419 120 13
141 412 120 10
107 262 120 18
191 30 120 2
95 119 120 3
431 112 120 9
37 86 120 18
26 67 120 11
196 417 120 10
445 338 120 2
211 156 120 9
266 296 120 1
184 413 120 16
421 166 120 8
339 270 120 6
185 253 120 17
67 290 120 2
328 315 120 5
271 73 120 11
41 70 120 6
154 280 120 5
248 99 120 15
296 292 120 8
169 276 120 13
60 167 120 19
90 361 120 19
230 428 120 1
9 318 120 10
300 151 120 3
134 201 120 16
306 365 120 4
185 165 120 6
380 14 120 11
93 182 120 13
418 251 120 17
118 350 120 14
81 133 120 7
332 141 120 14
14 3 120 9
214 137 120 1
47 5 120 4
159 199 120 14
389 132 120 14
16 224 120 20
366 205 120 11
434 332 120 14
426 412 120 8
408 307 120 3
270 320 120 19
292 96 120 15
78 142 120 16
227 310 120 19
104 251 120 9
441 267 120 1
85 185 120 12
427 181 120 12
234 170 120 14
183 140 120 4
262 420 120 3
363 264 120 14
154 351 120 11
395 131 120 19
398 234 120 5
85 238 120 9
6 322 120 7
120 311 120 16
129 107 120 16
113 289 120 17
402 113 120 1
127 29 120 20
394 182 120 13
365 139 120 17
209 90 120 13
304 174 120 17
227 179 120 20
345 309 120 14
196 447 120 10
226 122 120 9
395 77 120 15
90 203 120 4
68 159 120 2
386 76 120 9
398 285 120 18
206 151 120 1
251 377 120 8
180 274 120 5
420 22 120 19
320 247 120 9
71 205 120 9
381 304 120 2
283 371 120 1
365 319 120 8
139 279 120 10
2 37 120 15
49 297 120 4
284 30 120 10
380 2 120 14
38 331 120 9
265 411 120 13
131 355 120 18
199 190 120 15
425 107 120 5
290 246 120 15
1 257 120 11
310 315 120 7
101 151 120 16
175 93 120 3
281 141 120 4
187 415 120 5
306 99 120 15
282 297 120 10
180 285 120 3
407 137 120 15
9 137 120 11
104 9 120 2
58 119 120 9
32 294 120 14
27 127 120 17
342 323 120 10
194 192 120 12
390 36 120 12
328 215 120 11
383 185 120 20
235 203 120 17
354 316 120 7
331 373 120 7
31 414 120 17
270 440 120 10
213 345 120 16
123 91 120 2
131 34 120 14
445 371 120 18
160 316 120 19
10 114 120 3
7 20 120 20
13 360 120 9
147 390 120 12
127 213 120 5
243 435 120 14
245 110 120 19
438 250 120 19
229 247 120 3
235 416 120 12
434 426 120 14
389 432 120 19
211 7 120 19
406 153 120 16
131 289 120 18
285 85 120 10
356 339 120 17
60 340 120 6
265 121 120 12
393 365 120 15
389 362 120 17
62 303 120 18
201 66 120 6
242 35 120 5
246 165 120 13
15 12 120 10
218 367 120 11
93 436 120 2
217 253 120 12
151 198 120 13
53 150 120 13
380 221 120 18
264 421 120 8
155 225 120 10
209 24 120 20
104 38 120 2
103 256 120 9
440 348 120 19
223 118 120 4
136 278 120 16
423 330 120 8
168 262 120 13
224 78 120 1
366 233 120 3
85 4 120 5
435 107 120 12
349 219 120 18
192 211 120 19
34 443 120 19
128 131 120 2
419 107 120 2
423 284 120 15
209 70 120 2
406 436 120 17
390 83 120 4
407 71 120 7
4 429 120 15
324 184 120 11
97 217 120 19
444 344 120 8
174 315 120 5
233 300 120 11
116 72 120 7
86 40 120 17
289 439 120 14
57 398 120 8
379 401 120 8
34 277 120 15
347 383 120 19
209 379 120 11
201 115 120 11
319 347 120 5
273 25 120 7
296 121 120 9
318 409 120 17
412 28 120 11
149 406 120 7
314 440 120 1
216 339 120 13
333 100 120 19
357 310 120 14
248 191 120 17
11 16 120 16
293 322 120 11
166 192 120 11
31 166 120 19
292 314 120 15
70 190 120 20
135 405 120 20
135 301 120 3
76 210 120 6
122 20 120 15
88 30 120 2
78 322 120 3
198 41 120 6
279 71 120 8
387 362 120 12
17 442 120 14
96 129 120 3
77 273 120 3
157 348 120 4
109 33 120 20
262 120 120 12
431 207 120 9
26 414 120 5
270 245 120 12
231 194 120 5
69 221 120 17
96 316 120 1
90 402 120 17
385 111 120 15
441 230 120 1
70 44 120 3
175 37 120 16
164 73 120 10
194 342 120 7
303 135 120 14
337 213 120 16
365 308 120 4
74 408 120 19
55 345 120 13
394 338 120 1
317 407 120 1
370 144 120 1
181 308 120 17
416 64 120 6
447 376 120 4
225 266 120 5
233 183 120 4
110 267 120 14
398 321 120 6
349 277 120 19
93 147 120 2
327 69 120 4
160 259 120 19
56 227 120 11
302 227 120 12
246 14 120 17
403 247 120 14
420 366 120 16
407 326 120 19
301 227 120 8
95 329 120 5
296 208 120 12
204 368 120 1
428 433 120 16
269 297 120 9
38 96 120 13
72 51 120 10
298 33 120 20
344 2 120 9
273 312 120 1
31 406 120 18
393 265 120 18
385 21 120 7
199 1 120 1
240 269 120 14
59 316 120 12
349 387 120 20
1 248 120 1
28 144 120 12
370 426 120 18
55 19 120 5
78 411 120 11
308 359 120 7
12 110 120 12
157 349 120 19
162 418 120 9
262 329 120 8
422 340 120 11
177 367 120 17
390 300 120 16
20 364 120 4
66 441 120 16
375 301 120 5
268 322 120 15
171 32 120 20
352 203 120 2
402 18 120 1
392 2 120 1
191 189 120 17
144 131 120 14
74 151 120 8
33 216 120 8
403 153 120 4
246 420 120 5
209 153 120 17
74 58 120 1
375 12 120 11
101 413 120 2
186 157 120 3
191 310 120 9
47 393 120 12
267 426 120 13
32 381 120 10
108 189 120 3
59 398 120 1
50 34 120 16
254 408 120 8
28 72 120 7
251 257 120 1
224 447 120 14
328 47 120 18
135 323 120 19
177 364 120 1
372 35 120 20
92 93 120 15
411 152 120 13
351 406 120 8
302 433 120 3
218 246 120 14
301 23 120 15
245 350 120 6
145 48 120 15
23 234 120 1
291 158 120 20
311 249 120 16
280 223 120 18
293 136 120 5
266 447 120 19
310 217 120 3
173 80 120 2
36 335 120 12
412 42 120 5
206 65 120 17
374 365 120 8
118 238 120 10
412 71 120 2
430 373 120 16
406 191 120 7
377 53 120 13
157 235 120 16
416 271 120 12
131 245 120 6
349 4 120 17
354 377 120 9
70 57 120 8
44 31 120 2
250 13 120 3
144 428 120 2
47 368 120 17
166 77 120 18
365 46 120 18
14 186 120 2
152 87 120 17
363 441 120 3
55 63 120 20
432 116 120 14
441 365 120 16
366 71 120 16
43 117 120 6
230 282 120 20
204 210 120 18
1 233 120 12
52 394 120 18
117 320 120 5
110 374 120 12
170 358 120 16
261 352 120 2
364 280 120 13
10 332 120 7
24 124 120 9
124 327 120 1
269 337 120 6
162 389 120 3
131 68 120 15
104 177 120 14
148 357 120 17
308 170 120 20
384 96 120 6
94 105 120 16
356 138 120 8
26 261 120 9
342 92 120 10
7 253 120 3
65 394 120 17
5 60 120 10
318 207 120 10
105 67 120 6
253 14 120 17
233 107 120 11
108 25 120 4
116 51 120 17
440 392 120 5
217 408 120 5
392 35 120 1
187 39 120 2
169 367 120 11
59 24 120 13
129 277 120 12
283 72 120 13
115 189 120 10
95 304 120 4
335 307 120 15
229 86 120 3
376 31 120 8
32 217 120 6
184 395 120 20
106 7 120 10
104 135 120 2
115 427 120 17
232 105 120 20
373 199 120 4
118 96 120 15
264 324 120 10
380 253 120 2
