2000 285
399 115 84 8
209 309 84 5
251 141 84 4
270 335 84 4
215 20 84 11
300 318 84 10
224 431 84 11
110 96 84 7
306 358 84 3
310 192 84 15
44 153 84 5
305 361 84 15
403 164 84 9
215 443 84 13
225 220 84 18
145 72 84 5
378 306 84 9
408 415 84 14
135 283 84 12
235 155 84 18
407 198 84 11
257 65 84 5
414 21 84 2
285 235 84 7
33 23 84 16
257 177 84 8
361 107 84 20
438 77 84 11
174 211 84 15
277 8 84 12
134 425 84 10
143 234 84 14
75 210 84 3
181 48 84 16
283 90 84 17
157 347 84 4
122 260 84 9
383 261 84 4
173 444 84 17
256 283 84 12
36 416 84 10
23 111 84 20
75 195 84 4
157 376 84 15
37 211 84 13
385 377 84 6
16 61 84 18
221 6 84 10
55 179 84 15
99 444 84 20
171 32 84 18
210 64 84 3
45 149 84 20
100 305 84 13
201 351 84 17
402 289 84 19
55 314 84 6
425 87 84 11
180 151 84 3
369 260 84 17
412 430 84 16
414 193 84 9
98 247 84 2
414 346 84 9
231 100 84 4
258 54 84 5
224 119 84 19
251 106 84 1
293 285 84 8
66 216 84 7
292 181 84 9
102 147 84 16
432 244 84 15
7 221 84 20
353 4 84 19
145 272 84 4
236 48 84 19
203 308 84 6
256 153 84 10
13 228 84 11
39 72 84 19
48 173 84 8
248 158 84 16
248 174 84 3
157 79 84 1
174 233 84 5
245 31 84 5
444 233 84 8
301 42 84 2
6 64 84 11
373 103 84 1
26 150 84 9
282 397 84 6
344 208 84 2
190 374 84 9
39 100 84 18
169 355 84 19
356 361 84 8
404 225 84 19
168 240 84 7
169 165 84 9
231 190 84 18
29 34 84 17
441 377 84 13
122 119 84 5
348 167 84 16
350 345 84 8
392 254 84 11
219 220 84 19
88 397 84 5
30 118 84 11
74 349 84 11
267 387 84 20
429 381 84 10
352 65 84 18
210 413 84 14
178 325 84 4
63 279 84 6
309 50 84 15
341 147 84 3
166 176 84 2
154 249 84 3
342 78 84 6
115 60 84 17
265 421 84 17
107 183 84 17
105 371 84 3
10 433 84 17
169 294 84 18
100 188 84 14
437 353 84 13
445 69 84 5
364 410 84 17
223 78 84 7
24 352 84 7
347 11 84 6
188 125 84 18
363 135 84 2
369 303 84 2
425 412 84 15
190 401 84 6
140 399 84 1
349 315 84 8
189 90 84 9
97 124 84 1
436 23 84 7
63 221 84 6
70 136 84 7
62 68 84 11
348 55 84 16
384 244 84 17
335 393 84 2
355 295 84 17
347 36 84 1
416 142 84 9
389 130 84 17
393 202 84 2
75 271 84 10
337 333 84 16
18 233 84 10
99 180 84 17
144 67 84 9
150 431 84 15
14 330 84 7
434 298 84 16
83 250 84 19
211 195 84 11
123 269 84 11
170 169 84 2
294 186 84 13
15 294 84 13
446 438 84 15
375 150 84 1
152 163 84 8
420 159 84 18
383 241 84 18
29 15 84 18
333 137 84 5
13 316 84 4
36 162 84 18
301 186 84 14
308 184 84 9
381 121 84 4
438 272 84 6
388 245 84 17
188 180 84 15
247 218 84 18
53 113 84 15
138 136 84 19
401 181 84 17
402 44 84 6
240 351 84 6
87 284 84 6
84 275 84 19
244 225 84 17
125 412 84 15
256 211 84 2
402 273 84 10
246 421 84 20
396 374 84 6
269 329 84 8
338 131 84 10
142 217 84 6
67 301 84 9
274 107 84 18
287 241 84 6
43 59 84 6
17 23 84 4
113 269 84 15
344 227 84 14
308 58 84 7
315 395 84 3
235 90 84 19
438 166 84 9
32 2 84 19
296 289 84 1
78 331 84 9
79 357 84 10
363 32 84 9
163 375 84 17
357 245 84 10
431 122 84 15
189 356 84 8
173 347 84 2
20 378 84 1
430 226 84 12
196 313 84 9
20 402 84 7
314 317 84 13
429 43 84 12
323 399 84 15
285 382 84 3
194 133 84 3
192 305 84 6
365 334 84 8
83 326 84 11
109 74 84 7
19 94 84 15
295 407 84 18
165 399 84 13
410 284 84 10
6 121 84 11
180 324 84 8
252 68 84 9
234 433 84 12
155 78 84 17
302 197 84 18
325 215 84 18
291 72 84 10
137 246 84 3
25 209 84 1
311 224 84 16
105 403 84 4
21 217 84 2
261 13 84 1
388 168 84 17
394 32 84 8
26 356 84 15
208 210 84 4
349 346 84 7
15 371 84 16
411 244 84 9
33 358 84 4
436 378 84 20
13 202 84 17
31 142 84 8
137 88 84 3
439 113 84 7
61 330 84 16
211 242 84 19
170 256 84 19
336 219 84 5
279 261 84 9
186 250 84 8
310 272 84 12
447 312 84 16
323 2 84 3
231 440 84 16
58 64 84 10
93 274 84 20
37 6 84 4
361 342 84 6
35 173 84 14
66 358 84 2
47 221 84 20
220 230 84 12
107 115 84 7
71 346 84 20
168 413 84 8
148 68 84 14
368 115 84 6
397 28 84 10
206 72 84 7
276 147 84 8
148 194 84 17
301 423 84 10
309 82 84 15
327 162 84 5
348 340 84 7
432 40 84 4
343 417 84 19
269 376 84 2
89 135 84 4
81 420 84 7
440 121 84 9
136 421 84 10
70 292 84 9
119 182 84 16
66 82 84 11
435 67 84 15
435 419 84 16
101 250 84 8
242 338 84 10
8 428 84 15
377 430 84 15
45 128 84 9
145 198 84 10
326 316 84 7
231 392 84 15
29 389 84 18
312 376 84 9
118 30 84 13
310 271 84 3
198 288 84 5
59 227 84 7
40 281 84 20
15 425 84 11
281 313 84 10
281 97 84 8
372 135 84 3
93 446 84 12
231 127 84 20
182 436 84 12
32 196 84 13
310 255 84 19
133 304 84 8
93 318 84 11
241 161 84 6
267 441 84 11
237 376 84 17
158 21 84 10
8 261 84 14
344 5 84 20
67 37 84 18
87 356 84 5
333 51 84 3
413 143 84 6
34 393 84 13
424 212 84 8
26 11 84 12
209 179 84 19
390 186 84 1
251 93 84 4
119 159 84 1
173 255 84 17
54 140 84 18
239 116 84 7
294 159 84 4
82 135 84 16
301 170 84 16
21 378 84 13
198 330 84 10
199 143 84 7
204 262 84 19
255 444 84 18
214 51 84 15
223 289 84 4
394 145 84 8
54 226 84 4
373 90 84 2
275 110 84 2
345 318 84 1
163 79 84 18
74 282 84 7
162 89 84 9
58 312 84 1
93 87 84 5
243 33 84 6
114 97 84 1
119 32 84 16
303 306 84 2
427 203 84 18
433 375 84 20
135 11 84 7
108 173 84 15
78 230 84 8
97 322 84 15
415 127 84 3
439 240 84 14
252 368 84 16
154 233 84 16
176 222 84 14
77 207 84 19
57 352 84 11
327 22 84 7
249 99 84 9
24 196 84 7
353 173 84 20
277 174 84 3
287 426 84 19
338 142 84 5
257 327 84 10
378 404 84 18
426 23 84 7
38 359 84 3
279 160 84 5
302 194 84 7
209 99 84 13
242 375 84 9
77 224 84 18
289 124 84 3
286 380 84 19
67 310 84 14
65 298 84 8
413 336 84 7
346 177 84 19
368 32 84 14
157 240 84 3
119 45 84 4
264 121 84 10
387 410 84 16
214 258 84 1
368 325 84 6
31 389 84 9
173 364 84 13
237 263 84 4
13 193 84 1
429 349 84 10
49 30 84 11
63 303 84 6
300 252 84 16
223 29 84 13
78 396 84 11
262 427 84 7
286 162 84 8
219 398 84 19
328 410 84 13
21 401 84 20
410 12 84 14
397 74 84 1
67 383 84 4
146 158 84 12
45 245 84 15
269 69 84 19
443 355 84 19
97 136 84 4
13 16 84 14
121 46 84 20
141 8 84 18
210 414 84 1
124 33 84 20
310 188 84 8
67 233 84 7
220 64 84 4
371 59 84 9
237 166 84 6
54 178 84 6
300 309 84 13
52 12 84 17
263 221 84 15
101 354 84 18
331 217 84 7
281 283 84 20
39 65 84 15
313 436 84 11
56 225 84 14
382 288 84 14
285 140 84 12
234 192 84 19
190 7 84 8
122 117 84 12
87 10 84 5
250 301 84 14
197 349 84 19
218 214 84 9
307 280 84 10
114 214 84 11
98 61 84 15
401 294 84 3
257 36 84 4
344 158 84 17
337 254 84 7
99 56 84 16
153 263 84 14
272 33 84 18
379 339 84 15
264 15 84 3
446 112 84 7
320 65 84 13
396 332 84 15
41 238 84 13
259 137 84 12
40 235 84 9
131 397 84 17
124 222 84 2
330 153 84 14
368 416 84 18
182 424 84 20
56 307 84 18
234 265 84 8
438 305 84 5
371 126 84 4
101 176 84 9
334 306 84 14
391 429 84 8
34 321 84 19
34 241 84 10
39 432 84 9
165 51 84 16
365 284 84 9
3 284 84 3
334 208 84 15
355 318 84 14
162 204 84 3
366 158 84 9
354 201 84 7
38 234 84 5
157 282 84 3
252 9 84 17
207 374 84 3
425 386 84 14
74 272 84 12
295 179 84 4
244 351 84 1
61 269 84 9
317 186 84 5
10 233 84 7
390 389 84 19
317 193 84 14
305 409 84 20
129 397 84 13
256 23 84 1
144 317 84 17
349 113 84 4
320 183 84 11
2 63 84 18
340 72 84 15
18 14 84 11
435 340 84 19
413 197 84 1
317 335 84 11
169 144 84 7
292 287 84 7
157 188 84 16
372 60 84 5
419 61 84 5
203 401 84 19
230 428 84 3
197 425 84 11
357 390 84 13
42 269 84 17
122 437 84 10
235 282 84 15
216 1 84 15
310 373 84 15
149 354 84 18
50 119 84 6
22 348 84 5
17 98 84 12
351 17 84 14
435 58 84 12
417 190 84 16
84 434 84 17
48 202 84 15
198 64 84 14
408 222 84 12
242 281 84 19
28 312 84 20
262 328 84 15
27 242 84 18
171 239 84 16
156 208 84 1
121 302 84 15
377 349 84 1
187 99 84 17
368 60 84 9
19 301 84 3
235 338 84 15
351 163 84 9
128 189 84 17
368 369 84 15
228 77 84 14
288 198 84 9
333 127 84 6
133 323 84 8
17 244 84 12
112 272 84 16
50 59 84 17
310 419 84 20
4 99 84 8
395 29 84 18
131 267 84 18
85 117 84 6
339 2 84 6
48 145 84 10
312 161 84 10
188 282 84 18
374 341 84 16
13 214 84 11
272 217 84 3
271 164 84 7
192 305 84 8
189 399 84 10
393 290 84 8
286 347 84 9
55 211 84 14
77 408 84 11
360 334 84 2
274 357 84 2
160 191 84 11
144 14 84 6
166 205 84 20
18 403 84 11
422 348 84 19
391 197 84 19
67 251 84 8
360 328 84 11
50 250 84 1
91 87 84 16
334 246 84 7
357 399 84 10
116 127 84 5
179 144 84 19
183 119 84 7
49 72 84 16
252 149 84 19
229 61 84 4
166 121 84 20
446 211 84 3
199 107 84 15
141 26 84 2
107 141 84 7
278 319 84 8
414 64 84 8
3 113 84 14
246 374 84 13
302 155 84 2
238 330 84 12
443 329 84 8
278 90 84 20
367 230 84 9
408 337 84 2
128 167 84 20
1 133 84 3
440 145 84 20
66 390 84 13
297 254 84 19
141 54 84 18
116 50 84 16
310 327 84 8
154 246 84 1
34 216 84 7
54 343 84 19
392 344 84 15
357 346 84 17
424 421 84 10
438 270 84 2
159 420 84 10
209 98 84 12
161 408 84 3
191 124 84 5
14 167 84 5
173 220 84 7
61 175 84 20
91 84 84 11
266 71 84 5
393 61 84 6
336 219 84 16
323 437 84 5
369 150 84 6
294 341 84 6
28 364 84 16
424 90 84 11
268 160 84 17
19 251 84 8
124 79 84 8
203 34 84 5
103 369 84 9
443 255 84 2
424 176 84 14
384 23 84 18
21 60 84 14
272 36 84 19
295 303 84 11
55 331 84 13
345 18 84 17
259 220 84 8
232 332 84 20
434 328 84 13
178 314 84 10
81 250 84 2
335 271 84 5
58 95 84 15
317 399 84 11
308 6 84 11
103 350 84 7
422 171 84 15
328 403 84 5
165 399 84 7
256 139 84 10
75 219 84 11
374 116 84 16
284 173 84 20
230 52 84 9
51 360 84 15
202 15 84 2
371 436 84 4
321 326 84 19
156 43 84 7
328 298 84 17
366 373 84 7
207 309 84 13
337 145 84 2
105 384 84 14
290 444 84 17
24 199 84 7
127 132 84 13
400 15 84 1
182 181 84 20
371 61 84 16
262 437 84 8
381 196 84 17
158 95 84 20
118 209 84 18
130 52 84 7
53 75 84 16
1 211 84 12
394 163 84 9
218 354 84 4
95 288 84 15
270 102 84 10
389 35 84 12
370 202 84 16
48 330 84 15
119 12 84 16
187 74 84 6
16 84 84 6
423 30 84 3
408 258 84 5
115 352 84 9
350 184 84 4
117 136 84 4
89 58 84 17
166 105 84 13
441 233 84 17
330 420 84 14
293 445 84 5
29 421 84 12
374 381 84 14
179 58 84 14
281 408 84 9
37 87 84 5
284 186 84 11
286 351 84 18
179 354 84 15
84 246 84 9
72 91 84 7
143 129 84 19
254 65 84 18
185 244 84 7
21 87 84 9
60 124 84 9
224 417 84 13
8 255 84 1
353 444 84 15
46 80 84 14
159 151 84 3
269 303 84 19
362 110 84 12
398 294 84 19
44 324 84 8
108 383 84 13
258 169 84 17
156 186 84 10
404 101 84 3
121 147 84 5
83 305 84 17
145 136 84 7
335 50 84 7
142 10 84 10
203 53 84 8
360 170 84 15
193 427 84 13
442 135 84 14
62 101 84 17
135 221 84 10
287 303 84 17
152 447 84 20
320 344 84 5
149 39 84 1
282 251 84 7
302 163 84 10
257 355 84 20
390 359 84 11
272 431 84 13
255 118 84 2
383 415 84 13
379 119 84 6
62 438 84 5
252 140 84 20
13 431 84 18
274 285 84 10
258 104 84 4
231 57 84 12
338 338 84 20
109 145 84 14
101 91 84 5
405 22 84 1
271 93 84 2
34 354 84 5
292 367 84 19
343 203 84 1
119 13 84 19
259 253 84 15
321 154 84 2
365 262 84 19
80 372 84 5
219 339 84 20
20 173 84 12
268 206 84 8
218 61 84 18
151 403 84 8
379 85 84 18
274 353 84 9
224 226 84 2
65 144 84 1
61 233 84 9
156 5 84 4
273 34 84 9
45 301 84 16
180 81 84 15
235 231 84 15
45 173 84 14
334 446 84 11
419 222 84 12
220 297 84 14
293 367 84 18
290 75 84 11
188 347 84 2
269 401 84 16
108 134 84 17
7 368 84 3
318 422 84 11
277 308 84 15
141 290 84 14
240 72 84 16
36 374 84 12
74 216 84 18
126 414 84 11
201 235 84 8
139 342 84 14
157 358 84 10
415 238 84 3
399 77 84 11
390 217 84 1
156 20 84 10
228 65 84 8
219 138 84 13
285 263 84 10
260 26 84 11
188 164 84 19
260 330 84 20
251 297 84 17
227 258 84 6
83 211 84 19
218 366 84 6
444 157 84 13
140 375 84 9
72 212 84 4
416 24 84 19
101 222 84 1
136 34 84 6
102 294 84 16
295 73 84 3
127 165 84 16
186 382 84 12
264 389 84 3
406 91 84 12
238 162 84 11
352 131 84 8
44 241 84 17
356 386 84 4
103 40 84 10
157 334 84 19
31 24 84 19
115 219 84 4
127 36 84 2
296 441 84 4
392 242 84 20
262 156 84 14
156 200 84 5
271 118 84 15
429 221 84 1
424 387 84 1
64 427 84 2
315 94 84 6
54 230 84 9
191 78 84 11
419 32 84 17
371 294 84 18
16 2 84 15
348 283 84 8
171 264 84 3
34 250 84 19
241 323 84 6
33 191 84 19
44 244 84 14
90 445 84 4
140 426 84 10
430 359 84 13
429 374 84 12
190 284 84 12
69 7 84 20
177 51 84 4
225 301 84 4
251 333 84 9
381 387 84 14
293 29 84 1
292 168 84 17
313 161 84 9
190 152 84 14
69 342 84 16
239 420 84 2
236 159 84 11
36 393 84 12
158 207 84 10
33 150 84 11
151 442 84 15
277 286 84 19
380 162 84 17
405 351 84 2
355 429 84 19
152 231 84 16
412 19 84 15
275 64 84 20
1 231 84 11
59 263 84 11
67 424 84 5
103 263 84 16
316 205 84 14
243 162 84 15
321 80 84 17
303 241 84 17
267 205 84 6
399 42 84 14
30 42 84 18
324 110 84 16
310 186 84 3
300 288 84 19
139 167 84 13
148 409 84 4
61 292 84 15
403 157 84 17
90 433 84 7
243 384 84 11
23 424 84 16
33 300 84 8
305 173 84 4
127 35 84 12
200 183 84 9
41 331 84 4
44 391 84 18
135 356 84 17
20 9 84 8
118 261 84 17
258 283 84 4
1 325 84 19
311 193 84 11
360 319 84 8
259 81 84 3
314 122 84 12
350 175 84 17
230 319 84 8
276 338 84 20
307 19 84 10
284 276 84 5
238 286 84 20
64 150 84 16
62 72 84 11
94 330 84 8
319 206 84 10
427 108 84 9
42 347 84 15
22 175 84 10
20 44 84 7
278 327 84 13
372 127 84 15
354 190 84 5
80 251 84 6
135 355 84 1
270 226 84 10
89 206 84 8
82 257 84 20
393 288 84 6
158 307 84 13
388 137 84 2
9 72 84 3
373 435 84 20
438 77 84 9
138 211 84 15
156 43 84 16
390 131 84 6
283 212 84 2
86 168 84 19
72 325 84 20
102 266 84 14
11 274 84 6
56 209 84 19
291 200 84 9
330 347 84 17
285 65 84 4
29 7 84 17
435 300 84 18
203 395 84 20
268 29 84 4
192 130 84 17
263 140 84 3
414 196 84 15
106 49 84 11
321 378 84 16
309 226 84 15
340 264 84 12
65 252 84 12
11 17 84 14
124 285 84 4
124 39 84 5
380 301 84 12
35 278 84 6
335 383 84 6
408 256 84 14
379 117 84 3
415 20 84 8
21 94 84 19
372 104 84 5
234 237 84 15
124 370 84 20
153 302 84 15
322 346 84 16
259 244 84 10
235 204 84 1
151 145 84 5
312 113 84 18
279 143 84 4
71 67 84 12
316 310 84 1
408 443 84 15
91 159 84 1
85 43 84 3
356 302 84 6
125 99 84 13
159 259 84 11
320 123 84 11
52 411 84 20
335 34 84 10
273 349 84 13
21 309 84 14
128 410 84 8
109 47 84 14
426 403 84 10
102 90 84 5
438 249 84 8
25 121 84 13
180 182 84 20
31 69 84 6
405 352 84 9
204 372 84 1
446 52 84 15
409 160 84 9
425 149 84 5
294 260 84 4
262 261 84 11
40 285 84 10
398 17 84 19
272 57 84 12
179 14 84 14
435 218 84 17
126 226 84 11
215 198 84 13
371 175 84 4
35 31 84 1
246 292 84 17
257 332 84 2
399 292 84 11
275 116 84 14
229 294 84 10
88 292 84 6
317 417 84 15
161 194 84 5
174 118 84 9
335 152 84 9
328 397 84 8
125 217 84 7
215 168 84 18
332 5 84 4
59 243 84 19
246 330 84 14
223 210 84 2
435 380 84 5
398 106 84 4
97 3 84 15
274 330 84 20
306 7 84 11
231 232 84 17
438 116 84 20
332 174 84 20
73 429 84 13
105 204 84 5
106 202 84 2
301 152 84 12
165 248 84 14
201 85 84 5
187 400 84 4
388 183 84 14
320 183 84 9
265 68 84 17
443 140 84 13
77 245 84 12
356 350 84 10
141 203 84 3
20 378 84 8
369 141 84 12
143 327 84 7
390 278 84 19
422 160 84 19
122 424 84 1
5 430 84 11
307 59 84 19
386 424 84 2
218 117 84 7
202 147 84 19
443 68 84 12
331 220 84 16
161 172 84 11
183 146 84 9
388 277 84 6
213 282 84 16
188 151 84 8
406 89 84 10
90 307 84 17
424 71 84 7
260 66 84 18
227 396 84 2
84 119 84 6
227 311 84 17
83 252 84 9
372 27 84 12
196 224 84 10
88 183 84 5
403 282 84 8
388 268 84 1
82 81 84 11
290 307 84 13
280 400 84 1
442 190 84 18
302 282 84 13
438 206 84 6
419 411 84 9
103 51 84 11
332 16 84 13
421 414 84 15
132 48 84 6
366 348 84 5
100 190 84 9
400 184 84 3
126 38 84 12
113 39 84 13
126 20 84 5
373 132 84 3
355 16 84 8
182 436 84 9
276 131 84 4
3 49 84 9
46 148 84 5
52 110 84 3
247 245 84 13
276 357 84 1
73 46 84 6
290 418 84 13
110 336 84 3
403 70 84 6
214 345 84 12
83 357 84 15
299 402 84 16
268 7 84 6
420 263 84 4
172 92 84 4
410 174 84 1
229 17 84 7
180 136 84 19
146 91 84 14
120 315 84 6
215 397 84 20
367 249 84 20
240 79 84 19
223 51 84 7
3 222 84 6
159 194 84 20
361 423 84 14
86 155 84 10
156 310 84 18
295 429 84 8
341 206 84 15
306 136 84 18
215 375 84 2
151 150 84 1
349 162 84 7
201 331 84 2
226 244 84 2
278 339 84 12
28 57 84 14
315 351 84 1
23 254 84 10
137 112 84 6
62 336 84 20
65 49 84 3
118 397 84 16
402 150 84 4
443 386 84 11
2 216 84 11
182 253 84 6
224 120 84 9
258 152 84 5
50 298 84 13
424 359 84 5
278 423 84 18
302 103 84 4
41 68 84 6
109 63 84 5
431 75 84 6
206 256 84 18
38 43 84 19
229 300 84 19
227 349 84 2
355 325 84 15
372 165 84 13
1 30 84 18
26 70 84 14
210 188 84 14
343 181 84 10
243 397 84 5
396 434 84 13
231 215 84 2
217 4 84 17
54 359 84 11
250 293 84 16
431 293 84 13
267 328 84 10
181 91 84 18
157 443 84 13
207 238 84 12
65 196 84 5
423 426 84 20
195 196 84 3
326 259 84 17
333 61 84 18
68 54 84 17
289 331 84 3
132 64 84 15
173 220 84 17
394 426 84 15
127 53 84 17
293 38 84 15
236 243 84 2
183 121 84 3
51 6 84 14
212 84 84 17
218 372 84 19
104 57 84 17
91 229 84 4
72 185 84 1
301 311 84 13
279 156 84 15
235 401 84 18
396 147 84 10
368 207 84 14
401 418 84 12
61 198 84 20
50 312 84 4
103 402 84 17
394 36 84 19
217 347 84 13
102 178 84 15
24 412 84 13
199 360 84 12
46 280 84 16
356 244 84 8
302 314 84 10
173 363 84 10
99 18 84 6
264 412 84 11
175 191 84 6
387 292 84 12
316 325 84 19
209 76 84 4
258 132 84 9
67 40 84 20
293 342 84 13
279 67 84 19
130 175 84 5
391 1 84 4
251 176 84 20
10 115 84 17
393 440 84 18
293 212 84 11
125 22 84 11
237 88 84 3
164 390 84 5
395 222 84 9
94 361 84 10
267 314 84 6
415 118 84 6
305 127 84 11
40 73 84 15
99 375 84 7
243 53 84 6
72 299 84 18
387 15 84 12
149 409 84 20
434 65 84 12
446 342 84 13
2 309 84 6
200 166 84 8
65 215 84 1
380 323 84 11
11 129 84 6
131 210 84 14
339 149 84 3
52 307 84 8
433 303 84 17
300 301 84 5
23 313 84 8
321 65 84 5
298 130 84 14
347 62 84 14
333 82 84 5
382 213 84 1
281 104 84 4
195 155 84 18
91 150 84 11
41 12 84 5
342 44 84 16
67 364 84 1
404 224 84 7
72 123 84 4
73 19 84 7
191 400 84 4
82 233 84 9
130 438 84 9
38 81 84 3
257 131 84 14
320 25 84 2
258 101 84 6
261 67 84 15
402 139 84 11
168 211 84 15
5 411 84 1
74 55 84 6
236 185 84 1
125 232 84 5
173 41 84 6
232 371 84 20
334 181 84 14
363 4 84 5
159 416 84 17
97 136 84 4
53 150 84 2
418 223 84 13
121 21 84 3
262 155 84 18
35 327 84 20
396 121 84 18
343 7 84 15
381 380 84 2
48 91 84 7
310 197 84 17
335 249 84 6
333 229 84 1
386 349 84 18
196 163 84 1
227 208 84 20
309 166 84 8
313 61 84 19
61 441 84 17
270 51 84 9
9 360 84 5
331 257 84 11
364 143 84 7
173 91 84 18
11 287 84 18
4 76 84 18
332 384 84 20
344 260 84 19
362 330 84 14
312 162 84 7
362 171 84 20
171 64 84 2
228 427 84 8
76 162 84 10
272 173 84 9
184 186 84 2
313 80 84 14
160 423 84 1
68 347 84 5
426 211 84 1
397 135 84 6
281 305 84 5
432 95 84 7
287 180 84 2
243 5 84 10
38 188 84 12
366 64 84 15
193 233 84 12
279 300 84 7
257 288 84 10
387 248 84 15
260 91 84 12
196 85 84 9
112 372 84 14
189 167 84 7
11 205 84 13
18 133 84 2
104 325 84 5
186 156 84 19
158 412 84 19
350 362 84 10
239 184 84 15
433 380 84 5
295 44 84 18
326 242 84 15
371 252 84 17
166 279 84 17
35 392 84 16
136 131 84 18
89 288 84 8
350 200 84 17
401 438 84 10
106 434 84 4
342 291 84 17
65 169 84 18
401 102 84 20
58 277 84 2
293 321 84 11
416 9 84 9
256 98 84 11
61 10 84 6
247 411 84 12
160 79 84 1
14 430 84 1
369 47 84 17
70 10 84 15
23 67 84 8
263 370 84 16
1 338 84 17
316 146 84 20
34 217 84 3
408 16 84 8
326 185 84 9
249 209 84 18
16 130 84 16
397 199 84 10
6 231 84 3
338 47 84 9
96 57 84 19
320 373 84 15
204 416 84 7
88 377 84 7
401 265 84 2
346 66 84 2
282 81 84 8
275 41 84 5
287 46 84 10
355 393 84 11
356 41 84 10
256 371 84 8
302 127 84 3
117 224 84 3
405 178 84 8
430 86 84 2
226 377 84 7
151 204 84 18
284 53 84 14
201 408 84 10
174 326 84 13
214 144 84 20
178 446 84 14
121 125 84 4
440 82 84 3
129 74 84 7
341 299 84 18
206 2 84 2
101 286 84 10
61 39 84 15
403 223 84 6
358 436 84 13
227 176 84 19
242 297 84 6
23 289 84 15
439 428 84 13
55 331 84 19
48 89 84 14
245 189 84 9
57 259 84 17
286 214 84 17
403 124 84 2
216 360 84 8
38 164 84 8
431 187 84 16
11 188 84 8
122 242 84 17
85 290 84 9
49 97 84 13
308 163 84 2
158 1 84 17
231 403 84 11
301 181 84 14
110 218 84 1
205 201 84 14
152 222 84 8
88 343 84 1
345 437 84 11
242 38 84 19
348 345 84 18
254 56 84 14
384 296 84 12
210 159 84 5
395 269 84 2
297 36 84 10
385 197 84 14
223 285 84 18
313 182 84 2
244 433 84 9
282 343 84 17
34 150 84 5
244 96 84 18
408 305 84 1
306 262 84 10
432 112 84 12
301 59 84 5
401 292 84 14
406 157 84 19
391 410 84 9
424 244 84 15
364 288 84 12
359 84 84 4
212 44 84 5
233 360 84 17
76 344 84 11
411 207 84 8
48 170 84 20
427 128 84 19
92 72 84 4
210 58 84 16
214 421 84 6
376 342 84 15
197 106 84 19
331 338 84 1
280 423 84 3
340 386 84 14
22 434 84 11
441 423 84 3
123 77 84 20
224 287 84 10
131 53 84 13
326 438 84 1
166 187 84 15
60 71 84 16
313 350 84 12
35 253 84 20
400 274 84 11
50 267 84 11
275 399 84 10
133 185 84 17
59 316 84 18
414 204 84 13
217 379 84 16
124 2 84 17
389 324 84 12
183 359 84 10
362 311 84 3
90 371 84 18
240 208 84 11
29 350 84 11
95 408 84 19
222 385 84 20
340 154 84 1
208 287 84 19
145 229 84 6
442 411 84 5
107 335 84 1
45 424 84 3
260 226 84 18
426 254 84 1
339 358 84 7
131 143 84 7
125 35 84 14
61 252 84 14
445 397 84 15
269 401 84 8
440 71 84 12
48 115 84 9
26 384 84 9
211 372 84 2
299 264 84 3
367 404 84 15
362 81 84 14
73 152 84 2
70 159 84 13
306 427 84 18
57 430 84 9
153 40 84 8
234 66 84 14
104 286 84 7
227 147 84 11
270 66 84 4
9 427 84 18
239 62 84 20
273 132 84 12
277 447 84 17
224 56 84 14
251 218 84 11
402 15 84 15
43 118 84 11
46 354 84 10
321 176 84 12
116 194 84 9
438 432 84 8
17 268 84 5
211 97 84 15
395 330 84 17
124 143 84 4
340 97 84 7
183 140 84 7
302 195 84 13
131 78 84 19
25 193 84 13
355 183 84 18
310 209 84 5
396 430 84 10
34 387 84 18
185 64 84 13
116 413 84 11
61 148 84 4
123 13 84 15
101 153 84 10
254 187 84 6
144 94 84 10
39 414 84 11
200 362 84 3
11 406 84 10
160 153 84 10
5 278 84 5
403 338 84 10
56 23 84 14
350 123 84 3
284 376 84 4
411 83 84 17
274 131 84 10
355 330 84 19
418 340 84 17
430 53 84 9
59 67 84 2
109 22 84 14
317 77 84 11
100 436 84 5
45 272 84 6
166 246 84 19
401 82 84 1
154 436 84 9
279 416 84 3
362 398 84 2
160 19 84 18
235 128 84 1
200 7 84 18
207 117 84 3
336 161 84 6
404 337 84 3
126 290 84 16
416 6 84 7
141 295 84 18
225 209 84 6
362 369 84 18
117 156 84 13
351 366 84 20
223 135 84 17
84 24 84 18
226 437 84 13
176 115 84 3
197 93 84 9
226 233 84 10
223 11 84 2
180 382 84 16
156 51 84 13
269 401 84 19
399 177 84 4
197 270 84 3
156 48 84 2
4 233 84 19
161 439 84 16
324 217 84 11
333 2 84 8
114 181 84 8
263 347 84 9
141 178 84 14
383 129 84 2
323 326 84 15
286 44 84 10
258 58 84 9
345 218 84 11
77 94 84 18
61 437 84 11
56 103 84 8
431 376 84 5
420 69 84 2
373 14 84 4
54 337 84 14
15 185 84 5
32 443 84 6
282 350 84 11
75 436 84 19
85 49 84 9
105 114 84 6
316 98 84 12
426 80 84 12
277 5 84 16
256 69 84 20
113 93 84 14
33 124 84 2
1 405 84 11
196 33 84 20
37 127 84 15
325 241 84 9
268 110 84 8
139 98 84 12
88 374 84 4
40 182 84 20
349 304 84 3
395 337 84 14
436 347 84 7
389 95 84 7
330 131 84 8
329 18 84 8
432 285 84 19
205 423 84 13
58 63 84 14
372 113 84 15
307 14 84 19
344 408 84 20
57 406 84 19
175 347 84 2
335 239 84 12
174 120 84 16
264 105 84 1
15 319 84 8
321 376 84 10
117 310 84 1
94 179 84 5
384 75 84 3
127 132 84 12
215 316 84 18
408 204 84 4
294 387 84 4
197 203 84 19
385 228 84 16
102 111 84 17
338 227 84 7
249 330 84 15
173 267 84 17
67 403 84 5
366 180 84 5
127 150 84 8
116 443 84 1
234 193 84 10
20 130 84 7
114 241 84 4
156 141 84 17
51 389 84 10
135 114 84 12
303 190 84 15
165 108 84 5
342 234 84 9
276 359 84 8
169 146 84 7
264 165 84 2
160 288 84 19
156 443 84 17
398 57 84 18
66 201 84 16
20 56 84 3
376 220 84 12
28 114 84 2
276 399 84 6
72 120 84 18
71 394 84 1
209 106 84 18
140 271 84 9
222 221 84 9
246 297 84 16
393 326 84 18
282 265 84 19
289 292 84 4
83 120 84 15
235 201 84 10
95 271 84 13
129 42 84 7
3 182 84 11
319 403 84 17
255 211 84 11
390 166 84 12
134 1 84 5
106 299 84 15
202 391 84 14
250 188 84 9
427 282 84 16
103 420 84 10
341 422 84 11
402 294 84 15
246 111 84 18
387 53 84 9
406 186 84 9
242 302 84 1
379 56 84 16
198 305 84 9
217 284 84 11
70 396 84 20
412 289 84 19
40 253 84 3
91 62 84 13
343 1 84 16
323 416 84 3
313 220 84 19
154 151 84 19
396 358 84 11
369 127 84 2
196 207 84 6
442 171 84 11
216 220 84 17
293 311 84 3
33 216 84 20
283 101 84 7
271 413 84 12
113 129 84 17
20 78 84 7
232 9 84 2
301 214 84 18
308 208 84 8
166 424 84 11
287 279 84 4
22 322 84 5
204 157 84 14
364 437 84 19
296 112 84 20
388 131 84 17
400 373 84 6
92 226 84 1
436 96 84 14
77 261 84 18
374 111 84 11
107 132 84 2
65 346 84 10
123 262 84 5
156 121 84 17
327 61 84 17
129 14 84 14
395 115 84 10
428 113 84 10
221 189 84 16
437 125 84 5
57 231 84 3
436 305 84 16
96 437 84 14
183 155 84 17
390 35 84 13
291 173 84 15
117 120 84 1
178 100 84 4
344 320 84 5
334 319 84 4
423 386 84 18
207 384 84 9
346 32 84 4
300 224 84 19
373 177 84 7
70 20 84 12
237 147 84 4
71 334 84 2
18 231 84 1
153 117 84 8
422 102 84 15
28 319 84 15
386 217 84 10
296 69 84 11
360 5 84 20
22 74 84 5
302 321 84 6
255 391 84 4
328 418 84 9
273 133 84 20
109 108 84 10
321 145 84 12
31 93 84 13
220 388 84 4
196 311 84 16
347 332 84 5
71 186 84 14
388 4 84 7
145 331 84 2
131 166 84 1
254 274 84 10
21 157 84 14
116 198 84 15
427 427 84 6
370 175 84 7
317 75 84 8
348 145 84 1
251 96 84 8
108 240 84 15
383 380 84 2
353 186 84 4
430 206 84 13
214 331 84 10
91 311 84 16
356 233 84 15
46 113 84 5
78 13 84 10
295 263 84 16
68 371 84 6
191 316 84 13
32 221 84 11
156 203 84 15
447 426 84 14
31 70 84 14
52 435 84 18
257 43 84 20
89 120 84 9
75 414 84 14
167 44 84 18
40 234 84 10
313 275 84 2
315 441 84 15
95 440 84 15
195 34 84 3
179 95 84 9
395 351 84 11
286 439 84 10
189 76 84 20
354 242 84 6
16 292 84 8
429 157 84 9
179 34 84 15
130 128 84 10
80 333 84 12
89 64 84 20
95 11 84 8
144 296 84 12
312 37 84 2
9 400 84 20
197 415 84 9
182 407 84 9
4 138 84 9
266 277 84 17
73 357 84 17
361 8 84 3
305 103 84 4
143 256 84 19
438 130 84 16
362 138 84 20
91 345 84 10
110 79 84 14
296 92 84 18
79 367 84 16
426 439 84 3
221 362 84 1
79 230 84 1
404 382 84 6
130 372 84 13
359 297 84 13
93 387 84 4
252 59 84 13
380 365 84 8
208 443 84 7
313 431 84 20
336 204 84 17
377 292 84 19
73 248 84 5
34 377 84 7
134 298 84 9
362 390 84 19
49 205 84 5
262 147 84 20
128 355 84 20
361 230 84 1
138 128 84 3
296 58 84 8
227 140 84 11
101 184 84 2
347 317 84 16
442 231 84 5
39 280 84 17
152 104 84 17
181 231 84 11
