2000 200
74 284 120 19
274 31 120 4
382 146 120 1
77 249 120 12
58 373 120 13
121 157 120 15
372 92 120 5
42 219 120 7
19 35 120 18
81 415 120 13
183 51 120 12
64 324 120 9
340 269 120 2
185 345 120 7
174 413 120 7
143 86 120 10
225 20 120 2
59 61 120 1
444 79 120 7
259 169 120 1
326 361 120 10
250 435 120 5
203 327 120 12
312 75 120 12
231 248 120 19
76 400 120 17
86 178 120 9
188 236 120 19
62 232 120 12
427 44 120 19
322 379 120 19
277 181 120 16
119 394 120 13
219 258 120 1
237 41 120 19
219 116 120 5
297 202 120 12
393 399 120 17
103 13 120 6
339 2 120 9
306 333 120 18
196 163 120 7
64 281 120 6
278 63 120 4
119 299 120 4
217 80 120 19
268 376 120 12
39 322 120 4
65 424 120 14
323 325 120 14
196 193 120 18
438 389 120 1
434 15 120 7
375 292 120 6
137 420 120 14
386 189 120 17
323 10 120 17
15 58 120 1
105 133 120 7
217 18 120 4
331 213 120 4
341 214 120 19
65 200 120 8
80 137 120 19
167 273 120 8
105 221 120 2
133 97 120 4
89 111 120 1
376 225 120 18
202 441 120 12
353 335 120 4
250 228 120 18
97 302 120 5
406 382 120 18
121 101 120 6
256 206 120 18
142 348 120 18
47 446 120 13
19 374 120 2
114 138 120 15
235 54 120 20
122 313 120 3
232 409 120 4
94 377 120 10
103 51 120 18
384 316 120 12
1 20 120 1
162 66 120 9
442 94 120 8
53 207 120 4
114 5 120 5
62 136 120 10
247 368 120 2
286 24 120 15
270 126 120 13
354 72 120 11
196 73 120 14
405 244 120 13
155 238 120 1
288 290 120 6
121 403 120 1
18 27 120 13
216 283 120 6
386 122 120 4
49 391 120 10
208 297 120 15
246 55 120 2
312 12 120 16
444 176 120 14
222 26 120 12
216 156 120 2
225 173 120 1
379 399 120 1
6 337 120 4
113 395 120 4
346 166 120 18
214 411 120 9
163 275 120 17
346 281 120 10
329 55 120 19
164 281 120 15
412 68 120 8
240 446 120 14
350 4 120 6
144 116 120 20
338 25 120 19
391 238 120 6
51 410 120 14
179 308 120 17
45 199 120 5
383 373 120 5
439 337 120 17
221 139 120 5
401 51 120 6
44 204 120 12
71 94 120 7
273 37 120 14
1 97 120 6
13 285 120 20
306 329 120 11
207 274 120 20
397 266 120 12
208 49 120 14
26 3 120 20
295 56 120 3
242 136 120 20
213 408 120 6
431 418 120 11
164 430 120 1
215 289 120 19
18 58 120 9
202 7 120 11
276 224 120 20
52 250 120 20
325 107 120 17
354 348 120 2
30 113 120 5
200 96 120 11
29 269 120 17
142 37 120 8
137 64 120 12
416 275 120 14
75 114 120 17
220 165 120 11
387 52 120 1
162 405 120 6
62 435 120 4
389 197 120 20
239 235 120 20
72 376 120 2
202 76 120 17
380 54 120 20
137 128 120 19
117 358 120 11
357 297 120 15
255 12 120 6
54 83 120 14
421 25 120 5
447 273 120 9
294 344 120 18
187 99 120 15
153 41 120 16
393 177 120 4
310 293 120 1
390 202 120 14
85 20 120 20
184 73 120 16
270 46 120 13
115 55 120 13
194 358 120 6
211 97 120 6
304 259 120 9
2 215 120 20
285 87 120 15
31 29 120 18
84 123 120 8
157 306 120 11
323 128 120 14
66 252 120 10
92 8 120 4
14 229 120 11
44 85 120 5
104 96 120 11
350 381 120 15
4 421 120 20
327 67 120 19
212 224 120 3
179 109 120 11
192 185 120 9
269 276 120 7
256 299 120 12
350 342 120 10
266 8 120 5
405 367 120 3
174 380 120 12
438 260 120 11
377 24 120 14
175 203 120 4
111 404 120 10
308 225 120 8
75 43 120 11
61 403 120 16
140 231 120 15
325 188 120 3
443 371 120 7
98 361 120 3
266 301 120 18
220 38 120 15
282 158 120 11
82 28 120 11
166 103 120 19
112 173 120 8
398 322 120 11
245 200 120 10
10 195 120 5
155 302 120 9
112 120 120 10
103 349 120 6
295 184 120 18
444 275 120 20
379 440 120 13
367 104 120 13
310 65 120 9
46 309 120 18
417 318 120 10
264 36 120 7
34 157 120 13
105 259 120 19
223 117 120 10
51 123 120 7
354 54 120 18
312 431 120 12
5 293 120 18
10 349 120 10
223 318 120 3
204 134 120 2
30 167 120 17
432 271 120 11
288 46 120 9
338 97 120 10
204 3 120 4
83 325 120 6
66 329 120 7
112 348 120 4
30 134 120 3
275 337 120 20
118 366 120 15
107 360 120 11
375 201 120 11
312 101 120 14
371 304 120 3
47 397 120 9
152 15 120 12
113 136 120 6
422 175 120 19
154 12 120 16
29 129 120 9
71 236 120 16
383 173 120 9
303 38 120 17
330 418 120 19
369 17 120 11
285 179 120 17
92 291 120 2
247 276 120 13
88 439 120 18
276 21 120 12
382 91 120 2
410 36 120 18
202 338 120 1
93 230 120 8
288 151 120 5
442 445 120 7
163 90 120 4
30 336 120 6
71 424 120 7
133 262 120 7
314 196 120 4
293 168 120 16
8 369 120 6
206 15 120 6
385 312 120 4
134 317 120 6
70 42 120 13
297 81 120 6
352 161 120 10
409 294 120 13
38 160 120 3
205 16 120 11
406 33 120 3
71 248 120 10
403 186 120 10
11 329 120 14
63 398 120 2
215 248 120 2
255 162 120 20
281 123 120 12
121 161 120 1
166 365 120 9
378 333 120 5
65 404 120 18
233 369 120 6
266 379 120 18
177 4 120 16
140 218 120 16
174 25 120 7
378 305 120 10
428 425 120 17
200 143 120 3
445 84 120 4
274 158 120 12
351 391 120 9
176 219 120 6
329 405 120 8
443 98 120 1
356 281 120 8
431 211 120 12
182 201 120 11
102 400 120 1
397 397 120 11
130 224 120 15
276 137 120 3
353 323 120 16
361 214 120 12
372 209 120 7
154 118 120 7
418 101 120 3
92 292 120 6
200 394 120 20
14 353 120 3
358 45 120 2
413 320 120 14
420 225 120 5
199 138 120 4
382 72 120 5
225 226 120 9
348 196 120 18
234 297 120 16
330 49 120 9
388 73 120 11
386 430 120 17
180 405 120 10
111 378 120 18
373 139 120 14
402 73 120 2
193 297 120 5
100 197 120 7
118 440 120 7
428 332 120 7
246 272 120 16
417 221 120 16
194 400 120 8
291 73 120 20
174 9 120 19
205 410 120 12
307 155 120 1
197 255 120 12
292 382 120 19
226 362 120 7
228 171 120 8
293 150 120 15
360 343 120 1
384 196 120 1
339 370 120 18
441 137 120 7
179 6 120 18
222 212 120 6
25 56 120 20
266 291 120 9
402 71 120 8
352 373 120 20
85 295 120 13
227 232 120 6
442 133 120 7
228 136 120 10
414 314 120 20
327 99 120 9
47 123 120 7
148 398 120 8
174 352 120 2
380 266 120 6
278 350 120 13
82 140 120 4
91 134 120 10
22 362 120 10
99 338 120 6
181 217 120 12
37 263 120 19
405 420 120 6
169 157 120 10
3 89 120 4
230 377 120 8
305 21 120 16
163 111 120 8
144 132 120 4
270 230 120 11
272 420 120 14
383 19 120 2
168 423 120 2
351 144 120 7
2 156 120 20
365 396 120 15
193 253 120 1
161 415 120 7
272 121 120 15
307 400 120 10
232 225 120 11
383 160 120 6
349 337 120 5
297 241 120 3
402 252 120 17
158 179 120 1
300 371 120 19
5 94 120 19
287 375 120 17
243 234 120 8
1 28 120 8
178 410 120 9
383 321 120 9
116 171 120 6
2 135 120 9
43 302 120 13
43 154 120 6
294 168 120 2
66 7 120 10
406 259 120 15
251 259 120 17
330 446 120 11
131 381 120 8
278 49 120 12
219 50 120 18
410 102 120 9
343 154 120 19
209 1 120 20
168 66 120 10
65 24 120 11
196 284 120 16
364 166 120 3
57 306 120 1
61 147 120 10
245 365 120 8
126 337 120 11
298 242 120 1
186 3 120 7
231 171 120 7
292 235 120 11
174 440 120 12
314 366 120 11
15 423 120 14
96 46 120 11
235 301 120 19
423 426 120 15
286 287 120 14
292 25 120 3
308 266 120 14
389 120 120 16
47 294 120 17
446 170 120 11
116 185 120 14
101 280 120 13
243 68 120 6
301 53 120 14
249 338 120 6
2 192 120 8
204 62 120 2
129 4 120 17
298 60 120 16
23 58 120 2
124 173 120 8
209 284 120 14
340 79 120 14
334 389 120 3
307 191 120 14
138 202 120 17
431 405 120 20
105 86 120 3
346 393 120 4
432 426 120 5
241 102 120 10
244 310 120 19
80 213 120 7
429 99 120 20
394 415 120 5
250 106 120 15
307 99 120 16
415 204 120 17
90 102 120 10
281 86 120 6
72 337 120 20
56 143 120 5
323 232 120 14
221 224 120 16
71 170 120 11
120 419 120 10
371 278 120 8
131 256 120 17
434 355 120 18
245 188 120 14
24 269 120 7
371 325 120 20
133 200 120 13
118 431 120 13
201 64 120 2
261 183 120 4
437 116 120 17
254 257 120 11
284 253 120 17
415 50 120 2
194 73 120 10
320 6 120 19
151 138 120 11
203 255 120 15
32 18 120 19
40 279 120 11
29 268 120 19
306 84 120 5
391 377 120 2
393 354 120 15
145 100 120 13
166 429 120 15
63 132 120 17
170 345 120 2
270 386 120 19
423 425 120 8
332 16 120 10
356 322 120 12
199 275 120 14
294 221 120 13
1 365 120 3
227 93 120 1
21 156 120 8
399 335 120 7
148 158 120 19
362 143 120 9
416 27 120 20
301 392 120 13
278 143 120 6
185 446 120 18
444 446 120 18
366 235 120 13
270 255 120 16
325 207 120 9
277 364 120 11
167 278 120 8
54 257 120 13
393 110 120 14
180 397 120 17
231 134 120 13
65 131 120 18
273 49 120 14
127 328 120 17
146 205 120 13
63 44 120 15
136 220 120 20
362 273 120 1
168 229 120 3
375 408 120 10
277 201 120 6
188 275 120 9
108 100 120 1
252 237 120 1
223 392 120 2
401 7 120 8
48 153 120 7
429 77 120 9
173 244 120 15
35 181 120 5
294 21 120 20
250 208 120 13
345 315 120 6
42 129 120 18
77 352 120 16
326 305 120 2
171 362 120 5
246 343 120 12
157 68 120 17
295 103 120 7
404 406 120 16
265 208 120 20
411 116 120 15
209 157 120 16
243 243 120 2
231 131 120 14
236 312 120 6
393 110 120 9
180 276 120 17
220 124 120 7
440 80 120 12
234 354 120 11
255 317 120 11
143 88 120 4
170 340 120 4
111 124 120 10
356 359 120 15
78 305 120 13
143 47 120 3
275 266 120 1
72 258 120 15
264 54 120 5
237 308 120 2
325 14 120 13
133 183 120 5
193 294 120 15
383 212 120 8
438 290 120 15
165 442 120 8
167 269 120 15
303 340 120 14
70 166 120 10
211 413 120 4
222 290 120 20
320 432 120 17
310 177 120 3
434 113 120 7
32 103 120 3
391 267 120 11
339 443 120 7
115 298 120 1
158 378 120 13
255 141 120 16
213 362 120 12
193 244 120 6
356 117 120 3
365 103 120 2
159 144 120 1
241 87 120 8
318 435 120 10
225 112 120 18
25 269 120 16
447 77 120 12
387 299 120 2
169 44 120 16
393 400 120 13
347 327 120 12
422 38 120 20
153 279 120 15
159 159 120 4
161 383 120 1
14 417 120 11
253 416 120 8
186 355 120 3
44 87 120 8
145 42 120 18
362 398 120 19
254 373 120 15
289 78 120 11
410 246 120 6
81 407 120 10
320 420 120 13
370 225 120 17
70 411 120 3
57 7 120 1
98 161 120 16
81 85 120 4
411 338 120 5
321 179 120 12
82 151 120 12
1 231 120 19
302 113 120 18
126 45 120 5
376 114 120 14
96 171 120 7
349 268 120 11
196 359 120 6
441 332 120 15
174 215 120 9
441 296 120 14
60 296 120 13
84 160 120 6
91 296 120 7
332 234 120 1
99 329 120 13
319 230 120 10
272 435 120 2
299 439 120 7
216 165 120 11
321 169 120 4
129 228 120 15
177 311 120 14
337 401 120 20
94 295 120 14
412 393 120 18
16 274 120 4
345 98 120 15
147 396 120 7
291 174 120 16
191 47 120 12
397 175 120 19
3 361 120 7
226 250 120 3
307 344 120 1
164 308 120 8
359 334 120 12
346 241 120 1
311 397 120 10
276 240 120 19
416 431 120 10
277 380 120 14
365 392 120 1
317 181 120 10
232 40 120 6
4 214 120 1
169 125 120 16
161 24 120 4
250 344 120 3
297 182 120 10
71 151 120 17
349 427 120 11
354 355 120 15
282 224 120 13
3 18 120 16
77 21 120 6
12 190 120 12
289 360 120 20
360 172 120 13
380 21 120 1
202 102 120 12
8 3 120 17
192 366 120 5
331 200 120 15
203 213 120 17
115 289 120 15
239 310 120 17
51 162 120 14
343 84 120 18
84 16 120 11
7 227 120 18
79 234 120 13
151 426 120 9
120 319 120 14
322 75 120 2
104 189 120 10
354 437 120 5
355 51 120 20
269 393 120 14
363 30 120 1
31 36 120 11
257 124 120 11
48 275 120 5
204 394 120 7
113 279 120 20
243 382 120 12
215 288 120 8
60 206 120 20
75 27 120 19
164 399 120 20
277 430 120 12
170 249 120 10
307 297 120 11
421 53 120 11
417 175 120 3
40 418 120 11
308 195 120 15
119 264 120 18
426 339 120 6
242 55 120 16
87 341 120 11
424 64 120 8
428 380 120 10
268 363 120 17
55 333 120 12
140 382 120 7
150 243 120 15
20 371 120 2
95 359 120 14
206 154 120 9
268 250 120 15
313 227 120 15
169 217 120 19
321 37 120 16
78 102 120 19
10 241 120 19
369 400 120 12
39 419 120 13
419 76 120 14
253 281 120 4
141 102 120 10
379 424 120 16
234 145 120 3
30 28 120 14
189 105 120 6
243 125 120 5
242 56 120 11
35 104 120 20
209 75 120 11
294 327 120 11
85 30 120 17
125 409 120 19
402 205 120 8
447 234 120 13
82 433 120 3
275 238 120 16
262 32 120 14
201 77 120 1
131 285 120 8
127 131 120 18
424 225 120 13
374 349 120 5
311 313 120 4
391 313 120 5
52 404 120 18
274 232 120 17
183 46 120 14
157 256 120 3
225 386 120 13
378 76 120 13
420 52 120 14
44 435 120 17
87 298 120 19
333 242 120 5
376 303 120 16
404 139 120 2
223 331 120 3
83 40 120 5
19 275 120 4
249 205 120 13
162 187 120 15
309 240 120 14
357 326 120 14
271 222 120 17
70 150 120 12
273 107 120 17
259 339 120 3
301 431 120 19
150 12 120 10
395 270 120 3
268 431 120 15
202 292 120 3
124 211 120 6
343 45 120 13
366 114 120 20
244 386 120 11
270 208 120 15
179 71 120 17
137 220 120 7
360 178 120 1
359 445 120 11
98 200 120 10
76 323 120 14
389 228 120 14
20 146 120 6
267 399 120 4
173 221 120 11
427 409 120 13
227 98 120 15
48 20 120 11
138 379 120 1
211 29 120 16
138 104 120 9
285 55 120 13
20 74 120 8
335 350 120 13
141 75 120 8
155 64 120 15
248 300 120 1
124 347 120 10
177 37 120 2
238 257 120 7
50 404 120 15
205 242 120 4
139 271 120 17
219 158 120 15
249 308 120 18
73 15 120 10
304 273 120 9
196 396 120 11
108 136 120 14
407 373 120 6
288 432 120 10
291 199 120 5
349 338 120 4
34 109 120 12
78 367 120 13
196 2 120 8
388 306 120 11
443 64 120 20
397 171 120 4
397 131 120 12
207 428 120 15
431 281 120 3
11 183 120 15
309 226 120 3
336 303 120 19
214 61 120 4
117 12 120 7
301 17 120 4
444 413 120 6
275 362 120 13
41 122 120 4
249 115 120 13
208 125 120 8
67 443 120 13
34 332 120 6
387 108 120 5
295 224 120 10
71 88 120 10
358 84 120 15
368 369 120 10
81 419 120 13
221 220 120 5
204 427 120 19
370 56 120 13
313 89 120 16
132 39 120 4
11 333 120 3
358 414 120 17
274 324 120 13
165 254 120 9
417 334 120 4
354 107 120 6
404 310 120 7
142 242 120 3
323 118 120 6
397 249 120 8
122 269 120 8
91 179 120 19
146 15 120 1
295 179 120 3
375 158 120 9
417 64 120 10
241 21 120 10
54 172 120 18
370 47 120 17
328 7 120 5
333 138 120 14
234 228 120 5
101 384 120 15
301 231 120 2
307 169 120 15
199 138 120 12
217 388 120 12
98 441 120 1
230 364 120 17
32 254 120 10
82 149 120 3
400 383 120 12
12 46 120 20
95 357 120 3
366 216 120 10
347 425 120 16
392 194 120 6
20 301 120 19
267 83 120 20
123 114 120 3
432 195 120 19
431 157 120 4
211 178 120 8
384 272 120 10
351 200 120 4
28 100 120 11
310 44 120 12
74 74 120 3
289 340 120 7
430 25 120 6
377 9 120 10
26 439 120 18
66 213 120 20
162 149 120 16
167 52 120 1
398 90 120 20
158 399 120 16
112 35 120 1
377 324 120 7
277 316 120 10
290 246 120 11
71 271 120 5
9 346 120 6
124 61 120 9
73 237 120 14
222 187 120 17
33 355 120 6
335 19 120 18
272 405 120 4
102 234 120 3
402 87 120 8
264 157 120 10
127 165 120 20
202 288 120 18
435 371 120 1
273 155 120 15
200 188 120 12
88 85 120 15
11 356 120 5
256 10 120 2
380 412 120 18
302 238 120 14
47 374 120 13
148 128 120 20
308 115 120 12
268 398 120 1
415 150 120 17
31 238 120 4
123 248 120 6
173 66 120 7
9 9 120 19
388 310 120 13
29 357 120 13
282 67 120 16
396 374 120 10
432 195 120 9
176 172 120 1
107 212 120 18
132 345 120 14
66 70 120 12
19 88 120 15
393 38 120 2
110 66 120 13
210 358 120 8
437 306 120 16
351 290 120 6
206 19 120 8
220 135 120 14
34 277 120 17
105 342 120 14
251 370 120 10
396 315 120 10
413 434 120 11
349 196 120 14
351 195 120 2
279 98 120 7
412 303 120 20
268 85 120 17
356 128 120 6
331 232 120 12
385 36 120 1
79 441 120 15
267 406 120 14
74 317 120 14
247 220 120 18
289 51 120 8
173 15 120 3
85 293 120 13
141 201 120 9
27 85 120 2
263 22 120 18
422 111 120 12
447 387 120 5
22 23 120 1
238 270 120 19
202 111 120 14
263 293 120 17
199 387 120 2
220 80 120 14
369 116 120 2
312 379 120 19
300 353 120 5
281 362 120 9
230 383 120 15
48 174 120 7
85 385 120 7
172 210 120 1
294 408 120 12
251 181 120 12
419 112 120 16
233 423 120 2
69 275 120 3
35 118 120 13
388 347 120 11
316 394 120 17
66 41 120 9
393 222 120 18
118 69 120 2
229 319 120 10
429 300 120 10
298 86 120 11
118 164 120 6
290 209 120 14
377 149 120 19
409 17 120 13
177 92 120 2
339 37 120 4
263 164 120 10
157 392 120 5
232 383 120 4
427 234 120 11
161 361 120 12
178 204 120 16
303 133 120 3
336 104 120 15
326 290 120 14
355 181 120 14
159 6 120 7
41 162 120 16
242 403 120 13
305 393 120 4
6 106 120 10
327 283 120 14
410 148 120 20
193 47 120 18
3 382 120 12
350 289 120 14
307 11 120 9
416 51 120 11
43 302 120 20
42 159 120 7
294 164 120 2
2 44 120 15
371 16 120 18
434 208 120 3
154 220 120 2
162 123 120 9
361 439 120 10
117 407 120 10
35 12 120 19
356 63 120 10
184 356 120 11
118 368 120 8
334 301 120 17
270 287 120 12
253 440 120 9
179 155 120 12
394 78 120 15
172 194 120 16
11 239 120 12
151 157 120 17
2 340 120 12
17 10 120 1
95 353 120 6
188 186 120 10
52 1 120 8
125 179 120 14
340 126 120 10
89 307 120 16
254 317 120 3
441 20 120 18
244 22 120 12
412 48 120 13
63 153 120 13
14 340 120 16
251 391 120 17
44 78 120 9
438 417 120 1
25 68 120 2
263 332 120 4
291 325 120 15
39 131 120 7
126 105 120 10
232 177 120 12
244 190 120 13
4 441 120 3
201 37 120 12
150 38 120 13
223 62 120 10
166 334 120 9
426 178 120 13
268 216 120 20
141 341 120 11
61 135 120 8
144 379 120 6
119 382 120 8
47 146 120 1
63 295 120 9
59 80 120 1
112 246 120 6
59 224 120 5
340 54 120 20
305 194 120 10
385 254 120 19
204 407 120 12
202 78 120 12
214 135 120 10
262 207 120 11
357 265 120 19
86 386 120 16
139 7 120 17
379 347 120 16
387 214 120 11
308 161 120 4
354 364 120 5
340 129 120 20
271 342 120 10
347 166 120 6
280 85 120 6
283 170 120 17
93 309 120 9
137 240 120 17
223 190 120 8
66 50 120 6
172 403 120 8
227 306 120 9
380 139 120 8
220 39 120 17
277 318 120 4
161 163 120 2
430 266 120 11
269 402 120 11
7 177 120 10
416 252 120 1
91 423 120 9
129 213 120 7
296 155 120 10
356 385 120 6
145 214 120 13
17 384 120 7
59 366 120 10
419 198 120 11
135 204 120 17
39 172 120 20
440 262 120 5
360 391 120 18
147 249 120 18
73 157 120 5
37 311 120 17
329 328 120 19
346 396 120 19
171 378 120 6
407 65 120 8
372 103 120 19
152 96 120 2
365 18 120 11
342 174 120 15
37 247 120 13
116 293 120 15
408 184 120 11
199 82 120 18
356 262 120 15
272 221 120 16
392 156 120 19
247 307 120 7
363 224 120 9
442 129 120 11
322 165 120 7
358 291 120 10
268 251 120 7
68 13 120 2
274 378 120 6
409 202 120 3
162 147 120 16
27 403 120 8
434 328 120 5
431 322 120 3
144 196 120 3
114 116 120 10
386 394 120 12
394 24 120 18
47 297 120 15
399 259 120 20
97 430 120 13
387 9 120 4
99 5 120 2
55 435 120 1
129 131 120 15
388 254 120 17
42 192 120 4
394 149 120 6
331 195 120 2
188 156 120 17
257 252 120 7
34 201 120 2
214 310 120 20
273 364 120 1
227 56 120 11
375 443 120 14
202 37 120 5
422 441 120 12
239 324 120 8
352 75 120 9
286 331 120 11
212 364 120 15
146 140 120 14
84 423 120 8
9 202 120 2
74 129 120 11
393 331 120 12
30 315 120 13
251 106 120 19
230 20 120 3
355 315 120 17
304 89 120 17
443 234 120 8
8 317 120 18
393 325 120 12
386 409 120 20
374 364 120 15
408 393 120 20
436 197 120 7
350 436 120 15
348 353 120 14
219 209 120 8
26 215 120 12
420 232 120 3
352 177 120 7
38 115 120 8
310 41 120 11
27 1 120 19
59 446 120 17
207 358 120 12
374 258 120 3
418 39 120 2
104 75 120 6
34 47 120 5
280 409 120 18
413 9 120 10
61 318 120 19
72 345 120 8
38 403 120 11
201 172 120 8
362 98 120 19
428 79 120 14
246 192 120 19
298 225 120 13
124 57 120 12
136 23 120 19
262 83 120 7
438 164 120 9
178 201 120 4
373 411 120 12
31 325 120 5
404 316 120 14
369 114 120 2
417 412 120 11
65 98 120 5
131 234 120 9
206 48 120 3
161 49 120 5
13 226 120 17
277 161 120 17
266 191 120 14
363 158 120 4
90 79 120 20
19 58 120 6
163 123 120 6
373 263 120 10
158 21 120 19
25 191 120 18
65 203 120 7
305 43 120 16
72 308 120 4
174 233 120 10
143 333 120 19
236 351 120 10
303 76 120 6
21 1 120 18
428 158 120 10
436 182 120 18
45 246 120 8
336 114 120 6
350 195 120 3
108 368 120 5
22 74 120 16
35 319 120 9
105 175 120 4
297 205 120 15
314 195 120 16
362 184 120 15
154 238 120 10
158 137 120 16
194 39 120 1
110 156 120 20
249 188 120 15
283 222 120 13
231 326 120 12
244 185 120 17
267 61 120 18
1 423 120 4
384 139 120 20
118 296 120 17
422 52 120 18
26 161 120 5
445 420 120 1
63 255 120 16
437 38 120 7
110 291 120 15
435 121 120 6
70 131 120 12
335 67 120 19
400 184 120 18
155 158 120 2
405 184 120 17
373 191 120 16
72 264 120 18
11 263 120 18
266 372 120 17
277 359 120 16
349 428 120 2
396 325 120 3
144 278 120 14
187 442 120 12
281 409 120 12
109 334 120 13
345 415 120 2
399 426 120 19
54 254 120 8
446 83 120 16
74 432 120 10
279 380 120 7
104 77 120 4
133 273 120 1
309 117 120 15
241 225 120 3
373 122 120 12
322 74 120 11
85 137 120 18
230 135 120 8
287 218 120 9
334 59 120 20
258 173 120 12
23 305 120 2
218 176 120 2
385 416 120 1
438 351 120 10
21 235 120 11
20 330 120 1
271 112 120 8
168 398 120 19
49 294 120 16
320 105 120 12
239 127 120 1
421 354 120 6
282 301 120 10
367 301 120 5
137 322 120 18
436 341 120 2
425 174 120 16
100 342 120 9
3 400 120 8
411 282 120 1
107 74 120 15
97 57 120 11
272 339 120 2
415 268 120 16
24 414 120 19
315 413 120 6
41 390 120 2
326 52 120 19
134 54 120 13
225 27 120 14
421 143 120 15
315 239 120 9
116 63 120 8
228 40 120 12
193 64 120 12
42 388 120 1
231 429 120 12
156 317 120 20
423 3 120 17
205 227 120 4
258 210 120 10
395 88 120 17
141 213 120 8
235 440 120 18
149 195 120 17
40 246 120 10
343 39 120 9
141 195 120 10
1 180 120 9
361 384 120 17
310 204 120 16
402 161 120 19
286 311 120 8
252 98 120 6
257 257 120 10
336 306 120 8
345 202 120 15
355 352 120 6
234 352 120 19
125 265 120 6
242 138 120 13
132 92 120 13
109 387 120 12
299 191 120 3
44 11 120 19
440 346 120 15
188 253 120 2
422 160 120 19
402 403 120 11
135 80 120 20
250 321 120 3
132 16 120 9
185 124 120 17
101 432 120 4
124 38 120 18
414 41 120 20
105 228 120 7
17 202 120 11
270 167 120 9
1 301 120 13
444 103 120 15
139 245 120 15
363 429 120 11
100 92 120 9
27 215 120 8
411 181 120 16
266 295 120 4
363 311 120 16
192 144 120 20
423 144 120 7
286 150 120 10
32 289 120 2
241 214 120 19
136 313 120 20
15 339 120 20
399 312 120 16
366 130 120 4
134 55 120 15
93 256 120 13
228 231 120 4
226 79 120 10
326 111 120 7
234 351 120 11
122 49 120 9
112 73 120 18
316 25 120 13
263 400 120 15
58 86 120 20
174 178 120 20
432 415 120 5
397 193 120 17
65 82 120 13
20 315 120 8
189 436 120 4
234 110 120 1
180 425 120 7
437 251 120 9
397 318 120 1
412 44 120 8
245 39 120 19
318 445 120 6
13 62 120 5
285 82 120 10
13 280 120 11
236 66 120 9
85 255 120 13
414 245 120 8
249 204 120 9
170 178 120 1
278 432 120 6
363 303 120 3
194 325 120 16
106 163 120 17
342 175 120 4
120 421 120 16
17 68 120 8
338 34 120 15
16 283 120 19
21 15 120 17
69 292 120 2
166 207 120 16
260 411 120 19
425 69 120 14
225 421 120 16
304 93 120 9
11 119 120 5
420 19 120 11
189 44 120 18
162 64 120 15
322 143 120 1
19 308 120 14
29 130 120 20
363 107 120 15
412 331 120 7
198 197 120 19
415 208 120 19
241 180 120 11
111 369 120 4
263 93 120 16
439 424 120 17
12 442 120 16
249 33 120 3
11 395 120 18
289 359 120 12
93 120 120 14
446 87 120 10
33 337 120 3
86 1 120 4
182 263 120 11
341 265 120 20
196 286 120 5
377 97 120 20
231 108 120 9
211 396 120 11
74 52 120 3
124 50 120 17
401 93 120 6
411 178 120 11
351 359 120 1
384 262 120 11
402 10 120 5
415 397 120 11
24 180 120 2
27 400 120 4
398 26 120 10
5 160 120 10
144 113 120 3
183 76 120 3
212 427 120 1
77 373 120 17
205 327 120 6
172 305 120 5
236 328 120 8
406 364 120 12
98 314 120 1
278 328 120 19
71 25 120 7
412 217 120 17
37 429 120 7
19 68 120 16
273 272 120 7
100 7 120 13
312 242 120 17
277 210 120 15
193 308 120 10
135 148 120 3
226 228 120 4
3 193 120 18
292 229 120 6
133 257 120 9
336 93 120 1
428 192 120 15
388 66 120 13
227 342 120 17
430 98 120 9
72 232 120 10
31 21 120 19
35 23 120 9
245 324 120 15
446 9 120 5
277 344 120 20
389 334 120 17
61 274 120 9
430 64 120 6
115 56 120 13
127 127 120 18
287 167 120 2
227 201 120 12
359 8 120 8
282 6 120 12
24 292 120 3
306 244 120 7
331 304 120 6
432 286 120 11
438 411 120 13
93 90 120 13
437 376 120 5
344 165 120 6
283 86 120 19
98 367 120 3
378 401 120 4
107 259 120 8
180 152 120 1
89 147 120 4
61 147 120 16
88 249 120 17
251 239 120 14
133 145 120 19
216 438 120 18
307 98 120 15
413 29 120 16
373 145 120 4
120 324 120 16
189 422 120 19
87 35 120 15
405 132 120 12
366 382 120 12
265 78 120 4
328 293 120 14
30 152 120 17
109 127 120 13
140 53 120 20
3 182 120 7
17 370 120 17
187 10 120 18
56 424 120 4
183 342 120 5
102 159 120 19
175 40 120 11
248 79 120 10
418 187 120 8
180 337 120 19
86 349 120 3
325 365 120 20
82 114 120 6
341 169 120 16
284 361 120 17
171 25 120 12
136 209 120 2
403 9 120 12
374 427 120 10
25 169 120 10
185 254 120 16
69 131 120 15
333 223 120 5
168 116 120 12
427 409 120 7
134 142 120 15
9 287 120 1
380 242 120 16
382 179 120 19
124 203 120 3
222 398 120 19
211 29 120 1
127 361 120 10
156 92 120 15
373 81 120 19
47 224 120 15
202 232 120 12
118 164 120 14
53 109 120 17
414 232 120 20
59 7 120 2
404 227 120 17
443 354 120 15
256 72 120 15
195 445 120 12
94 54 120 13
135 265 120 3
26 382 120 1
168 445 120 12
41 411 120 5
116 33 120 12
152 436 120 8
216 441 120 4
203 250 120 20
282 444 120 14
4 90 120 5
386 235 120 7
116 270 120 12
20 437 120 16
31 30 120 9
284 155 120 12
106 316 120 15
155 94 120 20
119 307 120 7
165 151 120 15
208 154 120 18
324 92 120 7
247 218 120 1
115 247 120 17
436 287 120 11
274 134 120 15
154 239 120 9
33 403 120 7
342 75 120 10
16 249 120 5
133 20 120 3
349 343 120 8
353 143 120 3
178 267 120 8
13 265 120 3
323 92 120 7
351 255 120 19
258 287 120 8
258 191 120 20
117 206 120 14
136 348 120 16
298 250 120 10
124 155 120 13
178 342 120 17
30 354 120 17
169 230 120 14
14 143 120 19
98 400 120 9
137 210 120 13
260 336 120 19
194 24 120 11
148 331 120 9
434 18 120 8
435 195 120 8
255 224 120 11
339 403 120 14
78 416 120 11
81 66 120 4
370 212 120 9
413 34 120 5
215 228 120 18
374 375 120 12
345 371 120 13
23 368 120 8
42 175 120 20
435 76 120 8
163 153 120 6
34 233 120 11
314 166 120 12
356 131 120 10
297 355 120 8
262 281 120 13
130 178 120 14
5 210 120 19
84 252 120 8
396 239 120 2
227 402 120 13
26 445 120 1
357 311 120 13
443 219 120 13
136 69 120 13
55 340 120 13
359 32 120 3
148 36 120 8
305 129 120 9
198 87 120 16
157 313 120 9
279 348 120 15
196 258 120 13
288 263 120 15
53 398 120 6
183 16 120 15
157 374 120 13
308 84 120 4
231 388 120 3
406 139 120 6
382 305 120 7
322 146 120 13
259 351 120 17
69 191 120 10
97 254 120 3
204 446 120 2
222 155 120 12
262 25 120 6
346 256 120 16
122 214 120 8
431 158 120 3
168 32 120 19
263 300 120 10
178 368 120 14
356 27 120 2
47 240 120 6
200 15 120 4
289 276 120 4
24 184 120 19
147 305 120 5
418 298 120 17
110 29 120 7
394 301 120 17
144 32 120 3
95 387 120 8
299 433 120 20
55 195 120 11
432 46 120 17
376 69 120 2
149 226 120 15
134 206 120 19
277 315 120 7
23 271 120 11
59 425 120 20
34 72 120 3
36 381 120 14
278 435 120 2
96 429 120 10
190 367 120 16
30 68 120 2
184 202 120 19
199 41 120 7
242 63 120 18
139 131 120 11
66 175 120 3
390 210 120 2
251 40 120 6
307 146 120 18
417 335 120 13
149 374 120 3
116 120 120 19
289 319 120 18
339 123 120 10
212 261 120 13
73 337 120 20
15 279 120 6
327 92 120 16
199 408 120 19
42 378 120 4
261 89 120 12
101 205 120 17
152 56 120 2
253 394 120 1
427 168 120 15
294 250 120 13
335 264 120 1
148 153 120 1
1 351 120 5
9 392 120 16
351 216 120 17
182 326 120 12
143 41 120 8
421 303 120 15
375 282 120 10
153 138 120 5
276 25 120 12
241 183 120 6
297 183 120 2
313 192 120 15
260 105 120 4
305 287 120 7
107 429 120 15
421 412 120 17
234 340 120 13
224 55 120 17
27 340 120 18
94 133 120 15
303 429 120 19
425 295 120 3
55 117 120 18
347 421 120 8
81 80 120 9
291 53 120 3
367 296 120 1
288 82 120 6
346 109 120 14
438 202 120 19
266 67 120 7
276 54 120 20
50 119 120 1
365 28 120 18
93 108 120 2
248 409 120 4
378 338 120 18
400 178 120 2
39 76 120 3
18 67 120 13
129 332 120 17
231 170 120 20
181 219 120 5
246 146 120 7
285 248 120 3
412 49 120 9
155 436 120 1
202 399 120 2
331 447 120 14
121 17 120 13
122 155 120 2
199 386 120 15
330 129 120 2
131 384 120 12
417 231 120 14
364 206 120 7
281 360 120 5
89 124 120 17
85 8 120 12
156 128 120 14
303 260 120 11
344 11 120 12
117 340 120 17
118 34 120 14
274 3 120 14
221 376 120 9
236 210 120 15
240 308 120 9
204 402 120 5
158 120 120 17
139 432 120 4
284 338 120 6
377 17 120 12
151 134 120 5
308 408 120 15
249 191 120 14
405 427 120 1
26 229 120 16
228 432 120 2
426 143 120 2
325 291 120 10
36 127 120 9
205 56 120 3
286 216 120 3
390 76 120 6
59 335 120 13
114 292 120 1
378 328 120 19
66 108 120 19
155 96 120 17
373 421 120 14
129 9 120 4
223 223 120 6
333 61 120 20
139 13 120 20
353 82 120 6
320 195 120 10
266 126 120 15
440 201 120 13
151 365 120 17
15 290 120 14
168 429 120 11
11 214 120 15
365 109 120 3
41 247 120 5
239 162 120 14
334 34 120 15
283 299 120 17
103 291 120 15
49 5 120 2
81 29 120 12
96 196 120 5
130 216 120 18
