2000 500
301 193 48 13
104 426 48 15
198 261 48 12
325 158 48 2
48 343 48 4
91 66 48 2
195 281 48 12
133 113 48 10
124 329 48 6
35 207 48 19
316 70 48 16
422 174 48 20
404 381 48 2
238 268 48 7
203 315 48 2
442 405 48 15
315 153 48 10
381 295 48 19
140 419 48 18
87 16 48 17
240 331 48 1
138 315 48 13
14 272 48 6
151 62 48 1
7 275 48 6
206 269 48 15
33 147 48 10
150 80 48 8
380 219 48 18
44 315 48 16
371 107 48 14
331 244 48 14
16 258 48 13
92 418 48 10
435 434 48 3
198 202 48 11
366 244 48 10
259 394 48 7
447 336 48 17
158 390 48 3
342 323 48 17
410 206 48 4
355 232 48 13
124 333 48 5
411 320 48 3
79 70 48 3
25 446 48 5
117 257 48 9
298 256 48 1
251 424 48 3
82 318 48 19
19 280 48 12
199 197 48 16
200 320 48 16
180 284 48 16
147 372 48 18
316 406 48 11
291 75 48 20
222 382 48 10
41 196 48 5
250 277 48 4
344 295 48 10
196 46 48 6
300 245 48 6
288 425 48 2
149 134 48 17
89 12 48 1
27 302 48 15
221 86 48 5
244 127 48 20
243 376 48 14
113 282 48 11
272 40 48 19
190 339 48 17
428 180 48 3
55 338 48 19
73 426 48 18
39 5 48 18
89 235 48 5
84 32 48 13
263 274 48 16
282 396 48 12
157 220 48 17
78 410 48 1
254 390 48 17
416 8 48 8
265 80 48 3
136 129 48 12
308 227 48 19
128 310 48 8
75 136 48 19
396 417 48 5
115 136 48 13
320 214 48 14
426 30 48 13
265 445 48 2
3 273 48 5
167 418 48 19
334 278 48 14
289 415 48 5
275 42 48 5
98 1 48 7
316 115 48 14
316 444 48 19
289 422 48 15
204 249 48 8
136 252 48 13
157 418 48 15
317 304 48 3
246 156 48 2
47 430 48 15
431 90 48 11
346 415 48 13
397 294 48 5
214 135 48 12
70 348 48 17
381 46 48 13
79 212 48 2
185 81 48 8
140 336 48 8
53 383 48 1
18 376 48 15
429 274 48 16
61 224 48 6
145 447 48 2
204 80 48 16
75 13 48 17
206 101 48 6
318 285 48 8
286 425 48 18
419 40 48 3
87 57 48 8
302 39 48 11
38 109 48 6
76 253 48 15
259 20 48 7
341 104 48 14
32 309 48 8
381 179 48 5
383 27 48 10
274 445 48 4
100 95 48 3
311 396 48 8
349 443 48 12
162 82 48 3
422 340 48 13
314 233 48 18
228 264 48 15
253 207 48 4
115 143 48 14
401 426 48 14
299 89 48 6
254 399 48 4
257 310 48 14
378 25 48 3
315 9 48 4
270 333 48 5
329 123 48 1
259 375 48 19
387 42 48 9
95 442 48 20
258 304 48 3
67 110 48 9
292 377 48 7
66 317 48 8
367 184 48 14
124 7 48 2
123 345 48 5
385 166 48 12
417 105 48 17
154 200 48 3
317 10 48 12
120 86 48 18
332 378 48 9
407 443 48 16
68 372 48 12
195 58 48 3
197 180 48 14
322 118 48 11
384 87 48 10
40 241 48 3
138 110 48 4
102 239 48 14
186 124 48 13
198 93 48 18
80 160 48 20
156 365 48 17
237 114 48 11
226 445 48 13
379 381 48 5
190 431 48 4
210 131 48 13
249 233 48 3
384 418 48 1
438 178 48 18
61 268 48 17
45 423 48 4
106 222 48 20
337 447 48 12
238 379 48 1
246 131 48 14
36 351 48 5
403 162 48 6
104 98 48 18
385 99 48 10
311 159 48 4
416 213 48 4
429 318 48 16
108 208 48 11
241 8 48 14
318 253 48 2
388 299 48 2
132 254 48 5
117 367 48 15
83 314 48 18
226 187 48 11
189 155 48 5
137 136 48 9
306 253 48 8
38 57 48 10
148 384 48 17
399 325 48 7
105 19 48 1
430 135 48 1
396 217 48 3
22 5 48 20
254 203 48 12
250 349 48 12
117 208 48 9
201 255 48 4
293 413 48 1
190 364 48 20
405 31 48 6
426 14 48 16
376 419 48 13
192 3 48 12
204 256 48 10
380 69 48 20
245 185 48 19
373 396 48 9
119 241 48 10
249 440 48 8
276 397 48 12
311 375 48 11
44 303 48 19
3 57 48 14
413 270 48 9
132 202 48 10
200 447 48 17
27 382 48 16
129 63 48 9
196 312 48 20
179 150 48 7
203 14 48 2
249 67 48 5
267 79 48 10
297 44 48 16
135 176 48 6
52 375 48 4
163 411 48 18
222 93 48 12
74 288 48 17
375 30 48 12
178 232 48 15
365 33 48 13
407 309 48 18
68 158 48 14
8 303 48 1
149 354 48 11
290 79 48 6
384 310 48 11
84 383 48 11
105 320 48 20
286 50 48 14
32 414 48 3
302 383 48 7
202 13 48 9
146 20 48 3
275 168 48 14
331 20 48 6
351 404 48 2
25 50 48 2
444 165 48 5
445 3 48 1
230 44 48 11
58 345 48 19
204 110 48 6
60 265 48 19
219 103 48 12
293 433 48 3
446 346 48 19
23 371 48 3
430 367 48 18
271 375 48 20
162 157 48 11
28 224 48 17
287 427 48 2
100 50 48 3
390 268 48 9
410 113 48 2
12 121 48 18
18 144 48 1
93 136 48 1
322 416 48 8
116 130 48 7
400 168 48 10
155 7 48 5
19 116 48 14
148 68 48 15
388 30 48 18
167 52 48 7
292 79 48 5
339 171 48 13
326 45 48 12
230 170 48 5
311 132 48 20
168 287 48 3
14 305 48 20
357 5 48 20
72 403 48 8
367 122 48 5
336 413 48 2
20 315 48 1
287 193 48 11
75 433 48 19
2 296 48 7
97 16 48 4
207 29 48 19
443 385 48 17
300 20 48 8
186 396 48 5
123 294 48 8
148 314 48 7
343 153 48 14
135 227 48 7
106 238 48 13
208 334 48 13
150 104 48 15
406 109 48 10
219 408 48 15
445 146 48 19
345 278 48 10
210 425 48 3
390 330 48 19
325 17 48 13
235 132 48 9
3 340 48 20
233 52 48 7
44 10 48 9
250 238 48 19
18 235 48 2
192 142 48 8
212 352 48 4
98 304 48 4
146 191 48 8
430 435 48 16
47 437 48 17
18 232 48 15
92 275 48 8
275 78 48 12
428 105 48 20
279 306 48 14
408 80 48 15
78 187 48 9
87 332 48 9
112 324 48 13
279 381 48 5
348 398 48 17
21 53 48 16
160 337 48 10
100 317 48 13
274 158 48 1
152 119 48 1
392 206 48 5
40 292 48 13
336 413 48 19
171 255 48 2
443 155 48 13
51 176 48 7
401 345 48 4
381 444 48 14
29 270 48 19
429 432 48 17
24 376 48 12
253 425 48 7
387 323 48 9
387 47 48 18
330 42 48 2
223 102 48 10
179 56 48 5
23 436 48 16
184 17 48 4
65 8 48 4
64 32 48 14
278 294 48 3
346 243 48 18
389 182 48 5
240 74 48 20
245 307 48 8
435 38 48 7
75 60 48 2
159 253 48 3
86 327 48 16
443 390 48 15
282 230 48 12
118 138 48 2
266 90 48 5
24 329 48 20
269 136 48 13
179 123 48 2
144 197 48 11
108 366 48 12
88 4 48 9
75 446 48 16
104 290 48 6
436 407 48 3
116 236 48 17
425 259 48 9
371 90 48 8
175 279 48 15
27 432 48 7
385 92 48 6
101 189 48 20
154 264 48 20
160 377 48 17
405 365 48 7
340 43 48 5
365 31 48 3
290 411 48 1
341 138 48 1
66 164 48 5
8 111 48 8
305 222 48 2
168 385 48 4
40 97 48 8
201 54 48 5
331 394 48 9
260 321 48 15
446 173 48 15
275 66 48 13
392 142 48 12
57 149 48 20
250 17 48 2
194 194 48 18
412 233 48 14
111 443 48 5
185 337 48 16
301 149 48 4
10 147 48 17
119 432 48 4
375 386 48 2
368 5 48 13
15 264 48 19
339 11 48 15
154 432 48 3
66 95 48 1
41 279 48 6
409 142 48 3
223 151 48 14
209 279 48 20
261 217 48 5
7 137 48 20
359 151 48 6
279 53 48 15
403 206 48 11
313 281 48 1
238 321 48 3
52 292 48 3
24 67 48 5
152 286 48 5
275 99 48 17
346 106 48 12
411 17 48 20
303 305 48 16
215 261 48 5
101 136 48 15
92 373 48 8
371 424 48 1
344 10 48 11
21 161 48 13
434 445 48 2
168 343 48 12
39 317 48 15
61 172 48 2
154 397 48 14
6 50 48 10
139 151 48 6
145 84 48 11
5 428 48 15
389 11 48 3
164 7 48 16
38 175 48 8
16 213 48 12
31 283 48 5
350 437 48 12
45 5 48 11
322 143 48 16
87 297 48 11
275 302 48 20
25 253 48 7
402 417 48 15
320 7 48 14
134 32 48 19
273 62 48 16
147 411 48 6
417 8 48 13
300 339 48 10
343 425 48 18
22 252 48 8
129 286 48 10
256 241 48 1
399 113 48 10
260 256 48 13
343 92 48 3
271 248 48 15
189 218 48 20
121 80 48 9
185 432 48 17
109 6 48 16
344 144 48 2
375 409 48 15
384 361 48 14
410 183 48 13
20 78 48 1
138 358 48 10
220 99 48 2
320 219 48 16
311 414 48 11
279 85 48 9
62 429 48 19
131 366 48 9
439 302 48 11
433 274 48 2
226 293 48 20
119 431 48 1
270 203 48 1
191 85 48 14
201 405 48 8
195 247 48 16
195 308 48 2
348 1 48 19
15 3 48 8
43 435 48 17
262 213 48 4
112 342 48 18
329 164 48 17
197 365 48 2
294 118 48 7
367 323 48 2
78 70 48 14
216 427 48 11
283 4 48 1
204 56 48 17
398 318 48 2
1 439 48 6
44 320 48 2
300 69 48 10
193 373 48 13
43 292 48 10
150 369 48 13
117 148 48 8
84 430 48 20
54 186 48 10
11 146 48 13
200 157 48 16
274 210 48 11
84 62 48 11
258 254 48 16
112 297 48 5
289 446 48 7
97 125 48 2
342 208 48 17
133 261 48 3
426 281 48 16
163 34 48 8
327 317 48 12
364 410 48 19
42 220 48 4
82 341 48 4
423 192 48 1
249 289 48 8
222 183 48 7
187 325 48 8
337 313 48 17
196 28 48 5
220 355 48 13
7 281 48 10
303 322 48 17
415 403 48 19
386 388 48 12
355 190 48 14
11 411 48 12
321 151 48 5
8 50 48 7
433 245 48 5
6 28 48 20
353 34 48 10
214 346 48 9
305 323 48 8
289 261 48 20
27 178 48 6
54 188 48 11
272 72 48 12
378 89 48 11
349 84 48 14
357 100 48 10
273 5 48 2
21 228 48 7
101 85 48 10
145 373 48 16
140 400 48 15
314 16 48 16
25 297 48 7
332 227 48 3
252 138 48 3
427 48 48 1
181 320 48 13
416 350 48 9
123 13 48 16
152 168 48 6
441 307 48 9
24 184 48 19
242 208 48 19
93 102 48 7
43 364 48 7
77 343 48 13
209 76 48 8
366 55 48 2
293 177 48 10
314 338 48 5
261 331 48 18
170 355 48 1
94 159 48 9
325 251 48 1
345 304 48 4
55 380 48 7
260 151 48 16
356 69 48 19
355 371 48 7
367 238 48 9
108 61 48 20
156 231 48 19
387 334 48 9
388 221 48 9
54 118 48 20
82 173 48 17
16 442 48 8
25 350 48 11
88 258 48 12
337 187 48 8
39 304 48 4
71 13 48 7
11 409 48 19
118 360 48 8
29 423 48 10
243 57 48 5
409 72 48 13
279 96 48 14
227 193 48 20
98 92 48 9
217 130 48 9
396 201 48 18
368 221 48 16
226 338 48 18
315 367 48 9
75 172 48 12
6 134 48 15
389 412 48 11
217 191 48 20
322 298 48 18
166 67 48 7
313 25 48 13
26 402 48 11
157 191 48 5
210 58 48 8
238 142 48 7
322 158 48 1
41 99 48 18
313 325 48 20
340 199 48 18
1 364 48 13
259 229 48 6
270 264 48 5
54 420 48 11
186 192 48 7
236 429 48 12
21 314 48 5
396 364 48 11
288 229 48 15
390 121 48 8
343 132 48 6
372 400 48 1
425 223 48 4
443 286 48 8
204 24 48 4
33 260 48 18
3 290 48 3
140 239 48 5
365 79 48 13
30 32 48 8
340 374 48 18
119 298 48 9
136 285 48 6
417 281 48 3
224 47 48 19
242 79 48 7
241 91 48 13
107 230 48 8
336 157 48 1
366 186 48 12
70 88 48 10
362 216 48 11
160 352 48 9
189 321 48 19
57 107 48 3
406 348 48 1
119 142 48 10
122 258 48 8
363 156 48 15
246 74 48 19
169 144 48 13
9 68 48 16
165 227 48 19
149 426 48 13
423 45 48 3
297 3 48 18
249 122 48 17
301 243 48 2
136 169 48 9
128 424 48 3
305 145 48 18
132 163 48 11
165 328 48 4
122 29 48 1
400 5 48 8
337 311 48 1
184 112 48 9
193 422 48 12
1 111 48 18
422 238 48 11
22 105 48 19
222 236 48 14
52 411 48 8
109 85 48 1
154 37 48 10
244 383 48 10
336 130 48 1
122 322 48 8
150 332 48 15
357 306 48 12
92 337 48 5
419 121 48 11
25 173 48 12
404 291 48 10
365 445 48 19
340 241 48 19
178 139 48 13
137 260 48 13
71 419 48 17
124 328 48 8
415 420 48 6
372 401 48 14
118 425 48 4
284 382 48 19
88 299 48 10
385 202 48 17
180 389 48 8
105 79 48 15
360 159 48 17
53 292 48 5
62 269 48 20
417 194 48 8
445 321 48 16
209 158 48 14
273 245 48 10
334 192 48 14
188 371 48 19
190 38 48 12
4 398 48 13
236 3 48 16
359 74 48 6
7 43 48 18
56 41 48 10
92 259 48 6
72 84 48 7
350 417 48 19
393 167 48 5
377 356 48 16
2 359 48 14
252 157 48 19
336 69 48 17
252 75 48 19
361 140 48 5
344 241 48 19
46 312 48 3
440 225 48 6
140 180 48 4
221 109 48 16
340 120 48 16
408 371 48 12
52 269 48 1
217 74 48 18
424 434 48 5
234 340 48 7
312 396 48 19
26 388 48 20
176 90 48 7
35 311 48 18
249 203 48 4
384 173 48 17
228 235 48 13
141 4 48 20
128 437 48 3
274 233 48 5
204 97 48 10
19 132 48 17
47 307 48 4
265 351 48 8
153 152 48 16
161 98 48 2
111 325 48 3
330 18 48 8
175 155 48 19
17 439 48 16
208 195 48 1
357 223 48 16
446 270 48 6
177 97 48 14
229 249 48 7
45 419 48 20
34 83 48 8
257 412 48 1
46 150 48 6
271 176 48 9
291 393 48 8
407 302 48 20
217 300 48 18
343 39 48 8
382 267 48 12
125 322 48 12
422 355 48 14
150 175 48 6
362 230 48 6
281 64 48 5
192 354 48 19
317 324 48 17
207 93 48 7
377 446 48 20
205 380 48 9
292 68 48 8
351 42 48 10
54 201 48 18
169 115 48 19
443 396 48 2
8 150 48 14
402 19 48 4
213 235 48 19
323 174 48 11
35 389 48 17
23 233 48 12
322 136 48 19
101 190 48 12
55 368 48 5
238 374 48 14
47 381 48 16
209 346 48 2
248 111 48 19
389 444 48 18
91 31 48 17
172 53 48 19
331 384 48 13
84 47 48 7
37 101 48 14
115 348 48 12
141 394 48 17
326 166 48 14
82 423 48 11
83 374 48 19
257 17 48 5
372 198 48 9
272 91 48 10
318 174 48 18
106 221 48 9
262 335 48 7
353 39 48 7
388 364 48 20
311 9 48 5
355 91 48 12
394 347 48 3
37 271 48 15
178 105 48 18
266 423 48 4
400 81 48 11
197 352 48 7
342 268 48 14
444 208 48 11
263 72 48 6
58 436 48 2
235 392 48 4
429 428 48 4
383 159 48 8
427 424 48 1
208 386 48 1
219 135 48 8
118 30 48 19
64 36 48 2
384 298 48 17
255 365 48 7
236 153 48 2
106 144 48 8
266 79 48 4
74 68 48 16
313 286 48 17
186 57 48 11
421 184 48 9
28 248 48 17
290 194 48 7
186 2 48 10
70 247 48 3
356 353 48 16
175 181 48 3
152 264 48 14
115 130 48 3
16 325 48 16
61 308 48 5
136 336 48 14
255 178 48 13
225 374 48 20
123 443 48 16
172 361 48 15
365 88 48 12
198 249 48 4
89 363 48 14
285 388 48 2
81 12 48 17
70 147 48 8
316 411 48 8
308 189 48 2
312 321 48 8
105 45 48 6
270 409 48 9
168 160 48 6
340 258 48 18
194 96 48 19
383 186 48 1
432 255 48 4
379 133 48 5
56 440 48 1
107 304 48 2
163 418 48 10
142 250 48 14
209 428 48 15
78 320 48 6
329 67 48 14
73 12 48 14
276 443 48 18
187 384 48 7
62 439 48 10
145 108 48 1
91 270 48 5
92 422 48 18
54 183 48 5
195 270 48 5
136 151 48 14
193 234 48 2
434 62 48 17
46 258 48 6
236 330 48 16
429 27 48 2
32 128 48 9
62 219 48 4
341 282 48 7
154 29 48 10
286 174 48 16
47 376 48 10
266 363 48 13
53 418 48 12
213 216 48 8
374 198 48 13
196 239 48 19
288 300 48 8
363 193 48 1
184 356 48 16
265 194 48 6
59 250 48 2
96 78 48 12
194 130 48 6
102 342 48 14
340 269 48 2
167 27 48 6
111 314 48 18
283 240 48 8
299 423 48 19
353 250 48 17
133 318 48 5
289 413 48 18
370 159 48 6
431 271 48 8
261 163 48 2
297 329 48 9
125 2 48 11
261 294 48 2
153 155 48 8
401 60 48 20
405 192 48 15
211 34 48 20
95 413 48 1
119 397 48 19
27 210 48 13
223 59 48 15
445 193 48 15
97 7 48 8
435 169 48 18
312 132 48 12
1 99 48 4
7 320 48 18
436 424 48 13
140 95 48 7
113 131 48 13
259 353 48 17
285 361 48 11
323 10 48 6
216 8 48 9
264 319 48 17
370 329 48 8
231 345 48 1
125 344 48 9
442 36 48 11
250 158 48 4
278 416 48 3
374 254 48 15
205 139 48 2
63 364 48 18
99 180 48 10
266 113 48 9
95 343 48 18
243 31 48 11
368 25 48 5
150 274 48 14
52 114 48 12
317 40 48 4
58 255 48 5
246 317 48 2
3 425 48 6
79 243 48 19
45 348 48 16
366 143 48 3
136 73 48 4
398 222 48 18
371 284 48 16
312 163 48 8
69 221 48 15
411 19 48 15
222 21 48 16
223 109 48 6
336 164 48 13
355 92 48 9
393 228 48 9
9 188 48 9
365 111 48 11
377 432 48 5
439 53 48 18
308 16 48 3
46 248 48 18
218 33 48 3
196 379 48 16
73 286 48 18
93 231 48 18
196 249 48 12
83 166 48 3
253 106 48 8
138 97 48 8
254 405 48 9
397 13 48 14
114 241 48 20
397 446 48 4
405 71 48 6
58 174 48 16
385 369 48 11
16 14 48 6
214 266 48 18
396 413 48 6
194 229 48 7
8 179 48 15
88 302 48 6
201 261 48 1
255 219 48 9
147 286 48 1
280 224 48 18
224 249 48 8
343 25 48 13
131 430 48 5
5 177 48 19
303 194 48 12
166 281 48 5
280 45 48 14
391 299 48 1
136 446 48 15
44 278 48 6
340 64 48 13
192 406 48 14
319 89 48 13
422 103 48 20
306 415 48 12
378 144 48 6
304 433 48 10
44 376 48 19
12 75 48 17
266 118 48 12
305 21 48 2
156 212 48 4
30 94 48 17
344 78 48 4
387 383 48 9
176 323 48 1
256 179 48 10
389 223 48 16
364 244 48 8
337 72 48 18
160 387 48 14
36 95 48 19
338 134 48 2
281 31 48 7
336 417 48 20
359 156 48 4
88 421 48 16
249 362 48 20
339 279 48 16
65 178 48 8
366 338 48 4
240 383 48 5
336 273 48 4
87 106 48 18
363 442 48 2
136 363 48 2
232 4 48 20
69 252 48 17
128 153 48 4
440 228 48 5
387 146 48 14
273 396 48 12
263 284 48 12
397 370 48 12
113 285 48 17
256 431 48 15
117 215 48 9
388 283 48 16
137 420 48 9
163 422 48 2
377 372 48 16
44 207 48 13
94 33 48 3
416 429 48 12
406 104 48 13
401 370 48 7
321 39 48 9
244 437 48 2
428 126 48 1
318 298 48 18
445 228 48 15
271 271 48 11
44 374 48 3
111 342 48 14
100 311 48 6
393 274 48 7
213 157 48 2
266 400 48 19
155 380 48 6
15 261 48 11
307 258 48 5
76 81 48 1
52 125 48 8
69 235 48 11
58 344 48 3
170 289 48 4
194 64 48 16
276 330 48 7
338 37 48 17
87 61 48 1
134 368 48 12
418 6 48 7
89 67 48 9
133 136 48 1
81 203 48 14
350 372 48 4
444 128 48 19
258 403 48 6
23 293 48 19
168 380 48 18
126 76 48 5
352 47 48 2
211 145 48 10
194 277 48 13
431 367 48 8
117 269 48 16
91 276 48 7
149 86 48 15
89 108 48 13
75 286 48 4
122 411 48 18
108 325 48 14
90 88 48 9
149 291 48 10
342 284 48 15
291 400 48 20
163 54 48 11
173 202 48 20
138 291 48 9
405 375 48 3
168 59 48 14
6 167 48 12
347 266 48 9
385 414 48 11
252 309 48 20
38 152 48 19
103 324 48 5
443 59 48 8
431 206 48 8
80 164 48 19
13 341 48 8
367 346 48 6
162 245 48 18
44 182 48 7
236 443 48 12
255 43 48 5
237 146 48 1
271 151 48 8
60 145 48 10
149 224 48 13
166 246 48 20
251 176 48 8
65 337 48 14
144 390 48 6
190 178 48 5
107 443 48 14
175 242 48 15
130 65 48 18
153 125 48 3
371 273 48 10
316 438 48 10
153 251 48 7
346 315 48 13
345 12 48 20
89 211 48 6
274 318 48 11
65 45 48 17
1 184 48 9
98 336 48 5
338 270 48 20
365 148 48 6
200 310 48 12
200 218 48 13
99 126 48 17
397 214 48 10
425 50 48 16
2 115 48 11
276 125 48 14
168 222 48 14
184 123 48 19
26 50 48 6
315 249 48 10
417 11 48 4
387 119 48 12
378 68 48 12
133 45 48 8
214 56 48 14
340 332 48 4
223 62 48 6
441 246 48 12
44 281 48 15
241 158 48 12
310 127 48 9
140 67 48 2
105 7 48 10
293 139 48 11
84 363 48 2
445 255 48 5
47 40 48 8
318 43 48 6
273 86 48 7
288 336 48 20
103 199 48 8
376 348 48 20
329 16 48 8
340 308 48 4
415 401 48 1
88 399 48 9
103 445 48 12
179 325 48 13
73 161 48 20
237 1 48 4
121 103 48 1
141 31 48 14
228 360 48 11
321 262 48 19
105 229 48 8
262 326 48 13
236 428 48 17
249 169 48 4
305 241 48 3
10 40 48 4
50 170 48 11
308 311 48 3
9 91 48 11
193 421 48 20
237 88 48 8
224 349 48 17
183 147 48 10
139 406 48 20
429 273 48 18
433 282 48 12
436 341 48 15
105 201 48 4
252 220 48 10
320 412 48 20
203 201 48 10
333 434 48 11
332 179 48 13
322 317 48 10
43 309 48 10
4 294 48 6
15 292 48 3
196 407 48 11
249 211 48 14
413 83 48 11
92 295 48 16
306 191 48 16
442 75 48 5
277 406 48 9
70 1 48 13
135 15 48 11
45 29 48 7
306 224 48 10
320 36 48 3
116 1 48 20
333 102 48 2
313 418 48 15
279 412 48 7
434 241 48 9
22 320 48 2
354 7 48 13
106 62 48 5
149 367 48 3
151 239 48 12
373 364 48 1
230 249 48 2
402 114 48 11
307 402 48 3
307 399 48 10
265 420 48 1
223 336 48 5
206 441 48 4
217 142 48 16
14 302 48 3
304 227 48 10
146 20 48 19
110 421 48 5
34 291 48 4
379 150 48 15
80 414 48 3
110 199 48 4
137 404 48 2
234 183 48 17
261 197 48 16
78 53 48 15
259 208 48 19
240 318 48 1
345 351 48 2
414 293 48 1
434 382 48 10
436 45 48 18
316 191 48 3
210 434 48 7
246 247 48 18
136 335 48 15
262 146 48 15
408 385 48 14
80 282 48 6
42 258 48 14
163 244 48 15
260 232 48 12
98 111 48 10
360 320 48 12
358 118 48 3
104 263 48 20
360 78 48 5
376 38 48 12
262 117 48 11
71 168 48 3
173 340 48 16
219 152 48 10
319 259 48 10
162 182 48 1
1 92 48 18
97 195 48 18
80 117 48 18
208 45 48 5
284 316 48 3
194 387 48 13
371 122 48 15
345 350 48 2
114 221 48 11
2 392 48 5
210 392 48 2
99 52 48 12
260 131 48 8
51 349 48 18
336 185 48 1
290 378 48 8
421 301 48 12
7 209 48 7
201 322 48 16
206 323 48 20
393 96 48 11
233 204 48 2
268 16 48 20
430 76 48 6
189 411 48 7
273 253 48 17
297 236 48 19
4 242 48 7
71 442 48 3
347 210 48 4
131 155 48 7
316 398 48 5
105 218 48 7
34 210 48 14
312 398 48 6
336 224 48 9
291 83 48 3
109 96 48 6
135 166 48 19
55 76 48 13
287 216 48 3
178 94 48 12
281 198 48 3
400 241 48 2
146 115 48 20
303 4 48 16
284 294 48 10
44 412 48 1
64 109 48 1
79 163 48 12
303 12 48 10
254 199 48 13
146 33 48 14
275 432 48 12
166 140 48 6
8 5 48 13
93 289 48 6
260 332 48 19
86 395 48 14
77 36 48 17
143 338 48 19
434 155 48 20
371 300 48 3
68 137 48 19
15 302 48 9
77 310 48 12
142 412 48 7
63 225 48 5
395 310 48 3
398 386 48 1
116 91 48 1
293 87 48 7
231 20 48 2
201 97 48 8
155 111 48 19
258 188 48 5
366 329 48 1
315 402 48 9
158 349 48 17
406 310 48 9
242 425 48 16
435 280 48 7
326 73 48 2
78 273 48 6
424 437 48 11
167 248 48 5
229 176 48 8
265 44 48 18
79 211 48 5
211 179 48 1
292 430 48 14
15 418 48 4
282 296 48 8
130 383 48 2
65 359 48 14
120 78 48 6
372 316 48 1
58 134 48 20
156 222 48 3
155 432 48 10
26 276 48 11
321 301 48 8
12 145 48 19
233 274 48 14
269 348 48 3
304 20 48 14
150 391 48 1
171 12 48 14
245 177 48 5
82 331 48 3
108 366 48 3
107 249 48 18
85 271 48 10
359 56 48 13
131 334 48 3
271 190 48 4
42 339 48 18
139 72 48 14
378 316 48 13
392 398 48 19
390 58 48 4
226 174 48 10
363 259 48 3
196 180 48 7
313 310 48 7
331 133 48 8
378 185 48 17
368 333 48 12
380 273 48 6
120 217 48 12
201 169 48 19
199 395 48 19
9 320 48 2
89 78 48 15
234 391 48 15
265 284 48 4
39 214 48 8
161 134 48 15
364 76 48 3
426 196 48 7
11 396 48 19
111 157 48 4
374 176 48 8
21 264 48 12
294 61 48 1
429 325 48 17
269 373 48 7
294 86 48 5
203 13 48 11
395 1 48 15
367 12 48 11
60 122 48 3
147 58 48 19
116 88 48 13
162 381 48 12
162 362 48 14
444 183 48 17
46 39 48 19
238 242 48 10
58 199 48 7
84 118 48 14
57 177 48 9
207 333 48 10
75 11 48 2
217 173 48 19
418 344 48 7
60 340 48 10
75 395 48 14
185 185 48 7
297 253 48 3
419 346 48 15
116 402 48 19
380 162 48 16
255 246 48 15
226 15 48 10
131 443 48 2
406 55 48 11
417 139 48 13
30 323 48 14
340 172 48 6
402 154 48 3
145 269 48 8
74 201 48 2
335 18 48 3
170 244 48 17
177 384 48 2
90 342 48 15
343 322 48 14
106 361 48 7
53 253 48 17
273 218 48 9
380 372 48 1
5 8 48 17
258 352 48 4
300 75 48 10
376 251 48 6
437 341 48 2
115 236 48 16
379 351 48 17
82 403 48 20
403 228 48 18
430 171 48 18
288 185 48 18
356 443 48 5
5 305 48 14
344 233 48 14
182 232 48 9
362 346 48 18
425 288 48 5
402 369 48 15
204 324 48 3
223 316 48 6
176 166 48 7
136 84 48 12
10 89 48 11
396 432 48 4
148 167 48 20
250 81 48 6
140 68 48 2
380 32 48 19
138 235 48 9
134 10 48 16
300 195 48 16
214 340 48 9
132 350 48 19
355 308 48 7
362 18 48 5
164 267 48 19
311 406 48 16
298 338 48 2
226 38 48 6
20 172 48 19
149 34 48 4
433 247 48 12
363 389 48 18
382 296 48 4
385 210 48 7
117 373 48 15
386 246 48 17
275 96 48 13
196 331 48 1
362 350 48 16
90 61 48 11
22 46 48 15
294 419 48 1
21 353 48 11
65 290 48 1
126 416 48 9
6 354 48 2
291 181 48 11
29 387 48 16
252 311 48 15
198 400 48 5
188 431 48 11
435 288 48 3
175 318 48 3
201 383 48 5
9 71 48 5
199 77 48 13
178 377 48 17
273 406 48 17
241 210 48 19
121 417 48 13
72 158 48 14
69 145 48 14
46 319 48 2
376 82 48 12
110 100 48 2
260 299 48 15
325 29 48 3
134 301 48 13
339 104 48 2
397 235 48 13
427 306 48 9
441 384 48 8
294 440 48 11
28 368 48 7
144 40 48 14
341 299 48 15
176 187 48 15
388 330 48 6
121 222 48 1
63 171 48 20
422 151 48 15
53 154 48 15
286 447 48 20
390 38 48 16
138 191 48 12
433 94 48 11
142 270 48 19
327 220 48 12
385 351 48 17
99 423 48 4
48 397 48 6
312 13 48 8
75 308 48 20
278 250 48 10
410 397 48 5
125 393 48 20
159 87 48 8
378 423 48 15
33 360 48 14
366 12 48 14
433 59 48 18
212 380 48 16
145 7 48 11
87 294 48 9
66 257 48 9
235 381 48 15
51 92 48 1
146 33 48 15
24 75 48 12
251 441 48 2
7 436 48 16
170 200 48 20
354 354 48 1
409 440 48 5
265 68 48 1
71 303 48 12
279 363 48 15
117 72 48 6
387 95 48 12
122 355 48 12
316 372 48 10
130 104 48 15
324 20 48 4
77 428 48 18
133 246 48 16
436 326 48 13
235 158 48 8
135 284 48 9
68 223 48 14
75 354 48 17
85 232 48 18
93 362 48 19
300 248 48 3
424 324 48 14
104 19 48 11
288 7 48 10
347 251 48 10
331 386 48 19
377 16 48 3
89 90 48 18
166 184 48 20
157 276 48 10
261 138 48 7
395 125 48 3
62 228 48 3
421 78 48 18
221 424 48 9
179 317 48 1
429 256 48 4
445 345 48 13
387 63 48 15
103 230 48 7
201 53 48 15
98 447 48 3
329 71 48 20
131 54 48 13
386 275 48 6
445 16 48 7
5 444 48 15
27 4 48 17
148 400 48 9
15 66 48 19
167 266 48 13
10 373 48 19
423 254 48 8
180 384 48 4
13 323 48 7
280 330 48 7
416 345 48 2
350 381 48 16
202 82 48 20
116 106 48 11
279 273 48 10
37 282 48 20
262 267 48 18
101 9 48 12
3 22 48 10
179 311 48 20
390 279 48 3
150 191 48 6
371 392 48 16
98 70 48 15
336 348 48 6
403 395 48 7
395 209 48 9
203 319 48 6
395 321 48 20
15 62 48 8
432 14 48 8
298 164 48 19
98 87 48 12
436 194 48 13
433 93 48 6
254 58 48 17
367 5 48 12
309 217 48 13
259 165 48 1
241 179 48 16
85 173 48 14
218 24 48 15
94 121 48 18
371 110 48 4
281 95 48 10
102 358 48 10
316 277 48 3
292 148 48 6
150 407 48 15
338 210 48 7
150 304 48 12
413 74 48 6
402 177 48 6
41 111 48 6
320 391 48 9
254 45 48 16
245 361 48 19
250 215 48 12
24 374 48 6
410 274 48 4
90 424 48 14
399 399 48 14
275 354 48 12
291 404 48 14
416 286 48 8
198 102 48 17
337 346 48 4
316 158 48 20
443 181 48 3
91 143 48 19
396 242 48 9
100 194 48 14
344 31 48 11
318 321 48 18
402 299 48 10
440 49 48 8
75 395 48 13
80 274 48 7
309 279 48 7
18 369 48 1
11 317 48 13
426 426 48 16
346 323 48 15
182 203 48 19
431 158 48 1
71 150 48 13
259 234 48 11
345 313 48 12
141 174 48 12
128 202 48 12
267 212 48 13
210 190 48 14
347 99 48 14
66 290 48 4
126 284 48 8
36 354 48 2
442 166 48 18
368 63 48 3
120 214 48 12
150 351 48 16
111 180 48 17
389 389 48 12
199 288 48 13
350 364 48 14
247 52 48 1
311 87 48 15
87 91 48 6
96 11 48 2
427 140 48 6
48 289 48 4
306 400 48 16
349 351 48 19
134 112 48 15
27 15 48 12
209 271 48 8
238 145 48 16
163 231 48 19
273 337 48 1
445 326 48 11
384 373 48 2
245 242 48 8
276 143 48 9
268 286 48 4
100 312 48 1
316 73 48 7
125 310 48 10
21 35 48 3
18 307 48 2
25 315 48 1
171 251 48 13
169 58 48 12
119 343 48 19
430 163 48 13
405 273 48 10
404 141 48 19
216 275 48 18
183 296 48 19
390 323 48 9
49 347 48 20
33 80 48 10
400 249 48 2
124 367 48 5
447 359 48 7
161 316 48 12
186 272 48 3
294 51 48 20
264 243 48 17
288 185 48 5
172 243 48 20
380 285 48 16
391 248 48 7
23 371 48 16
434 381 48 6
123 94 48 2
95 280 48 2
206 126 48 14
145 399 48 11
389 249 48 7
61 431 48 15
89 363 48 4
197 317 48 17
105 339 48 17
390 335 48 3
140 20 48 11
205 114 48 17
104 330 48 12
64 27 48 13
265 416 48 14
204 29 48 20
404 128 48 2
432 324 48 20
270 428 48 8
32 371 48 10
183 63 48 20
428 277 48 15
68 390 48 16
300 6 48 14
26 271 48 10
21 37 48 4
435 440 48 2
318 435 48 16
80 257 48 4
190 288 48 6
187 34 48 7
204 24 48 20
354 102 48 15
376 401 48 8
434 437 48 19
14 10 48 10
79 444 48 4
271 325 48 3
339 414 48 7
397 157 48 2
389 343 48 1
442 109 48 6
335 25 48 14
180 400 48 16
30 387 48 7
161 400 48 17
327 41 48 17
59 311 48 1
225 202 48 20
201 161 48 12
27 102 48 14
343 107 48 19
235 441 48 19
229 183 48 11
166 212 48 11
112 372 48 17
57 262 48 4
445 330 48 13
274 108 48 11
69 318 48 13
30 344 48 14
333 249 48 3
308 36 48 20
308 264 48 11
270 439 48 19
181 103 48 20
44 159 48 10
404 167 48 16
180 3 48 13
167 81 48 15
314 110 48 15
126 442 48 5
34 313 48 19
402 183 48 5
58 15 48 8
383 195 48 16
185 248 48 3
258 204 48 20
213 393 48 16
276 112 48 6
218 425 48 17
57 104 48 6
153 147 48 20
295 112 48 9
254 179 48 7
214 114 48 20
276 298 48 20
60 108 48 18
10 331 48 18
419 159 48 2
14 376 48 3
175 442 48 17
331 158 48 6
