2000 285
146 406 84 1
252 41 84 8
220 251 84 19
157 338 84 4
370 383 84 14
271 191 84 19
414 75 84 8
186 331 84 11
260 170 84 17
232 438 84 18
336 137 84 20
207 398 84 19
319 180 84 10
264 346 84 15
137 268 84 2
436 92 84 16
118 58 84 6
158 243 84 17
133 65 84 18
286 296 84 7
362 194 84 20
416 410 84 20
63 281 84 18
408 107 84 2
207 254 84 16
388 242 84 8
322 359 84 14
321 80 84 20
223 212 84 13
294 51 84 17
345 422 84 13
106 400 84 11
273 15 84 20
163 433 84 8
409 192 84 20
18 142 84 1
175 16 84 20
389 346 84 14
418 121 84 17
55 414 84 12
445 322 84 9
144 437 84 7
252 262 84 8
204 435 84 10
263 396 84 19
137 413 84 4
243 150 84 5
271 101 84 14
387 71 84 13
268 136 84 17
209 143 84 6
144 296 84 19
21 100 84 20
380 304 84 13
266 129 84 12
364 265 84 4
155 71 84 8
409 351 84 5
125 290 84 18
408 121 84 20
230 339 84 15
374 36 84 11
69 66 84 15
36 445 84 1
427 274 84 17
329 190 84 2
206 344 84 17
242 316 84 13
368 440 84 16
138 410 84 1
52 192 84 7
99 128 84 7
13 197 84 15
17 242 84 1
344 232 84 4
352 113 84 14
198 329 84 19
103 123 84 10
369 54 84 5
40 201 84 4
278 252 84 15
417 360 84 9
145 373 84 11
385 399 84 12
195 296 84 17
269 210 84 9
94 407 84 2
263 73 84 11
310 441 84 17
349 43 84 5
360 320 84 19
116 289 84 20
446 433 84 4
88 380 84 13
428 128 84 10
96 406 84 19
343 52 84 7
24 325 84 17
284 187 84 6
151 99 84 9
227 11 84 18
108 126 84 7
349 134 84 8
77 221 84 13
214 212 84 4
199 307 84 4
404 212 84 19
121 235 84 18
367 71 84 2
169 231 84 4
13 11 84 11
176 118 84 16
190 29 84 9
190 116 84 10
143 329 84 12
222 81 84 3
260 37 84 11
349 167 84 9
325 96 84 8
50 274 84 3
321 286 84 4
155 24 84 17
134 213 84 20
237 413 84 2
134 108 84 11
231 329 84 19
208 141 84 5
385 52 84 7
360 386 84 13
425 436 84 8
263 309 84 12
132 26 84 14
118 159 84 12
142 406 84 2
282 92 84 20
313 332 84 6
434 92 84 6
154 40 84 20
40 399 84 3
41 376 84 2
305 201 84 8
407 332 84 7
95 12 84 11
5 154 84 3
328 445 84 9
310 320 84 4
174 306 84 4
199 22 84 6
275 71 84 11
299 111 84 6
312 415 84 13
195 384 84 1
104 31 84 12
181 45 84 19
216 372 84 7
352 235 84 14
372 418 84 10
37 169 84 3
188 6 84 19
310 305 84 2
360 169 84 15
164 373 84 13
319 39 84 1
28 219 84 11
348 444 84 15
217 348 84 6
406 283 84 17
15 319 84 4
93 70 84 20
240 379 84 18
51 292 84 8
275 18 84 9
436 336 84 1
199 373 84 4
444 273 84 10
177 43 84 9
143 1 84 6
90 25 84 16
206 117 84 3
327 357 84 17
305 407 84 4
14 244 84 8
105 242 84 17
225 441 84 19
137 447 84 7
45 186 84 13
300 339 84 18
401 428 84 4
383 186 84 4
444 65 84 2
436 369 84 15
283 392 84 2
156 50 84 6
375 284 84 5
72 420 84 13
51 27 84 7
73 337 84 10
104 300 84 10
160 235 84 1
343 231 84 8
434 229 84 2
38 64 84 8
342 230 84 9
3 167 84 1
95 238 84 17
196 288 84 16
35 360 84 20
213 27 84 6
381 186 84 1
287 81 84 7
258 68 84 1
161 115 84 17
8 19 84 12
361 21 84 6
103 125 84 17
275 330 84 12
37 365 84 2
124 140 84 6
74 83 84 7
257 369 84 11
234 180 84 9
439 340 84 15
270 357 84 6
341 270 84 16
130 382 84 8
167 210 84 20
44 246 84 17
290 379 84 9
126 5 84 5
137 262 84 17
248 58 84 5
427 49 84 10
282 328 84 11
156 231 84 4
60 361 84 14
98 80 84 16
19 133 84 6
304 432 84 3
301 110 84 18
370 256 84 18
371 57 84 10
113 46 84 6
205 327 84 10
205 45 84 11
28 114 84 1
242 212 84 17
228 230 84 6
12 97 84 5
184 397 84 13
371 330 84 6
372 263 84 8
430 375 84 15
99 132 84 14
106 337 84 1
353 374 84 13
66 178 84 8
315 405 84 5
249 426 84 13
167 172 84 20
205 96 84 9
42 20 84 1
401 13 84 20
349 121 84 1
186 226 84 9
67 131 84 4
62 206 84 7
268 73 84 5
277 321 84 7
381 51 84 3
445 255 84 3
401 306 84 4
162 260 84 18
308 171 84 6
138 356 84 11
314 422 84 5
416 47 84 10
248 314 84 8
47 153 84 18
271 97 84 15
219 94 84 3
273 58 84 17
346 219 84 7
431 89 84 16
189 236 84 1
183 102 84 2
318 80 84 4
211 337 84 6
176 383 84 11
25 216 84 5
361 445 84 7
78 270 84 4
90 178 84 8
371 161 84 20
385 349 84 2
307 95 84 20
213 412 84 11
166 185 84 19
442 360 84 10
433 385 84 20
64 308 84 14
255 385 84 11
46 37 84 10
65 417 84 8
183 354 84 18
90 223 84 3
108 436 84 11
205 164 84 19
202 168 84 15
135 163 84 19
283 226 84 5
438 43 84 5
425 88 84 9
142 163 84 1
19 355 84 6
264 7 84 18
147 114 84 17
3 329 84 7
54 83 84 13
17 217 84 5
364 62 84 1
134 62 84 5
299 49 84 2
54 200 84 2
235 218 84 12
312 45 84 7
175 191 84 16
36 203 84 11
70 256 84 18
271 272 84 9
198 198 84 5
350 342 84 17
97 203 84 9
389 256 84 8
406 43 84 15
321 365 84 6
252 102 84 4
306 148 84 3
242 217 84 11
270 51 84 12
77 248 84 6
393 160 84 20
344 256 84 6
343 208 84 6
94 166 84 18
73 49 84 9
96 300 84 12
319 159 84 10
308 410 84 13
105 232 84 2
193 308 84 5
32 264 84 10
212 160 84 14
148 55 84 17
359 158 84 4
165 241 84 16
346 346 84 9
181 228 84 4
173 88 84 11
381 202 84 15
203 394 84 1
281 436 84 20
62 200 84 13
118 357 84 4
371 268 84 16
352 433 84 20
382 331 84 13
275 74 84 9
335 256 84 3
358 189 84 13
174 401 84 14
298 235 84 12
248 306 84 18
357 423 84 4
83 356 84 1
414 270 84 13
100 205 84 1
122 42 84 16
381 376 84 11
280 296 84 18
390 23 84 12
10 330 84 16
64 131 84 12
318 40 84 13
45 133 84 15
39 99 84 13
28 198 84 3
357 330 84 13
322 263 84 11
95 106 84 6
66 58 84 14
438 67 84 7
170 131 84 11
207 11 84 2
229 55 84 4
169 93 84 4
369 130 84 2
335 49 84 9
353 370 84 17
309 17 84 9
113 83 84 17
407 83 84 17
136 253 84 2
5 22 84 9
360 251 84 4
411 419 84 17
112 350 84 18
31 248 84 1
269 153 84 11
343 24 84 8
84 146 84 4
330 105 84 18
196 240 84 10
211 254 84 19
237 167 84 8
318 140 84 19
54 261 84 2
376 292 84 14
290 123 84 12
147 18 84 6
10 112 84 5
422 441 84 20
22 199 84 19
322 410 84 14
196 199 84 17
330 69 84 12
445 132 84 14
16 61 84 17
281 360 84 17
271 59 84 13
284 78 84 15
443 52 84 3
259 74 84 20
334 405 84 1
216 153 84 18
264 45 84 1
14 52 84 8
25 68 84 19
326 358 84 2
313 192 84 13
328 28 84 5
6 23 84 7
125 291 84 3
443 178 84 7
285 403 84 17
326 230 84 20
9 243 84 14
260 277 84 13
144 166 84 18
377 41 84 3
242 368 84 13
175 374 84 6
169 51 84 7
246 56 84 8
280 341 84 6
19 229 84 16
259 237 84 1
103 59 84 8
35 202 84 20
314 142 84 17
347 383 84 13
407 110 84 5
43 288 84 11
417 86 84 16
83 375 84 19
152 393 84 1
3 214 84 20
97 327 84 5
40 361 84 16
138 237 84 17
286 136 84 16
345 105 84 3
340 158 84 2
396 127 84 17
50 219 84 4
54 371 84 1
296 373 84 17
318 32 84 19
409 71 84 15
254 218 84 6
240 57 84 6
161 411 84 20
212 314 84 20
104 262 84 5
91 321 84 2
5 384 84 1
312 232 84 17
396 103 84 1
358 74 84 10
244 327 84 17
355 119 84 16
175 289 84 3
99 54 84 13
180 157 84 13
397 257 84 2
395 261 84 2
317 136 84 9
174 84 84 7
72 4 84 20
51 247 84 7
248 165 84 20
63 339 84 11
289 437 84 9
381 179 84 16
297 128 84 8
86 85 84 8
258 401 84 9
215 137 84 19
293 219 84 5
435 269 84 4
18 79 84 11
177 142 84 3
187 440 84 11
250 374 84 2
32 223 84 12
70 309 84 3
378 129 84 6
375 343 84 7
7 189 84 17
100 186 84 17
440 213 84 13
59 399 84 3
17 138 84 1
420 387 84 8
98 428 84 16
369 60 84 1
268 438 84 12
141 365 84 11
140 371 84 3
367 34 84 20
415 36 84 16
105 94 84 16
393 120 84 8
227 93 84 14
443 200 84 15
445 121 84 12
318 399 84 3
320 92 84 5
227 241 84 20
322 160 84 13
165 137 84 19
230 242 84 1
237 197 84 12
392 433 84 4
39 439 84 18
123 436 84 10
257 317 84 1
391 199 84 5
5 425 84 12
437 309 84 10
17 36 84 3
80 265 84 8
236 65 84 19
84 9 84 3
25 57 84 1
164 179 84 20
444 446 84 11
228 399 84 6
103 404 84 19
228 403 84 12
75 419 84 12
59 51 84 18
283 296 84 6
277 380 84 3
247 404 84 2
217 130 84 2
186 127 84 1
24 354 84 5
70 20 84 15
93 257 84 6
434 342 84 7
373 400 84 19
130 245 84 8
417 75 84 20
266 331 84 3
170 100 84 2
263 296 84 11
364 319 84 18
427 399 84 18
445 44 84 14
419 41 84 16
364 413 84 18
369 105 84 20
223 75 84 11
19 340 84 2
218 72 84 17
110 345 84 16
137 271 84 1
71 250 84 16
44 248 84 11
274 219 84 6
397 145 84 16
36 66 84 5
366 299 84 4
323 327 84 11
173 98 84 4
132 217 84 19
387 353 84 20
76 434 84 5
153 30 84 15
293 303 84 8
17 263 84 14
173 308 84 7
423 226 84 11
311 111 84 13
100 283 84 6
408 424 84 12
176 363 84 5
215 438 84 11
56 153 84 11
144 446 84 13
13 25 84 10
26 197 84 7
114 182 84 7
54 55 84 8
330 155 84 15
266 125 84 5
418 301 84 16
28 68 84 10
82 123 84 12
165 276 84 14
113 288 84 1
324 313 84 12
404 436 84 12
263 42 84 11
241 381 84 5
55 199 84 5
302 179 84 12
17 207 84 6
190 298 84 19
69 15 84 1
402 137 84 15
323 23 84 18
439 427 84 16
310 252 84 13
226 45 84 11
305 99 84 5
72 410 84 20
139 427 84 2
283 169 84 1
112 247 84 19
216 202 84 9
170 77 84 11
446 78 84 5
254 388 84 5
123 166 84 11
372 33 84 8
383 105 84 2
126 253 84 19
74 89 84 8
330 210 84 2
162 426 84 13
131 158 84 6
113 157 84 20
83 410 84 19
315 85 84 5
134 19 84 3
71 402 84 4
408 80 84 3
297 163 84 6
355 55 84 11
222 217 84 9
280 347 84 14
434 22 84 16
208 115 84 2
380 429 84 4
269 125 84 13
201 195 84 16
247 166 84 1
99 25 84 5
38 379 84 18
197 163 84 1
334 442 84 2
182 438 84 5
195 199 84 1
171 131 84 7
250 409 84 17
338 173 84 6
390 419 84 8
84 70 84 1
388 118 84 3
309 314 84 17
446 211 84 5
55 402 84 14
133 149 84 14
325 329 84 12
61 132 84 8
378 32 84 1
443 432 84 18
245 68 84 20
62 18 84 14
278 326 84 14
209 334 84 7
134 389 84 15
60 84 84 17
184 419 84 4
1 42 84 2
227 420 84 11
187 425 84 19
119 222 84 18
131 294 84 19
269 134 84 13
274 342 84 2
52 38 84 17
241 98 84 2
132 291 84 8
351 292 84 5
274 81 84 6
218 267 84 12
157 396 84 19
163 79 84 6
196 347 84 12
108 184 84 9
354 245 84 17
103 39 84 18
383 170 84 5
197 73 84 12
53 356 84 7
337 126 84 10
152 292 84 19
198 17 84 13
100 213 84 10
135 320 84 10
74 226 84 11
50 339 84 20
144 284 84 9
71 34 84 5
309 96 84 9
190 442 84 4
337 156 84 7
433 353 84 9
169 15 84 7
252 159 84 17
81 242 84 10
155 292 84 1
266 435 84 3
100 68 84 16
25 386 84 4
296 128 84 13
255 17 84 5
58 12 84 20
335 181 84 13
377 442 84 5
292 86 84 6
5 250 84 14
46 68 84 6
380 177 84 18
311 202 84 1
336 50 84 5
366 314 84 16
105 381 84 7
206 269 84 8
321 198 84 4
158 52 84 3
237 56 84 16
169 111 84 2
99 54 84 15
95 364 84 14
40 262 84 12
111 191 84 12
209 295 84 8
319 63 84 1
171 393 84 1
28 104 84 3
417 350 84 6
161 71 84 4
430 169 84 9
428 274 84 8
190 313 84 9
11 433 84 11
145 195 84 3
212 76 84 4
111 246 84 18
217 284 84 2
374 253 84 1
150 424 84 13
37 406 84 2
433 396 84 7
289 138 84 12
426 148 84 10
296 292 84 19
23 66 84 6
269 176 84 6
3 402 84 11
298 329 84 19
57 41 84 4
344 77 84 12
353 63 84 5
197 361 84 20
364 349 84 8
69 197 84 20
415 229 84 3
399 50 84 3
191 62 84 18
277 369 84 4
168 436 84 6
35 332 84 18
317 237 84 10
110 444 84 9
50 360 84 7
137 428 84 14
78 405 84 20
94 366 84 12
296 109 84 8
443 385 84 16
43 115 84 2
121 149 84 18
286 28 84 16
75 147 84 16
235 196 84 17
295 342 84 4
115 429 84 3
162 76 84 3
259 371 84 18
427 376 84 9
79 419 84 16
157 102 84 20
129 397 84 18
337 35 84 20
105 269 84 11
241 126 84 4
368 240 84 12
441 402 84 8
6 223 84 14
126 202 84 1
193 280 84 11
375 446 84 9
259 127 84 6
190 27 84 2
257 141 84 2
93 391 84 20
261 311 84 7
420 315 84 17
207 320 84 10
384 445 84 5
43 190 84 5
130 118 84 9
329 386 84 20
30 128 84 15
212 394 84 13
215 40 84 19
363 310 84 7
294 292 84 13
189 51 84 19
306 444 84 14
187 40 84 3
358 169 84 4
90 60 84 5
395 89 84 7
290 300 84 9
324 77 84 2
302 440 84 9
144 286 84 5
299 38 84 17
337 353 84 19
371 103 84 2
158 23 84 4
62 112 84 7
361 69 84 6
350 358 84 4
286 235 84 12
270 89 84 3
127 242 84 11
264 104 84 11
25 3 84 16
229 373 84 19
25 94 84 4
9 165 84 3
43 79 84 4
166 438 84 4
151 276 84 5
212 109 84 5
266 235 84 9
168 61 84 3
117 85 84 17
418 313 84 5
385 347 84 20
383 356 84 13
56 398 84 13
244 126 84 6
342 286 84 11
238 61 84 19
232 326 84 10
30 56 84 1
379 172 84 19
282 152 84 12
121 99 84 15
53 45 84 9
160 100 84 4
344 343 84 4
82 247 84 14
96 47 84 8
227 288 84 9
136 318 84 7
115 249 84 12
178 93 84 11
117 214 84 12
403 276 84 13
149 435 84 5
313 342 84 11
156 423 84 18
294 81 84 4
45 308 84 7
121 6 84 9
262 120 84 16
147 307 84 17
183 424 84 3
328 379 84 17
70 90 84 13
368 403 84 14
124 111 84 17
127 404 84 14
176 11 84 10
65 131 84 11
282 402 84 13
309 101 84 18
429 283 84 18
315 174 84 19
40 243 84 18
199 174 84 9
242 297 84 8
280 423 84 8
399 161 84 8
388 226 84 8
382 70 84 2
58 378 84 5
31 360 84 15
436 237 84 16
336 286 84 12
315 37 84 14
259 288 84 4
313 121 84 5
333 82 84 6
363 23 84 7
96 414 84 16
220 25 84 13
17 65 84 1
106 53 84 14
369 398 84 10
427 265 84 11
221 86 84 4
301 398 84 4
377 293 84 8
167 218 84 2
181 313 84 12
275 95 84 5
309 111 84 3
255 227 84 15
447 148 84 1
41 137 84 8
109 357 84 6
17 220 84 12
55 150 84 3
174 326 84 16
326 59 84 20
444 343 84 6
149 204 84 12
355 21 84 3
176 31 84 3
405 71 84 7
5 179 84 20
137 205 84 13
239 259 84 3
177 443 84 19
333 331 84 8
364 337 84 16
42 38 84 17
288 402 84 9
313 130 84 19
38 88 84 16
356 102 84 1
136 248 84 7
136 39 84 19
294 216 84 6
331 111 84 1
436 37 84 3
436 78 84 20
213 366 84 2
1 241 84 16
275 279 84 1
173 197 84 5
250 343 84 17
94 41 84 4
206 344 84 13
324 237 84 19
324 225 84 1
224 224 84 9
170 436 84 13
61 446 84 15
101 274 84 10
228 446 84 16
19 258 84 19
57 361 84 16
143 130 84 17
8 6 84 18
429 329 84 20
3 115 84 16
111 285 84 10
137 355 84 1
413 8 84 17
74 245 84 9
388 263 84 16
160 329 84 6
419 24 84 20
137 41 84 16
102 33 84 2
292 35 84 14
257 155 84 14
231 291 84 12
204 256 84 15
12 339 84 15
266 289 84 8
351 1 84 18
339 429 84 12
19 129 84 16
151 230 84 15
174 74 84 14
322 341 84 1
307 124 84 20
209 337 84 13
108 349 84 7
261 177 84 11
239 80 84 9
98 428 84 2
428 446 84 4
361 159 84 8
336 343 84 8
345 217 84 1
61 87 84 16
77 295 84 12
358 413 84 11
94 236 84 9
109 28 84 12
134 125 84 19
150 115 84 19
295 38 84 9
232 373 84 17
242 270 84 20
156 340 84 20
203 416 84 20
149 337 84 17
444 430 84 13
21 91 84 20
134 234 84 3
228 384 84 8
331 241 84 8
145 25 84 19
301 276 84 12
236 431 84 1
268 196 84 11
137 355 84 1
428 351 84 13
70 381 84 3
187 77 84 17
438 305 84 18
356 188 84 9
322 332 84 9
224 195 84 18
395 440 84 15
11 260 84 17
53 406 84 14
431 396 84 9
355 19 84 18
379 215 84 16
189 205 84 14
393 123 84 18
389 8 84 20
420 231 84 16
279 178 84 14
121 198 84 16
179 251 84 11
134 244 84 5
12 151 84 4
260 92 84 15
148 291 84 4
339 246 84 7
281 197 84 6
116 169 84 16
156 447 84 4
188 131 84 10
32 309 84 13
292 6 84 9
54 17 84 17
280 277 84 13
284 434 84 4
44 335 84 8
384 168 84 13
284 294 84 1
424 2 84 15
304 189 84 15
382 230 84 9
272 75 84 17
406 128 84 19
254 417 84 5
203 253 84 10
442 307 84 20
22 243 84 3
255 80 84 20
210 66 84 10
175 370 84 6
269 314 84 4
225 138 84 17
186 107 84 10
174 370 84 6
437 135 84 5
240 129 84 17
387 160 84 20
254 424 84 12
425 197 84 20
159 371 84 14
82 202 84 20
244 437 84 6
43 185 84 17
416 358 84 17
311 348 84 18
22 150 84 15
39 89 84 19
309 342 84 11
220 329 84 2
197 41 84 19
106 132 84 16
328 385 84 14
251 427 84 9
279 395 84 18
250 268 84 19
344 290 84 9
130 338 84 19
74 209 84 4
442 429 84 2
112 178 84 8
172 284 84 7
424 174 84 2
227 424 84 13
205 256 84 5
104 68 84 8
349 411 84 5
297 93 84 20
342 177 84 10
282 181 84 1
114 293 84 16
442 27 84 9
8 3 84 19
414 230 84 2
353 444 84 8
248 110 84 13
401 12 84 7
416 318 84 3
322 212 84 1
436 47 84 3
94 170 84 9
376 164 84 17
58 171 84 16
370 148 84 6
211 53 84 11
308 300 84 18
34 264 84 16
171 242 84 2
411 116 84 18
389 104 84 16
91 197 84 9
105 136 84 17
136 203 84 17
179 125 84 4
14 335 84 6
302 205 84 4
243 249 84 4
215 419 84 10
57 392 84 15
111 344 84 18
220 434 84 1
62 102 84 18
57 237 84 10
242 425 84 15
128 1 84 18
75 302 84 16
332 108 84 4
405 322 84 8
283 389 84 12
276 52 84 15
372 281 84 11
238 342 84 1
229 408 84 17
422 203 84 10
302 340 84 5
70 414 84 1
52 299 84 10
282 266 84 15
46 111 84 10
202 386 84 4
264 321 84 1
323 111 84 20
35 340 84 11
441 324 84 1
386 179 84 2
332 258 84 11
142 319 84 16
59 153 84 20
307 208 84 11
60 420 84 9
310 246 84 18
404 121 84 2
383 166 84 7
332 169 84 2
46 107 84 4
89 1 84 11
108 142 84 18
436 200 84 12
135 70 84 20
401 139 84 18
159 11 84 8
247 415 84 3
446 360 84 13
99 254 84 18
86 299 84 20
251 387 84 10
246 57 84 2
102 45 84 15
130 189 84 5
356 153 84 1
126 311 84 19
132 121 84 10
269 129 84 2
133 237 84 9
156 323 84 11
305 136 84 1
444 382 84 9
288 36 84 16
342 176 84 19
17 94 84 10
288 219 84 9
122 351 84 12
370 182 84 13
83 314 84 10
59 32 84 1
333 336 84 13
99 343 84 15
378 183 84 16
265 87 84 8
341 104 84 2
131 401 84 8
232 75 84 8
16 7 84 9
375 99 84 3
77 157 84 1
100 42 84 12
269 150 84 15
372 80 84 15
74 355 84 5
397 248 84 3
367 388 84 1
108 173 84 17
199 188 84 20
34 126 84 15
182 202 84 6
362 311 84 19
431 133 84 14
404 67 84 20
123 140 84 3
366 90 84 14
284 9 84 2
166 116 84 16
121 324 84 11
83 367 84 10
162 101 84 19
388 26 84 14
227 9 84 16
216 422 84 11
294 98 84 5
289 26 84 11
84 309 84 18
266 37 84 17
184 158 84 3
299 250 84 20
92 411 84 7
96 361 84 11
410 141 84 8
420 366 84 8
49 222 84 18
274 63 84 10
142 146 84 11
27 421 84 20
28 157 84 15
361 18 84 7
167 119 84 11
83 214 84 15
24 187 84 15
430 169 84 20
363 227 84 5
394 53 84 4
2 204 84 2
376 231 84 9
340 258 84 3
23 181 84 16
393 357 84 7
289 439 84 16
98 25 84 19
58 17 84 8
382 380 84 5
44 326 84 6
204 337 84 11
73 276 84 20
372 168 84 18
380 190 84 19
406 145 84 16
114 443 84 5
35 104 84 18
142 161 84 20
427 105 84 12
34 148 84 3
160 362 84 3
33 444 84 9
156 368 84 13
89 310 84 17
203 279 84 5
236 392 84 5
270 426 84 1
329 130 84 11
415 109 84 15
432 152 84 16
338 311 84 11
133 354 84 9
203 62 84 2
3 161 84 1
2 373 84 4
156 161 84 14
306 440 84 2
111 322 84 14
97 299 84 1
187 283 84 15
444 173 84 5
169 305 84 2
336 70 84 5
444 72 84 10
414 84 84 8
215 239 84 6
407 97 84 8
140 218 84 4
12 324 84 13
439 73 84 19
133 69 84 7
147 237 84 17
68 136 84 11
60 132 84 7
222 108 84 16
299 322 84 14
99 291 84 3
348 430 84 18
25 4 84 18
9 5 84 1
276 137 84 18
269 283 84 5
129 360 84 17
58 419 84 20
69 193 84 14
163 54 84 14
49 162 84 1
41 63 84 8
260 97 84 8
345 105 84 5
75 381 84 9
310 212 84 20
345 350 84 1
78 407 84 10
399 39 84 14
380 201 84 18
235 249 84 17
390 299 84 9
80 111 84 10
230 18 84 4
384 92 84 10
237 402 84 14
383 309 84 8
441 397 84 7
33 358 84 12
275 291 84 10
124 88 84 12
134 31 84 14
216 120 84 7
394 350 84 14
229 296 84 9
18 86 84 20
17 31 84 11
366 24 84 11
237 66 84 19
136 341 84 19
245 17 84 8
166 160 84 15
386 375 84 7
269 331 84 14
179 122 84 8
171 139 84 2
137 156 84 7
412 84 84 11
198 320 84 16
342 8 84 6
339 262 84 11
434 438 84 15
111 386 84 10
365 217 84 5
74 395 84 15
89 119 84 11
198 255 84 9
348 229 84 5
73 437 84 17
311 331 84 8
442 233 84 7
162 219 84 18
31 339 84 14
294 257 84 13
430 340 84 9
251 438 84 1
210 199 84 8
334 99 84 2
84 171 84 4
163 35 84 12
259 39 84 17
169 201 84 6
80 241 84 14
385 98 84 10
13 90 84 7
25 340 84 14
175 112 84 7
132 445 84 9
328 81 84 14
66 253 84 14
135 64 84 10
8 233 84 19
100 322 84 15
93 269 84 4
352 281 84 6
56 315 84 6
208 42 84 12
121 184 84 6
122 64 84 18
304 130 84 2
82 274 84 19
346 281 84 6
373 390 84 9
204 45 84 17
131 396 84 20
158 15 84 8
78 222 84 15
109 343 84 15
137 27 84 13
256 340 84 1
181 432 84 6
179 330 84 1
409 266 84 6
76 32 84 4
11 172 84 14
227 330 84 16
321 407 84 15
19 78 84 16
337 214 84 19
281 33 84 7
365 213 84 16
274 391 84 15
27 362 84 3
170 437 84 6
357 447 84 8
55 237 84 1
215 110 84 7
159 128 84 5
8 27 84 12
330 317 84 14
98 234 84 4
307 61 84 8
409 97 84 7
338 266 84 5
299 185 84 11
441 250 84 15
28 27 84 17
31 185 84 11
111 192 84 11
404 74 84 1
293 182 84 15
393 51 84 5
447 12 84 3
414 360 84 8
371 211 84 9
337 214 84 17
82 251 84 15
393 291 84 9
394 401 84 18
431 367 84 17
337 212 84 7
30 168 84 3
240 167 84 1
110 133 84 14
245 66 84 8
127 402 84 14
259 46 84 20
416 438 84 8
321 394 84 18
416 387 84 5
148 277 84 16
61 316 84 1
35 119 84 12
30 228 84 3
394 35 84 20
74 161 84 15
414 429 84 12
120 398 84 17
116 281 84 2
75 249 84 15
400 397 84 10
43 20 84 5
310 64 84 19
296 103 84 7
435 49 84 20
192 122 84 2
350 98 84 7
107 217 84 12
322 342 84 2
36 416 84 14
136 369 84 13
76 421 84 1
331 284 84 15
267 142 84 1
430 129 84 6
180 320 84 15
100 233 84 7
2 349 84 7
311 223 84 8
6 268 84 1
397 414 84 13
299 42 84 7
221 382 84 16
217 211 84 15
325 193 84 13
34 372 84 3
312 24 84 18
251 26 84 1
406 336 84 2
8 342 84 8
36 301 84 7
432 152 84 20
365 383 84 11
133 162 84 18
43 49 84 19
92 82 84 5
23 404 84 6
196 207 84 11
270 165 84 11
120 182 84 20
238 228 84 11
331 222 84 1
19 139 84 9
107 272 84 2
396 314 84 20
439 415 84 12
417 447 84 1
408 195 84 5
444 18 84 2
368 147 84 20
197 394 84 18
335 278 84 20
188 306 84 6
433 412 84 18
392 370 84 14
409 372 84 8
61 341 84 20
125 311 84 17
386 307 84 14
373 227 84 20
105 433 84 16
74 331 84 19
265 71 84 17
147 57 84 4
310 11 84 7
349 430 84 7
356 43 84 1
373 177 84 2
147 115 84 12
395 51 84 13
342 165 84 6
236 239 84 20
407 56 84 19
446 212 84 12
3 84 84 20
376 432 84 17
236 351 84 11
436 286 84 14
52 432 84 12
431 389 84 9
142 283 84 20
296 72 84 7
343 41 84 17
14 40 84 11
207 52 84 14
411 427 84 12
150 225 84 15
388 223 84 19
356 274 84 12
1 257 84 11
143 408 84 7
12 267 84 16
120 162 84 16
292 185 84 6
229 392 84 18
258 355 84 10
272 58 84 20
189 8 84 16
391 373 84 11
130 373 84 16
267 78 84 3
250 90 84 10
303 219 84 8
407 63 84 2
113 301 84 17
317 112 84 16
63 383 84 2
33 125 84 5
235 68 84 12
263 208 84 4
110 37 84 19
375 296 84 19
11 152 84 19
256 121 84 7
239 234 84 19
175 113 84 3
19 176 84 6
377 218 84 19
306 6 84 4
160 268 84 11
386 388 84 10
243 325 84 13
209 335 84 14
383 144 84 8
183 392 84 5
283 129 84 2
57 158 84 11
213 97 84 19
47 402 84 14
415 114 84 18
96 53 84 5
270 305 84 18
293 77 84 18
20 12 84 5
325 204 84 20
425 49 84 20
191 105 84 11
132 318 84 6
291 364 84 7
7 341 84 19
11 436 84 15
402 258 84 5
223 104 84 6
389 133 84 8
260 20 84 19
76 445 84 7
30 188 84 16
141 320 84 2
348 173 84 12
73 189 84 1
369 200 84 19
269 164 84 19
37 387 84 14
328 338 84 9
194 160 84 10
273 235 84 15
400 274 84 9
175 424 84 9
287 335 84 14
315 407 84 9
236 328 84 4
155 150 84 11
332 196 84 18
184 87 84 3
169 280 84 14
174 115 84 12
175 67 84 6
384 252 84 8
18 91 84 14
271 406 84 2
276 194 84 12
42 349 84 17
409 243 84 1
288 426 84 2
57 148 84 7
433 331 84 14
149 68 84 14
158 5 84 9
144 22 84 12
7 303 84 7
297 141 84 2
20 182 84 14
349 144 84 18
426 441 84 15
153 51 84 2
158 36 84 4
288 184 84 12
37 351 84 5
47 48 84 11
137 64 84 8
206 360 84 12
21 389 84 19
194 290 84 10
162 279 84 2
118 431 84 10
232 151 84 19
228 1 84 12
302 37 84 7
370 83 84 18
23 230 84 14
424 435 84 14
82 18 84 11
368 211 84 3
360 382 84 17
345 62 84 19
371 303 84 15
441 94 84 20
258 395 84 17
425 318 84 16
202 350 84 7
42 336 84 1
252 417 84 7
404 347 84 2
398 259 84 11
233 157 84 12
51 90 84 16
39 93 84 17
18 350 84 18
44 337 84 20
162 101 84 1
72 143 84 5
426 404 84 6
340 360 84 4
37 310 84 18
105 105 84 15
244 155 84 12
249 204 84 12
337 221 84 17
383 274 84 15
308 445 84 13
136 79 84 14
309 57 84 3
4 406 84 1
56 442 84 4
357 99 84 6
386 353 84 19
58 164 84 16
259 54 84 8
382 446 84 1
405 316 84 12
82 14 84 17
357 322 84 6
142 336 84 19
297 391 84 15
324 310 84 18
8 249 84 18
294 306 84 10
346 127 84 3
172 71 84 2
281 39 84 3
387 120 84 1
125 39 84 6
377 191 84 10
130 40 84 20
334 373 84 3
190 380 84 16
418 237 84 11
353 135 84 11
350 316 84 4
356 149 84 5
240 99 84 18
127 233 84 5
356 162 84 19
26 291 84 13
87 188 84 10
20 387 84 7
211 358 84 15
270 263 84 1
8 175 84 19
273 93 84 15
140 342 84 7
125 32 84 15
149 387 84 2
373 413 84 8
189 62 84 9
387 81 84 14
71 301 84 19
437 123 84 6
44 140 84 17
424 412 84 7
68 114 84 8
257 239 84 10
231 397 84 10
367 333 84 20
367 74 84 8
96 24 84 20
222 94 84 11
258 83 84 3
119 137 84 18
165 113 84 19
313 190 84 4
355 446 84 17
429 229 84 2
5 159 84 2
440 78 84 9
52 183 84 11
191 405 84 19
193 225 84 15
307 344 84 16
123 71 84 8
360 383 84 17
274 300 84 1
426 281 84 7
81 295 84 3
77 287 84 9
157 338 84 5
260 91 84 17
9 283 84 3
298 152 84 11
275 284 84 18
385 207 84 14
226 33 84 14
76 12 84 1
154 102 84 2
390 178 84 10
256 345 84 18
314 157 84 3
330 166 84 9
123 26 84 16
269 310 84 7
48 247 84 6
209 36 84 8
222 111 84 4
79 274 84 20
231 226 84 9
242 44 84 20
133 357 84 15
135 239 84 3
420 371 84 19
409 202 84 10
234 249 84 17
276 10 84 3
350 232 84 1
445 320 84 1
194 113 84 1
120 354 84 1
401 50 84 5
381 184 84 3
99 156 84 15
279 117 84 1
331 361 84 8
183 199 84 11
70 111 84 14
77 108 84 5
367 301 84 19
425 430 84 15
79 383 84 20
100 326 84 8
369 424 84 10
114 265 84 11
61 159 84 16
257 341 84 7
25 421 84 7
24 60 84 3
352 427 84 2
346 404 84 8
247 46 84 18
196 155 84 8
339 76 84 14
191 189 84 20
169 250 84 1
70 69 84 13
169 93 84 17
388 126 84 13
267 30 84 14
9 386 84 12
180 185 84 6
297 390 84 1
283 282 84 3
255 35 84 2
54 203 84 3
12 282 84 1
310 13 84 10
144 400 84 11
47 229 84 13
377 247 84 5
226 436 84 18
120 286 84 7
178 131 84 16
311 395 84 18
195 1 84 3
329 12 84 6
93 331 84 5
397 37 84 18
388 84 84 15
419 23 84 13
388 248 84 16
94 377 84 4
200 107 84 13
149 427 84 8
133 184 84 20
318 75 84 19
338 168 84 11
379 127 84 2
373 67 84 11
157 39 84 8
188 426 84 16
217 83 84 8
84 292 84 16
81 3 84 6
35 135 84 7
436 6 84 15
412 353 84 1
272 294 84 3
178 219 84 15
177 386 84 10
198 136 84 12
19 362 84 17
216 445 84 16
82 88 84 12
374 132 84 8
412 120 84 13
78 85 84 13
358 366 84 8
327 106 84 13
373 292 84 13
9 52 84 5
81 70 84 12
245 295 84 9
253 376 84 8
274 312 84 16
429 286 84 4
152 364 84 11
237 284 84 7
168 174 84 17
338 99 84 11
436 107 84 16
242 198 84 7
399 442 84 15
126 248 84 3
387 84 84 16
342 75 84 17
417 236 84 7
138 25 84 18
235 202 84 13
436 93 84 10
45 91 84 7
161 343 84 14
347 294 84 19
379 430 84 10
350 379 84 18
194 274 84 14
324 243 84 6
380 380 84 10
283 167 84 2
368 166 84 17
105 220 84 7
405 380 84 17
8 289 84 10
62 221 84 13
364 123 84 5
311 326 84 14
333 203 84 19
142 145 84 15
443 427 84 7
51 348 84 5
198 5 84 7
8 419 84 13
161 436 84 8
170 50 84 20
151 423 84 19
73 287 84 13
279 182 84 17
269 333 84 9
212 328 84 8
322 378 84 13
159 138 84 18
226 156 84 9
225 316 84 7
75 38 84 2
146 198 84 9
348 280 84 12
439 111 84 5
275 390 84 17
266 154 84 15
236 38 84 14
116 197 84 12
10 422 84 14
322 209 84 1
185 293 84 2
97 1 84 1
432 349 84 2
169 350 84 4
97 178 84 4
358 6 84 4
62 251 84 16
153 366 84 3
382 385 84 12
329 269 84 15
154 6 84 3
16 112 84 9
85 97 84 6
444 265 84 18
29 362 84 2
3 282 84 2
130 343 84 1
