300 100
94 93 36 4
19 89 36 1
99 26 36 1
94 122 36 19
117 10 36 3
161 124 36 12
83 36 36 9
21 147 36 14
130 119 36 15
1 23 36 17
115 117 36 8
15 87 36 18
141 13 36 11
38 58 36 15
141 1 36 3
112 114 36 9
78 148 36 7
138 120 36 16
103 76 36 10
8 29 36 5
88 95 36 3
39 109 36 13
79 29 36 4
145 66 36 9
110 158 36 19
85 48 36 3
135 125 36 5
173 41 36 10
11 95 36 8
92 54 36 20
147 93 36 16
146 132 36 13
10 37 36 2
11 133 36 4
21 22 36 9
31 106 36 19
107 20 36 17
109 19 36 19
57 29 36 4
81 72 36 12
85 170 36 1
11 94 36 1
170 103 36 5
11 65 36 1
42 85 36 10
134 116 36 18
148 1 36 14
65 61 36 16
22 117 36 11
151 150 36 20
161 13 36 8
42 23 36 8
54 19 36 6
102 154 36 3
14 147 36 1
120 107 36 9
159 81 36 10
168 145 36 8
71 119 36 16
78 48 36 2
157 35 36 17
11 76 36 3
6 129 36 10
56 10 36 17
123 148 36 17
101 95 36 20
21 80 36 14
18 74 36 13
75 96 36 17
27 126 36 5
129 61 36 11
22 71 36 13
62 76 36 17
73 84 36 1
65 33 36 5
155 85 36 9
130 105 36 3
13 74 36 20
166 100 36 9
42 126 36 19
139 33 36 2
50 6 36 5
36 20 36 7
54 92 36 14
82 108 36 8
36 89 36 1
132 171 36 13
38 10 36 5
17 2 36 4
44 169 36 18
148 134 36 19
14 10 36 17
75 170 36 1
164 3 36 12
162 84 36 12
97 119 36 3
163 29 36 18
65 18 36 10
39 34 36 2
113 30 36 12
91 4 36 4
149 143 36 11
117 44 36 7
152 34 36 7
58 148 36 4
71 71 36 2
124 12 36 1
2 28 36 3
14 67 36 19
27 131 36 18
36 48 36 6
130 148 36 19
60 92 36 9
64 70 36 4
118 127 36 12
159 149 36 9
97 100 36 15
63 53 36 20
171 66 36 11
140 92 36 16
89 127 36 12
167 83 36 9
166 95 36 16
36 158 36 9
112 55 36 14
66 165 36 4
90 89 36 16
77 103 36 4
92 101 36 13
125 19 36 8
163 59 36 18
27 5 36 20
39 170 36 6
141 32 36 10
92 95 36 13
122 160 36 6
127 28 36 15
10 57 36 8
118 100 36 10
70 52 36 20
113 166 36 3
110 20 36 9
94 10 36 8
171 150 36 3
12 21 36 15
80 142 36 1
92 47 36 11
143 56 36 14
172 125 36 5
32 21 36 7
83 133 36 19
145 22 36 19
37 67 36 8
99 64 36 13
145 28 36 3
112 59 36 15
17 150 36 20
75 120 36 5
16 70 36 5
57 54 36 4
100 88 36 6
136 11 36 3
143 48 36 3
159 98 36 3
56 21 36 13
20 132 36 17
78 101 36 11
133 127 36 11
119 143 36 16
7 151 36 6
41 29 36 8
82 165 36 2
96 86 36 3
128 24 36 18
50 79 36 15
125 50 36 6
85 79 36 13
146 39 36 18
154 109 36 9
135 67 36 7
169 107 36 6
69 140 36 17
153 14 36 18
63 141 36 3
23 143 36 9
3 94 36 6
66 5 36 14
9 150 36 19
78 82 36 6
68 43 36 15
160 163 36 7
107 11 36 9
46 115 36 17
147 130 36 7
98 152 36 7
127 106 36 1
157 123 36 5
45 131 36 10
144 160 36 1
130 54 36 3
10 165 36 19
169 99 36 14
73 96 36 5
164 69 36 5
2 166 36 4
154 119 36 8
54 54 36 2
82 99 36 4
39 69 36 17
78 26 36 15
111 160 36 2
85 107 36 17
70 6 36 8
121 122 36 4
3 75 36 15
113 55 36 13
155 60 36 16
146 142 36 4
172 132 36 19
60 161 36 7
78 98 36 2
135 135 36 2
70 156 36 8
147 103 36 3
72 57 36 10
113 169 36 11
100 102 36 12
44 26 36 16
134 25 36 12
23 36 36 14
111 113 36 2
11 74 36 8
18 143 36 5
155 69 36 5
19 92 36 8
130 31 36 13
74 82 36 3
126 125 36 16
50 37 36 6
106 60 36 2
149 170 36 10
68 7 36 7
74 149 36 7
61 130 36 4
151 100 36 14
75 56 36 3
120 130 36 13
44 34 36 1
42 36 36 20
16 93 36 19
25 68 36 5
146 87 36 11
120 160 36 8
63 48 36 13
74 150 36 10
128 51 36 18
39 122 36 9
157 118 36 6
54 159 36 3
160 127 36 16
104 151 36 10
92 124 36 6
163 70 36 17
85 84 36 2
41 109 36 10
144 63 36 8
33 53 36 2
52 37 36 13
56 42 36 16
47 153 36 1
130 83 36 1
107 126 36 12
122 115 36 13
124 152 36 10
173 19 36 18
150 114 36 2
5 146 36 4
58 149 36 5
103 31 36 1
85 77 36 7
21 33 36 13
107 91 36 15
47 40 36 16
56 115 36 10
148 67 36 14
127 43 36 5
120 172 36 4
165 56 36 9
26 110 36 15
100 22 36 14
106 42 36 15
68 100 36 9
108 146 36 20
89 28 36 4
48 127 36 15
102 32 36 14
96 151 36 7
62 94 36 17
129 119 36 14
54 171 36 7
