300 75
75 105 48 1
119 102 48 13
12 107 48 15
77 108 48 6
69 73 48 2
71 14 48 16
54 166 48 16
64 80 48 8
106 136 48 20
123 17 48 9
159 92 48 14
98 37 48 11
163 173 48 20
109 77 48 1
44 97 48 1
169 167 48 1
74 173 48 6
25 63 48 2
77 169 48 19
57 70 48 11
16 55 48 14
30 104 48 9
98 93 48 14
98 153 48 13
33 149 48 4
166 144 48 13
91 44 48 16
8 68 48 16
130 96 48 1
41 105 48 17
142 72 48 16
160 101 48 6
167 25 48 5
125 75 48 5
159 107 48 1
68 99 48 6
95 141 48 19
170 149 48 16
38 57 48 3
74 98 48 13
6 66 48 6
117 52 48 8
110 170 48 8
148 121 48 19
166 58 48 13
158 125 48 9
73 47 48 1
30 168 48 5
132 32 48 2
32 57 48 3
160 62 48 10
14 130 48 9
93 66 48 15
148 41 48 15
105 158 48 11
168 142 48 20
108 166 48 13
16 148 48 18
24 106 48 10
41 89 48 9
29 76 48 11
35 41 48 15
92 85 48 2
97 59 48 13
50 163 48 20
109 109 48 16
23 44 48 5
156 11 48 19
14 160 48 5
76 27 48 12
21 7 48 18
152 41 48 8
66 84 48 5
170 8 48 5
94 9 48 5
49 117 48 3
50 91 48 6
44 25 48 2
11 38 48 8
84 113 48 17
73 85 48 20
88 63 48 9
96 80 48 14
14 77 48 16
68 170 48 17
160 170 48 13
139 172 48 9
161 42 48 15
145 4 48 18
164 88 48 1
112 160 48 18
115 26 48 5
111 121 48 14
142 87 48 8
132 154 48 19
130 92 48 3
24 9 48 14
9 169 48 17
143 93 48 2
16 35 48 14
127 146 48 16
150 88 48 6
139 150 48 10
34 70 48 14
131 153 48 6
2 61 48 9
168 85 48 7
159 45 48 15
143 14 48 8
83 154 48 1
109 108 48 3
122 36 48 12
112 126 48 1
1 159 48 19
102 68 48 17
135 70 48 7
38 16 48 6
123 2 48 10
156 96 48 17
107 130 48 5
93 66 48 9
51 139 48 3
48 29 48 11
146 154 48 2
140 82 48 1
113 168 48 1
146 158 48 20
43 107 48 12
108 89 48 13
139 148 48 3
150 67 48 1
47 69 48 10
152 116 48 7
161 88 48 2
107 6 48 19
121 118 48 17
156 90 48 3
34 84 48 7
85 144 48 13
136 109 48 11
144 85 48 2
43 131 48 16
81 61 48 8
98 173 48 18
144 106 48 16
3 6 48 18
29 161 48 2
39 21 48 3
59 58 48 13
168 145 48 1
78 115 48 7
54 158 48 15
98 17 48 15
36 114 48 9
13 85 48 10
120 39 48 7
46 67 48 4
14 57 48 7
17 115 48 5
163 110 48 18
71 14 48 19
63 20 48 2
137 69 48 4
50 105 48 4
10 69 48 14
27 16 48 13
2 13 48 9
137 26 48 12
71 167 48 12
63 156 48 2
151 53 48 12
55 67 48 18
21 155 48 11
50 31 48 11
145 165 48 3
103 144 48 5
147 145 48 14
161 60 48 1
106 130 48 18
70 144 48 3
142 121 48 2
7 128 48 3
64 148 48 2
17 149 48 3
25 121 48 4
54 50 48 4
50 149 48 13
59 136 48 2
45 21 48 2
24 90 48 4
63 58 48 11
155 65 48 8
92 128 48 9
135 144 48 9
36 121 48 4
54 1 48 15
166 51 48 9
77 109 48 10
171 105 48 14
49 80 48 12
23 143 48 18
117 124 48 10
165 42 48 9
139 3 48 15
88 164 48 17
158 169 48 1
56 161 48 20
102 64 48 11
110 14 48 2
91 62 48 3
160 84 48 7
114 152 48 12
84 143 48 16
134 60 48 20
154 148 48 19
73 132 48 4
165 139 48 11
87 67 48 3
68 128 48 3
154 170 48 12
146 157 48 16
107 97 48 15
18 133 48 6
47 93 48 19
30 73 48 13
4 97 48 4
145 40 48 6
101 78 48 19
73 146 48 12
57 126 48 20
55 50 48 5
89 156 48 16
149 125 48 3
82 171 48 18
123 27 48 3
138 30 48 6
15 127 48 12
30 54 48 7
111 78 48 15
99 87 48 1
35 93 48 7
2 8 48 11
142 108 48 12
69 17 48 9
87 139 48 10
130 56 48 16
47 70 48 12
4 100 48 16
39 162 48 9
170 39 48 19
33 73 48 5
117 26 48 13
11 168 48 11
153 63 48 3
120 101 48 19
65 9 48 20
164 56 48 13
44 11 48 2
102 1 48 5
16 171 48 7
17 155 48 17
62 98 48 9
114 60 48 1
149 40 48 16
152 159 48 11
73 2 48 2
96 165 48 5
141 35 48 11
64 88 48 16
101 56 48 17
3 72 48 15
150 85 48 20
102 25 48 12
48 126 48 13
8 56 48 4
21 128 48 14
42 51 48 2
70 143 48 9
108 159 48 8
99 86 48 13
87 40 48 2
8 16 48 19
152 118 48 1
57 117 48 5
126 77 48 9
132 97 48 9
139 138 48 7
137 159 48 3
122 93 48 3
22 19 48 19
101 57 48 9
31 17 48 10
92 168 48 13
82 3 48 18
24 128 48 9
22 38 48 20
147 3 48 12
101 139 48 1
149 88 48 18
135 61 48 1
