300 75
59 75 48 1
62 160 48 5
135 129 48 6
50 42 48 19
97 130 48 5
131 56 48 6
84 34 48 11
154 10 48 11
93 10 48 5
95 54 48 16
140 112 48 20
17 173 48 15
68 86 48 3
45 87 48 17
51 11 48 13
12 93 48 18
109 4 48 13
30 157 48 9
70 28 48 5
89 122 48 18
125 89 48 5
14 57 48 17
63 77 48 16
20 121 48 4
18 123 48 13
97 86 48 4
58 146 48 1
130 3 48 10
87 72 48 3
52 112 48 5
23 63 48 3
105 29 48 13
138 91 48 14
84 62 48 4
117 31 48 5
111 79 48 3
150 137 48 1
19 93 48 3
169 131 48 3
173 10 48 12
78 157 48 19
22 88 48 2
23 52 48 7
100 136 48 18
76 31 48 1
2 141 48 2
138 118 48 17
73 136 48 18
136 132 48 7
49 83 48 3
73 160 48 12
160 9 48 2
102 156 48 5
39 83 48 13
85 158 48 13
113 111 48 18
47 27 48 18
69 52 48 17
136 14 48 5
160 14 48 4
20 86 48 17
161 73 48 12
168 126 48 9
53 164 48 12
26 27 48 12
28 92 48 11
171 138 48 5
37 159 48 8
39 121 48 14
75 107 48 5
69 78 48 5
2 17 48 3
67 11 48 8
163 15 48 12
72 40 48 18
139 20 48 4
143 17 48 19
173 6 48 10
34 169 48 7
32 70 48 16
92 91 48 3
16 92 48 15
12 110 48 17
133 52 48 1
149 123 48 5
19 88 48 20
152 57 48 15
29 9 48 20
64 167 48 19
171 25 48 9
38 116 48 16
155 83 48 5
115 94 48 19
37 6 48 19
99 154 48 16
152 124 48 4
51 103 48 11
139 83 48 16
137 99 48 15
4 96 48 5
66 134 48 20
45 115 48 14
67 9 48 11
151 170 48 1
160 95 48 3
71 25 48 8
70 75 48 10
77 166 48 15
92 129 48 17
52 132 48 18
36 150 48 8
88 21 48 17
50 40 48 20
57 17 48 17
21 3 48 15
138 26 48 12
158 95 48 17
107 171 48 10
91 89 48 6
172 92 48 8
128 127 48 3
44 42 48 18
152 43 48 6
94 51 48 9
33 71 48 14
19 35 48 7
29 20 48 4
65 78 48 3
94 168 48 3
29 119 48 18
48 25 48 12
91 69 48 17
59 172 48 6
65 92 48 9
88 125 48 18
17 143 48 16
19 123 48 13
67 14 48 18
64 59 48 15
149 88 48 15
104 135 48 3
12 5 48 19
87 15 48 19
30 79 48 7
24 118 48 14
87 134 48 19
137 104 48 13
33 122 48 20
132 12 48 7
4 112 48 6
119 167 48 4
133 6 48 20
120 92 48 11
104 121 48 11
7 144 48 3
34 10 48 10
107 146 48 16
129 131 48 10
117 41 48 8
163 169 48 10
75 114 48 19
73 25 48 12
28 144 48 13
169 75 48 12
168 81 48 4
64 67 48 8
93 125 48 11
4 81 48 16
37 149 48 13
34 138 48 4
94 164 48 15
22 63 48 12
33 90 48 11
9 38 48 5
10 32 48 16
155 95 48 14
135 139 48 5
40 143 48 12
75 131 48 15
150 116 48 12
47 36 48 16
9 10 48 2
169 42 48 15
78 2 48 12
61 12 48 7
76 118 48 12
158 79 48 10
143 119 48 14
35 145 48 17
27 122 48 9
156 120 48 17
102 129 48 2
62 76 48 8
112 153 48 15
151 40 48 19
1 115 48 11
118 51 48 19
27 145 48 16
79 6 48 9
40 157 48 7
116 139 48 17
7 19 48 4
80 81 48 20
21 144 48 3
137 122 48 1
167 122 48 9
17 66 48 2
70 44 48 6
68 122 48 14
114 113 48 10
157 8 48 3
98 14 48 10
119 94 48 6
42 66 48 13
69 29 48 5
135 23 48 9
94 164 48 8
56 60 48 11
163 79 48 13
54 19 48 4
101 127 48 10
114 51 48 11
98 121 48 7
161 162 48 5
147 57 48 13
81 143 48 8
88 64 48 1
112 71 48 2
7 60 48 10
148 113 48 9
55 166 48 11
95 106 48 2
100 155 48 7
25 95 48 3
140 68 48 18
111 149 48 18
8 63 48 5
116 2 48 12
62 133 48 11
86 107 48 13
81 113 48 14
77 159 48 8
75 85 48 18
146 61 48 16
33 28 48 6
149 90 48 13
13 98 48 17
66 165 48 12
16 54 48 9
150 91 48 12
51 171 48 8
69 26 48 16
145 53 48 8
29 25 48 20
7 57 48 19
52 157 48 17
25 170 48 10
60 62 48 14
48 77 48 17
120 53 48 8
125 56 48 1
69 76 48 4
172 47 48 8
91 75 48 11
118 81 48 18
124 85 48 16
171 109 48 13
95 120 48 18
135 119 48 10
55 65 48 11
17 16 48 6
102 36 48 8
40 160 48 15
29 77 48 6
168 146 48 6
18 48 48 10
24 170 48 14
151 91 48 2
118 52 48 9
161 58 48 11
160 75 48 11
42 3 48 17
172 167 48 15
2 23 48 5
32 142 48 14
143 159 48 12
116 134 48 15
25 63 48 6
4 7 48 16
54 119 48 3
167 106 48 17
75 147 48 18
18 145 48 11
72 98 48 14
154 82 48 17
83 3 48 11
11 118 48 9
156 94 48 17
123 50 48 10
142 103 48 19
