3000 1000
94 331 36 18
83 45 36 11
205 243 36 17
22 425 36 8
291 438 36 10
501 307 36 8
142 308 36 1
79 348 36 6
257 371 36 18
50 253 36 12
333 346 36 1
385 491 36 7
494 148 36 15
234 170 36 8
268 460 36 17
382 475 36 15
170 131 36 19
232 210 36 9
283 528 36 18
291 30 36 18
250 362 36 16
538 200 36 1
448 146 36 20
539 441 36 1
83 162 36 14
3 58 36 5
353 289 36 16
463 521 36 2
436 318 36 3
294 62 36 19
404 311 36 1
375 363 36 17
227 264 36 6
289 317 36 16
34 461 36 7
239 463 36 8
433 330 36 17
210 246 36 8
259 196 36 6
287 489 36 19
345 345 36 19
279 235 36 6
412 523 36 11
205 326 36 8
438 360 36 5
410 113 36 9
377 545 36 16
147 269 36 15
500 527 36 15
14 329 36 17
260 188 36 6
269 466 36 10
155 330 36 1
367 49 36 17
347 486 36 12
303 348 36 7
175 239 36 10
376 448 36 17
399 400 36 8
8 475 36 7
167 187 36 4
185 517 36 11
500 186 36 20
181 67 36 12
187 476 36 19
68 231 36 18
122 405 36 18
174 295 36 18
9 146 36 18
432 215 36 11
152 443 36 19
58 143 36 20
430 95 36 11
98 275 36 4
362 523 36 17
79 105 36 14
205 227 36 17
85 462 36 7
412 532 36 4
44 478 36 8
212 144 36 9
81 202 36 3
466 84 36 16
67 181 36 12
219 57 36 7
361 135 36 2
124 402 36 6
354 486 36 9
394 351 36 7
32 456 36 15
431 121 36 5
241 201 36 11
193 182 36 20
301 248 36 7
198 528 36 5
71 341 36 6
110 526 36 5
375 333 36 15
131 241 36 16
418 272 36 9
150 217 36 1
26 458 36 6
103 165 36 2
325 528 36 8
243 178 36 3
217 248 36 19
387 357 36 13
412 246 36 2
375 376 36 12
203 308 36 6
486 458 36 16
405 483 36 5
39 101 36 11
401 425 36 18
525 182 36 9
82 398 36 1
41 238 36 17
463 164 36 20
248 538 36 4
210 255 36 1
506 255 36 19
471 174 36 6
408 212 36 19
509 65 36 1
106 42 36 20
427 185 36 10
448 225 36 6
341 203 36 16
542 450 36 14
24 112 36 7
422 132 36 12
184 55 36 12
428 462 36 6
287 486 36 9
85 44 36 6
3 532 36 17
381 432 36 10
510 288 36 20
256 282 36 9
53 367 36 20
105 241 36 20
473 424 36 14
467 366 36 16
126 105 36 11
459 190 36 5
286 254 36 18
421 149 36 2
172 112 36 14
187 429 36 1
42 481 36 2
133 100 36 14
293 25 36 10
22 492 36 5
275 132 36 19
466 43 36 2
277 390 36 9
10 264 36 4
299 435 36 6
327 75 36 14
152 178 36 14
342 310 36 19
288 117 36 14
111 201 36 13
299 475 36 9
106 456 36 16
165 185 36 5
477 257 36 6
390 70 36 20
477 396 36 5
444 547 36 1
345 404 36 17
408 144 36 6
495 254 36 19
526 67 36 15
203 173 36 11
470 399 36 15
33 328 36 5
467 232 36 14
242 223 36 12
215 120 36 14
366 526 36 11
341 386 36 20
432 333 36 5
239 373 36 16
520 29 36 10
224 13 36 9
174 45 36 13
443 27 36 5
233 330 36 12
481 545 36 10
182 425 36 20
347 218 36 6
109 164 36 7
187 402 36 1
331 374 36 7
100 112 36 8
329 286 36 2
400 243 36 5
155 475 36 4
195 409 36 8
354 105 36 5
492 513 36 3
530 75 36 20
415 323 36 5
126 106 36 2
474 205 36 11
288 48 36 12
146 509 36 9
154 116 36 8
429 373 36 19
279 179 36 8
490 185 36 5
434 229 36 2
541 159 36 3
502 346 36 15
352 273 36 19
376 13 36 15
137 220 36 15
203 373 36 16
258 316 36 8
174 47 36 12
256 537 36 9
365 485 36 2
2 478 36 19
22 432 36 4
148 299 36 14
539 127 36 5
431 325 36 14
345 527 36 1
375 237 36 5
292 472 36 11
450 242 36 6
307 60 36 13
392 61 36 15
151 82 36 12
255 229 36 10
84 221 36 11
534 166 36 15
109 510 36 1
118 400 36 2
504 206 36 2
390 108 36 14
265 414 36 17
139 321 36 5
490 471 36 4
241 178 36 10
289 323 36 20
464 371 36 5
416 541 36 15
409 173 36 2
154 129 36 1
309 519 36 14
282 298 36 15
252 499 36 12
282 503 36 8
517 196 36 6
434 547 36 19
86 525 36 7
450 393 36 19
292 316 36 19
532 470 36 3
493 293 36 10
500 27 36 9
497 278 36 3
205 74 36 18
507 43 36 3
439 539 36 14
208 77 36 18
347 42 36 1
479 395 36 3
298 379 36 18
245 325 36 19
164 339 36 11
442 350 36 6
124 69 36 4
308 28 36 17
203 466 36 13
159 126 36 15
30 472 36 8
355 465 36 6
449 215 36 11
526 459 36 6
349 137 36 5
197 93 36 2
385 278 36 20
98 101 36 6
463 365 36 17
334 524 36 19
282 6 36 2
332 423 36 12
230 324 36 11
21 364 36 9
198 227 36 9
166 424 36 17
545 323 36 13
445 420 36 9
310 398 36 11
217 184 36 13
187 465 36 4
205 312 36 11
78 56 36 9
289 138 36 15
411 335 36 13
185 15 36 12
114 12 36 18
382 518 36 6
141 280 36 1
326 11 36 7
488 197 36 9
108 401 36 16
150 540 36 1
30 343 36 18
335 206 36 4
320 453 36 11
181 81 36 4
426 462 36 2
544 55 36 2
26 442 36 20
177 382 36 6
370 489 36 1
326 91 36 8
400 182 36 17
63 517 36 17
61 289 36 19
134 532 36 8
219 410 36 8
335 406 36 19
246 494 36 11
166 123 36 2
283 7 36 9
376 395 36 8
462 247 36 13
342 371 36 4
490 431 36 13
58 18 36 10
191 298 36 4
300 147 36 14
463 392 36 19
36 11 36 17
52 293 36 10
494 121 36 20
57 97 36 12
349 501 36 3
62 443 36 10
126 501 36 2
236 206 36 3
147 506 36 18
40 483 36 10
364 33 36 1
387 84 36 5
417 93 36 14
356 149 36 17
541 497 36 1
65 74 36 14
19 261 36 3
52 497 36 11
444 96 36 20
373 197 36 4
209 75 36 3
55 461 36 8
255 393 36 1
91 201 36 1
85 195 36 7
517 321 36 20
421 339 36 8
217 452 36 11
342 348 36 5
363 235 36 15
381 444 36 7
494 13 36 9
144 330 36 3
432 482 36 20
322 19 36 18
224 50 36 12
198 470 36 3
495 201 36 20
194 542 36 9
535 419 36 15
102 315 36 12
228 261 36 8
330 466 36 10
276 351 36 8
423 125 36 2
279 348 36 20
455 61 36 19
484 8 36 3
479 202 36 8
274 251 36 11
304 353 36 10
353 33 36 11
353 362 36 3
197 153 36 9
37 28 36 5
442 307 36 15
411 276 36 5
303 275 36 6
457 206 36 17
120 542 36 6
202 360 36 18
113 165 36 7
347 33 36 15
499 291 36 15
454 328 36 6
533 284 36 18
475 148 36 10
539 512 36 7
64 483 36 4
398 117 36 6
436 319 36 3
279 493 36 11
217 292 36 4
93 243 36 3
59 149 36 8
52 197 36 8
414 186 36 5
19 240 36 6
445 303 36 17
44 215 36 13
247 104 36 17
199 444 36 18
378 175 36 9
104 267 36 14
121 325 36 19
464 377 36 10
59 305 36 5
348 385 36 15
116 344 36 18
366 387 36 10
186 86 36 9
385 347 36 16
45 239 36 12
59 343 36 5
315 463 36 7
234 441 36 17
412 15 36 12
228 424 36 1
345 540 36 2
217 420 36 11
303 120 36 12
8 20 36 1
156 126 36 16
540 184 36 3
35 498 36 13
464 247 36 9
174 111 36 7
313 400 36 3
226 197 36 13
545 475 36 13
218 230 36 5
523 299 36 8
143 516 36 7
63 509 36 4
325 58 36 2
17 521 36 9
211 210 36 18
358 522 36 13
443 262 36 8
520 259 36 20
531 476 36 11
177 514 36 8
389 171 36 12
180 295 36 1
216 72 36 19
202 150 36 6
497 360 36 1
354 232 36 12
188 127 36 15
217 99 36 1
174 145 36 18
422 321 36 15
483 163 36 8
513 404 36 16
81 72 36 1
192 335 36 7
338 284 36 3
146 153 36 14
537 340 36 8
95 9 36 3
521 244 36 13
391 180 36 6
288 116 36 16
294 143 36 10
108 224 36 15
56 477 36 20
152 267 36 19
123 412 36 16
388 463 36 8
232 72 36 10
236 108 36 3
447 498 36 7
431 238 36 3
92 46 36 2
218 216 36 3
415 271 36 5
399 484 36 17
182 122 36 7
179 24 36 18
515 255 36 16
375 5 36 14
540 451 36 5
337 396 36 20
250 487 36 5
429 157 36 17
346 24 36 20
130 485 36 9
304 181 36 9
342 422 36 2
295 389 36 7
381 278 36 14
28 270 36 1
233 60 36 19
191 371 36 5
195 314 36 10
413 112 36 18
479 303 36 19
481 59 36 19
57 400 36 18
265 209 36 3
180 104 36 10
161 193 36 15
108 426 36 7
389 69 36 17
124 325 36 10
15 253 36 8
54 184 36 7
30 117 36 15
249 235 36 14
279 499 36 17
213 193 36 7
487 415 36 3
421 523 36 4
476 364 36 5
416 2 36 12
60 16 36 8
424 132 36 17
543 161 36 15
173 409 36 6
264 203 36 19
78 477 36 20
542 416 36 18
105 351 36 10
155 341 36 18
336 209 36 6
294 330 36 16
504 206 36 4
474 263 36 8
13 435 36 12
333 213 36 20
119 290 36 6
159 285 36 13
128 451 36 1
11 59 36 10
318 394 36 6
80 140 36 8
466 158 36 5
498 84 36 5
81 158 36 12
197 490 36 13
453 123 36 10
154 343 36 7
270 470 36 14
189 480 36 17
511 313 36 9
495 392 36 5
323 372 36 12
418 322 36 6
229 464 36 13
537 114 36 18
510 81 36 3
225 234 36 15
349 503 36 3
314 207 36 10
399 232 36 20
392 241 36 11
39 16 36 18
390 496 36 12
339 177 36 16
507 166 36 10
8 128 36 13
302 415 36 13
329 216 36 12
340 44 36 1
346 504 36 9
117 410 36 15
279 448 36 16
389 290 36 18
211 143 36 17
74 102 36 7
111 171 36 10
167 472 36 6
34 315 36 2
403 169 36 11
493 515 36 13
267 84 36 16
344 425 36 12
437 266 36 16
477 539 36 13
209 127 36 3
169 237 36 19
256 466 36 11
272 499 36 13
18 416 36 11
416 361 36 7
285 142 36 20
16 486 36 19
256 375 36 13
238 366 36 18
424 28 36 17
226 196 36 12
260 513 36 6
218 237 36 12
490 316 36 13
445 246 36 9
430 530 36 8
498 60 36 5
443 315 36 15
168 67 36 16
432 490 36 7
274 230 36 15
415 489 36 9
412 221 36 6
422 225 36 7
300 184 36 2
53 66 36 7
495 16 36 5
389 520 36 11
235 141 36 8
384 87 36 20
137 422 36 9
85 290 36 17
60 216 36 14
333 91 36 20
374 390 36 9
175 505 36 9
505 452 36 9
409 355 36 17
80 42 36 16
364 487 36 8
105 76 36 5
137 222 36 11
172 281 36 15
427 66 36 3
421 501 36 3
536 128 36 4
232 147 36 5
6 8 36 19
237 87 36 11
123 512 36 2
95 131 36 12
488 329 36 1
139 15 36 7
5 503 36 5
23 376 36 15
492 427 36 16
310 173 36 16
93 178 36 1
293 414 36 11
535 51 36 15
169 145 36 18
425 148 36 6
418 348 36 1
145 414 36 10
546 498 36 2
353 442 36 15
350 204 36 1
432 359 36 19
36 166 36 15
335 153 36 14
52 321 36 17
509 261 36 7
200 193 36 7
514 399 36 19
175 397 36 9
274 265 36 19
313 129 36 6
525 75 36 13
368 110 36 18
139 507 36 5
22 73 36 5
112 96 36 11
349 357 36 3
448 324 36 18
475 498 36 14
452 286 36 4
324 52 36 3
399 91 36 20
409 458 36 5
522 111 36 10
303 195 36 13
467 306 36 18
343 170 36 4
412 70 36 10
395 60 36 17
227 511 36 8
385 287 36 16
124 200 36 13
485 61 36 11
533 98 36 10
477 462 36 1
9 381 36 16
246 177 36 4
230 103 36 11
52 497 36 16
371 176 36 11
6 75 36 1
239 199 36 9
16 198 36 1
374 183 36 12
295 175 36 14
411 183 36 2
347 490 36 20
452 172 36 10
79 223 36 16
375 109 36 17
149 114 36 2
147 415 36 7
407 492 36 11
243 318 36 5
175 65 36 4
22 475 36 20
312 274 36 9
292 178 36 8
375 319 36 12
470 208 36 15
255 356 36 20
114 17 36 17
234 424 36 15
4 181 36 16
503 417 36 1
145 501 36 4
31 265 36 6
406 71 36 8
406 508 36 7
144 492 36 3
536 199 36 18
10 374 36 20
445 60 36 10
277 125 36 8
488 143 36 18
155 287 36 4
358 379 36 4
349 237 36 5
518 158 36 13
520 301 36 7
182 351 36 15
199 361 36 19
295 320 36 8
266 112 36 2
480 52 36 16
16 268 36 6
52 78 36 11
352 489 36 3
237 521 36 18
145 494 36 19
481 190 36 13
531 451 36 10
407 198 36 14
466 463 36 12
41 395 36 11
305 410 36 18
370 461 36 10
328 327 36 11
523 79 36 12
327 223 36 16
494 218 36 13
402 201 36 15
247 122 36 14
349 41 36 11
78 143 36 3
467 510 36 1
514 332 36 18
216 175 36 15
406 150 36 2
23 538 36 19
194 484 36 13
8 400 36 9
334 161 36 7
248 25 36 13
202 164 36 8
488 83 36 20
213 111 36 14
399 327 36 11
427 185 36 2
47 207 36 4
437 463 36 1
12 470 36 3
396 257 36 1
355 19 36 11
478 220 36 13
135 222 36 9
362 497 36 8
436 410 36 20
199 351 36 19
111 398 36 3
76 349 36 1
524 360 36 17
401 208 36 4
439 78 36 15
501 8 36 6
179 204 36 17
1 81 36 10
419 31 36 6
130 230 36 6
26 340 36 5
191 477 36 13
332 515 36 14
396 369 36 17
231 322 36 19
147 276 36 20
282 516 36 5
215 517 36 12
98 388 36 14
390 32 36 6
485 58 36 17
493 310 36 1
301 94 36 12
469 5 36 3
421 235 36 14
450 381 36 16
1 177 36 13
303 454 36 4
200 4 36 5
190 455 36 7
408 454 36 1
481 399 36 17
546 215 36 20
516 198 36 13
369 71 36 11
543 35 36 10
508 35 36 5
441 400 36 14
343 114 36 10
147 303 36 6
529 226 36 20
484 159 36 7
262 157 36 1
196 187 36 19
134 8 36 13
369 66 36 17
437 26 36 7
196 466 36 10
409 261 36 17
201 407 36 15
386 450 36 16
539 448 36 8
58 225 36 13
339 420 36 20
269 69 36 5
332 437 36 8
428 326 36 9
12 36 36 8
57 506 36 12
216 160 36 1
130 60 36 17
331 51 36 18
205 170 36 15
236 508 36 3
516 230 36 3
318 76 36 1
123 503 36 10
15 30 36 15
434 86 36 16
19 363 36 8
72 7 36 4
27 337 36 7
492 542 36 4
87 292 36 6
164 322 36 5
370 92 36 13
404 276 36 19
339 290 36 16
310 238 36 17
240 256 36 20
390 389 36 9
115 416 36 13
436 422 36 18
442 24 36 16
347 249 36 12
57 71 36 20
390 536 36 17
131 390 36 1
510 152 36 1
427 453 36 18
160 358 36 14
447 534 36 16
100 422 36 13
294 317 36 8
294 178 36 19
69 296 36 17
483 138 36 13
78 330 36 18
24 292 36 18
270 172 36 7
225 393 36 2
21 354 36 2
356 453 36 18
18 199 36 8
313 493 36 18
308 14 36 12
498 11 36 8
130 88 36 10
212 174 36 19
446 443 36 18
101 120 36 6
174 202 36 5
234 10 36 5
230 28 36 17
542 340 36 15
61 162 36 2
360 113 36 19
312 304 36 12
109 515 36 11
197 414 36 20
33 29 36 11
199 264 36 15
172 497 36 13
113 241 36 7
252 297 36 20
398 357 36 11
72 170 36 3
366 543 36 5
201 166 36 10
208 424 36 20
173 456 36 9
320 108 36 3
183 341 36 2
55 453 36 17
17 219 36 1
317 69 36 5
294 203 36 11
445 21 36 6
414 283 36 1
289 6 36 16
153 240 36 6
46 74 36 19
202 256 36 7
307 311 36 20
230 389 36 20
388 158 36 15
417 514 36 13
130 473 36 16
385 340 36 5
321 143 36 13
196 295 36 15
464 402 36 7
416 56 36 13
99 425 36 15
297 107 36 11
229 494 36 13
229 425 36 10
431 7 36 4
230 454 36 4
312 289 36 19
399 484 36 9
241 400 36 13
156 268 36 7
326 429 36 3
322 240 36 17
220 468 36 3
276 149 36 3
360 94 36 1
432 386 36 5
357 150 36 3
425 64 36 4
302 304 36 3
95 459 36 20
429 299 36 12
155 135 36 6
535 355 36 7
314 83 36 15
517 443 36 16
242 389 36 4
420 198 36 15
340 137 36 6
258 438 36 7
28 48 36 20
190 538 36 6
233 146 36 10
516 133 36 16
296 446 36 12
224 477 36 10
370 172 36 14
292 106 36 11
426 507 36 9
75 217 36 6
90 307 36 16
77 496 36 17
363 182 36 10
237 212 36 16
464 22 36 13
227 307 36 19
9 130 36 3
179 421 36 9
547 361 36 2
504 498 36 3
413 40 36 9
432 116 36 15
379 479 36 17
533 230 36 20
272 146 36 10
518 435 36 6
208 443 36 18
70 75 36 13
99 74 36 19
87 92 36 8
354 504 36 19
380 450 36 15
417 281 36 2
149 328 36 1
155 114 36 8
181 146 36 5
514 354 36 13
491 423 36 14
342 36 36 2
68 122 36 13
291 476 36 5
68 370 36 12
22 301 36 4
455 450 36 8
84 57 36 5
344 237 36 13
6 266 36 4
111 209 36 12
351 3 36 5
118 132 36 5
522 484 36 17
460 66 36 9
239 88 36 17
422 57 36 8
385 140 36 6
462 546 36 20
138 4 36 16
166 176 36 15
194 527 36 16
194 97 36 19
378 133 36 13
5 46 36 6
2 346 36 3
299 220 36 18
13 57 36 11
392 519 36 14
522 109 36 7
371 336 36 17
428 529 36 15
2 238 36 6
317 130 36 11
22 135 36 17
339 198 36 4
258 496 36 7
233 23 36 5
347 476 36 15
460 450 36 17
29 273 36 7
382 153 36 15
230 217 36 7
173 533 36 11
311 7 36 14
494 345 36 13
475 117 36 16
190 349 36 2
509 149 36 16
251 61 36 1
164 151 36 2
474 532 36 15
280 276 36 17
386 449 36 14
74 212 36 9
505 221 36 1
524 148 36 2
68 338 36 19
181 361 36 5
284 64 36 6
289 289 36 16
82 277 36 3
90 72 36 3
313 519 36 12
37 45 36 20
315 2 36 4
452 40 36 19
158 169 36 10
213 349 36 14
478 147 36 5
256 497 36 5
184 94 36 6
221 183 36 12
471 10 36 13
137 109 36 11
138 423 36 19
298 389 36 1
120 546 36 12
341 274 36 5
375 266 36 15
534 522 36 7
497 220 36 9
190 440 36 20
15 425 36 16
297 76 36 11
199 214 36 17
103 511 36 14
169 145 36 16
342 547 36 8
377 374 36 18
74 422 36 12
329 434 36 13
68 76 36 6
113 90 36 15
167 448 36 17
392 100 36 5
491 264 36 14
494 432 36 10
495 288 36 6
284 118 36 19
276 253 36 2
305 34 36 6
68 163 36 9
332 275 36 10
474 503 36 7
207 347 36 1
90 353 36 19
61 299 36 5
175 308 36 20
289 44 36 19
290 381 36 9
228 138 36 4
537 267 36 8
436 114 36 8
487 40 36 19
438 308 36 5
488 460 36 13
316 520 36 9
28 209 36 8
28 497 36 5
269 302 36 1
215 529 36 9
256 34 36 11
459 531 36 14
451 470 36 4
399 360 36 16
208 362 36 20
369 130 36 5
343 158 36 17
77 247 36 20
463 516 36 6
135 245 36 4
7 501 36 2
208 412 36 8
459 378 36 5
327 291 36 17
503 498 36 6
43 381 36 20
165 176 36 17
495 314 36 16
289 229 36 14
385 425 36 19
462 432 36 7
87 92 36 17
242 65 36 3
382 454 36 16
335 471 36 12
102 28 36 3
60 192 36 1
176 201 36 1
53 490 36 11
22 327 36 3
173 303 36 14
278 451 36 10
309 207 36 5
232 42 36 13
383 376 36 2
61 539 36 19
119 51 36 14
352 226 36 1
413 340 36 13
217 361 36 7
445 49 36 6
73 326 36 11
400 149 36 14
307 380 36 10
120 277 36 12
465 337 36 9
353 517 36 12
432 321 36 15
164 248 36 7
448 464 36 11
510 361 36 4
390 495 36 5
234 348 36 10
285 107 36 1
377 227 36 13
359 206 36 1
332 11 36 7
356 504 36 3
120 121 36 9
285 21 36 19
264 45 36 3
353 496 36 8
282 183 36 14
359 529 36 9
330 421 36 14
92 232 36 10
252 79 36 18
381 496 36 1
345 68 36 10
9 352 36 18
136 131 36 11
139 545 36 20
151 280 36 2
510 153 36 2
428 545 36 2
88 151 36 5
15 403 36 10
14 236 36 17
455 96 36 12
46 104 36 5
204 240 36 7
469 440 36 1
135 43 36 14
107 67 36 15
545 494 36 13
372 96 36 4
492 110 36 19
143 124 36 12
289 93 36 2
17 139 36 9
158 404 36 6
430 325 36 12
214 521 36 2
339 80 36 1
69 140 36 9
344 511 36 9
284 517 36 20
79 112 36 5
171 462 36 12
359 540 36 13
103 150 36 13
86 94 36 8
23 369 36 3
126 160 36 13
233 229 36 2
348 87 36 20
12 370 36 3
395 448 36 12
415 71 36 3
466 491 36 7
232 46 36 20
340 193 36 2
287 277 36 15
269 402 36 10
331 87 36 4
532 497 36 18
211 23 36 19
406 479 36 13
227 347 36 3
86 265 36 4
422 12 36 2
361 351 36 16
455 152 36 15
370 420 36 14
507 204 36 7
325 250 36 20
291 461 36 17
141 319 36 20
438 61 36 7
321 146 36 5
147 21 36 13
80 443 36 20
144 412 36 13
547 296 36 18
257 318 36 8
115 157 36 4
470 448 36 4
362 41 36 2
185 541 36 10
355 314 36 18
304 522 36 15
264 54 36 1
89 260 36 9
127 259 36 1
37 30 36 3
275 144 36 14
153 128 36 2
6 4 36 9
239 189 36 16
533 543 36 17
425 361 36 3
461 77 36 8
392 227 36 10
311 353 36 20
525 451 36 7
510 178 36 5
104 392 36 7
207 459 36 7
350 151 36 10
2 136 36 10
513 75 36 3
514 535 36 1
506 441 36 7
272 204 36 9
358 181 36 9
535 205 36 5
308 308 36 2
333 514 36 1
300 379 36 17
516 442 36 11
243 469 36 8
391 435 36 14
69 393 36 13
519 179 36 1
228 51 36 11
449 100 36 4
362 470 36 15
120 255 36 7
337 69 36 10
218 100 36 19
235 342 36 3
325 247 36 3
465 315 36 20
497 287 36 1
310 29 36 19
303 477 36 18
500 291 36 16
520 411 36 11
507 262 36 16
386 479 36 14
222 228 36 14
526 68 36 19
170 532 36 20
207 543 36 17
547 305 36 6
452 60 36 7
394 13 36 9
321 532 36 20
17 6 36 13
266 454 36 4
130 128 36 5
396 168 36 14
300 337 36 17
34 59 36 14
115 120 36 11
163 24 36 4
201 479 36 6
530 314 36 7
299 330 36 12
329 111 36 20
353 240 36 13
57 150 36 13
437 512 36 7
316 60 36 1
190 174 36 20
369 336 36 2
123 537 36 8
497 34 36 3
371 333 36 7
251 114 36 1
36 528 36 14
73 99 36 8
276 50 36 16
269 365 36 2
382 8 36 2
5 376 36 15
260 13 36 14
447 510 36 3
400 333 36 18
197 98 36 15
105 196 36 4
313 268 36 15
124 58 36 7
508 327 36 10
342 161 36 8
412 228 36 3
270 2 36 8
179 510 36 11
121 424 36 18
396 74 36 2
361 240 36 5
306 67 36 16
350 191 36 15
444 213 36 13
355 8 36 6
335 481 36 12
143 203 36 4
511 443 36 19
418 16 36 9
111 473 36 14
510 286 36 2
10 45 36 11
386 456 36 7
272 352 36 5
547 159 36 19
497 493 36 10
189 151 36 4
429 176 36 14
85 47 36 15
165 157 36 11
441 181 36 2
348 190 36 10
383 90 36 9
61 361 36 19
13 422 36 15
520 371 36 18
474 12 36 9
146 441 36 7
197 40 36 3
388 266 36 6
505 160 36 9
422 507 36 12
383 404 36 6
314 464 36 6
50 476 36 3
7 510 36 8
518 437 36 10
147 35 36 2
436 293 36 18
287 196 36 1
355 153 36 18
57 27 36 2
9 471 36 3
51 237 36 7
453 349 36 3
244 417 36 8
406 449 36 13
95 48 36 13
285 483 36 14
515 284 36 9
526 92 36 13
86 148 36 15
215 156 36 20
261 268 36 4
224 173 36 6
177 479 36 4
92 337 36 11
506 493 36 7
530 293 36 11
300 322 36 4
265 300 36 5
444 386 36 14
164 115 36 3
354 437 36 8
296 113 36 8
100 289 36 4
321 381 36 15
442 401 36 20
126 383 36 3
292 198 36 1
194 462 36 16
250 421 36 16
514 99 36 3
387 515 36 19
43 325 36 4
418 424 36 2
239 259 36 18
396 216 36 20
499 341 36 9
409 147 36 17
94 402 36 4
78 104 36 11
509 71 36 8
507 519 36 9
456 14 36 10
518 493 36 8
322 184 36 8
20 33 36 7
119 46 36 16
115 455 36 13
308 1 36 13
477 78 36 14
35 39 36 8
300 60 36 17
470 30 36 14
479 1 36 12
426 384 36 8
85 403 36 7
506 36 36 16
297 212 36 2
234 34 36 13
511 26 36 20
468 60 36 18
495 421 36 1
8 343 36 8
82 274 36 5
102 152 36 2
367 299 36 20
117 319 36 8
521 69 36 16
286 302 36 18
112 327 36 8
16 309 36 9
81 256 36 8
268 264 36 5
422 407 36 9
153 23 36 7
267 389 36 3
236 20 36 19
303 541 36 1
35 279 36 5
347 390 36 5
199 467 36 12
110 63 36 15
503 330 36 13
144 266 36 7
120 418 36 2
309 137 36 15
250 372 36 14
509 190 36 1
351 224 36 2
494 85 36 9
479 283 36 15
226 454 36 16
290 409 36 17
132 67 36 13
380 186 36 20
104 9 36 3
217 258 36 17
411 281 36 18
113 84 36 5
155 93 36 19
101 86 36 19
514 373 36 1
504 177 36 16
276 308 36 16
375 141 36 1
282 244 36 10
449 522 36 12
379 385 36 7
74 12 36 17
478 228 36 8
480 329 36 4
218 357 36 3
408 376 36 5
37 104 36 20
278 541 36 20
158 337 36 14
170 239 36 19
439 132 36 10
504 205 36 17
168 135 36 3
470 68 36 7
435 347 36 15
164 269 36 15
131 305 36 3
343 36 36 10
273 255 36 19
384 424 36 9
531 377 36 20
516 334 36 10
28 16 36 14
376 547 36 12
443 435 36 2
381 51 36 17
148 181 36 3
18 38 36 5
490 372 36 19
266 208 36 2
219 254 36 6
302 222 36 20
105 311 36 1
105 139 36 8
171 96 36 5
99 477 36 6
233 139 36 15
186 156 36 4
237 160 36 11
56 425 36 11
299 158 36 5
371 522 36 2
291 79 36 20
226 183 36 19
222 416 36 19
44 514 36 13
39 261 36 8
215 508 36 18
490 197 36 4
42 253 36 4
411 66 36 8
486 436 36 6
298 241 36 19
482 528 36 2
319 202 36 5
252 307 36 2
176 346 36 13
238 75 36 16
517 17 36 1
532 120 36 13
425 531 36 18
475 531 36 1
499 281 36 9
116 277 36 6
40 49 36 15
317 300 36 18
75 538 36 7
93 290 36 17
72 322 36 11
309 306 36 3
313 183 36 12
382 110 36 14
401 123 36 13
113 301 36 10
352 340 36 14
307 110 36 15
22 246 36 14
144 339 36 10
340 472 36 19
67 295 36 4
523 60 36 10
414 503 36 14
289 356 36 11
507 468 36 10
516 334 36 12
511 93 36 14
320 177 36 17
182 320 36 4
333 175 36 19
258 303 36 14
488 278 36 13
354 207 36 5
330 495 36 18
428 516 36 16
341 484 36 4
531 509 36 4
408 344 36 18
468 525 36 12
381 372 36 1
280 82 36 7
411 22 36 14
178 376 36 12
447 220 36 6
39 162 36 18
160 502 36 19
67 547 36 12
66 407 36 2
304 327 36 15
376 222 36 20
75 501 36 19
200 426 36 3
56 118 36 18
118 17 36 17
252 117 36 18
354 276 36 2
392 342 36 13
454 470 36 3
250 226 36 2
147 116 36 19
353 190 36 18
155 389 36 18
41 507 36 17
363 139 36 17
358 390 36 17
513 196 36 14
76 103 36 9
247 9 36 20
215 321 36 13
87 467 36 11
119 335 36 14
166 4 36 12
153 44 36 7
258 469 36 14
442 279 36 13
195 306 36 19
223 443 36 17
108 142 36 2
462 419 36 4
9 505 36 1
218 138 36 19
131 365 36 8
495 33 36 4
270 290 36 15
184 246 36 14
488 440 36 14
17 178 36 14
195 285 36 8
381 262 36 20
403 270 36 19
344 3 36 6
72 133 36 20
412 142 36 1
249 412 36 1
69 48 36 6
229 50 36 6
210 66 36 12
86 260 36 8
103 156 36 16
116 11 36 8
24 354 36 3
131 487 36 18
56 351 36 3
13 115 36 18
322 245 36 8
329 536 36 12
290 198 36 14
429 283 36 8
367 447 36 9
19 15 36 8
487 100 36 9
473 231 36 18
106 348 36 7
427 361 36 6
66 135 36 13
299 525 36 10
96 267 36 2
21 210 36 6
268 29 36 18
122 109 36 20
534 49 36 20
328 36 36 6
547 203 36 17
146 144 36 14
406 209 36 1
363 22 36 3
309 180 36 14
451 200 36 20
391 467 36 6
292 42 36 1
269 90 36 14
284 417 36 19
44 478 36 5
214 138 36 15
196 543 36 17
313 359 36 12
530 120 36 2
405 85 36 12
5 537 36 11
242 281 36 6
40 65 36 5
496 348 36 20
439 454 36 10
100 182 36 19
451 377 36 18
525 204 36 14
74 187 36 1
349 106 36 8
277 172 36 14
248 413 36 6
260 515 36 5
361 463 36 2
455 354 36 1
542 515 36 19
220 480 36 1
440 520 36 1
471 46 36 12
198 457 36 15
494 186 36 3
295 433 36 11
377 207 36 1
37 20 36 18
107 536 36 13
83 531 36 9
240 203 36 10
289 157 36 15
541 142 36 7
432 339 36 8
428 285 36 1
111 95 36 16
207 471 36 18
269 22 36 3
309 129 36 11
155 211 36 14
92 513 36 11
447 254 36 19
289 247 36 15
239 131 36 15
35 73 36 10
141 184 36 14
131 390 36 4
390 173 36 17
120 481 36 1
448 150 36 20
212 242 36 13
302 203 36 8
1 7 36 1
388 245 36 11
19 341 36 5
59 543 36 12
130 189 36 7
249 31 36 10
389 212 36 8
172 113 36 7
165 386 36 5
186 141 36 11
521 203 36 14
71 44 36 9
359 62 36 15
173 182 36 14
232 374 36 12
195 75 36 19
331 463 36 5
462 87 36 5
195 313 36 12
232 13 36 15
533 49 36 4
293 181 36 14
421 539 36 11
342 227 36 3
259 458 36 17
426 106 36 16
76 436 36 8
547 350 36 13
97 59 36 3
33 352 36 17
171 399 36 8
512 206 36 8
348 79 36 20
308 421 36 15
512 194 36 8
541 73 36 14
36 210 36 6
116 209 36 11
345 368 36 8
339 400 36 8
345 24 36 7
462 535 36 8
211 397 36 17
499 220 36 19
528 184 36 19
468 177 36 1
27 274 36 11
84 452 36 16
4 249 36 2
530 40 36 12
376 446 36 15
73 360 36 19
522 86 36 5
503 99 36 8
419 80 36 6
529 62 36 12
225 150 36 20
69 295 36 19
246 299 36 5
242 343 36 16
153 171 36 5
25 305 36 14
8 280 36 20
388 297 36 18
439 231 36 5
189 212 36 9
115 436 36 15
438 20 36 10
57 327 36 7
532 83 36 1
15 236 36 5
490 322 36 3
292 330 36 16
242 170 36 20
228 61 36 12
417 311 36 15
120 425 36 9
96 378 36 17
305 434 36 14
327 480 36 18
207 9 36 15
257 13 36 3
126 367 36 13
337 61 36 17
297 350 36 7
2 219 36 19
465 400 36 14
393 495 36 2
341 315 36 14
67 156 36 2
485 362 36 19
106 71 36 3
49 259 36 5
320 48 36 20
276 344 36 9
354 345 36 8
195 324 36 5
523 169 36 15
196 509 36 6
302 91 36 8
403 90 36 19
512 258 36 5
148 306 36 10
151 140 36 1
275 477 36 17
202 345 36 13
346 540 36 3
467 30 36 16
535 226 36 15
432 527 36 11
546 444 36 9
413 408 36 2
413 71 36 17
123 283 36 14
428 10 36 15
43 211 36 8
65 72 36 17
471 53 36 11
499 102 36 18
489 48 36 11
145 46 36 5
438 459 36 8
441 324 36 4
264 508 36 9
289 450 36 15
243 8 36 9
541 134 36 20
347 57 36 16
244 9 36 3
366 497 36 14
529 156 36 9
104 47 36 5
87 2 36 19
139 328 36 20
536 69 36 18
395 373 36 4
526 366 36 19
244 227 36 17
13 470 36 14
431 288 36 16
348 332 36 14
373 435 36 15
309 36 36 4
83 175 36 14
365 225 36 10
64 72 36 10
317 112 36 2
218 417 36 1
113 430 36 3
17 313 36 11
540 175 36 17
63 1 36 9
241 309 36 1
421 454 36 10
380 271 36 4
470 396 36 9
384 165 36 14
117 444 36 17
139 9 36 7
145 87 36 18
438 80 36 4
31 204 36 12
120 445 36 18
244 380 36 13
543 212 36 16
33 134 36 8
204 33 36 12
486 149 36 18
152 349 36 19
248 493 36 3
108 446 36 15
267 476 36 20
426 48 36 19
409 291 36 20
359 348 36 16
33 443 36 18
101 99 36 6
334 99 36 13
39 250 36 13
238 497 36 6
101 120 36 4
42 386 36 7
249 327 36 3
415 188 36 13
413 61 36 1
138 93 36 20
543 194 36 2
495 42 36 8
48 80 36 7
74 380 36 8
46 480 36 18
524 36 36 4
384 347 36 4
352 276 36 8
126 142 36 8
310 279 36 13
326 336 36 1
503 283 36 8
292 392 36 7
331 466 36 1
320 26 36 4
489 2 36 19
497 385 36 16
284 252 36 5
320 439 36 18
417 201 36 10
121 527 36 18
18 544 36 11
503 350 36 2
520 134 36 2
432 515 36 17
275 456 36 2
216 468 36 17
503 266 36 11
519 39 36 20
128 517 36 6
140 152 36 19
486 169 36 1
21 124 36 19
71 158 36 4
39 104 36 11
32 379 36 2
88 109 36 7
529 65 36 13
189 36 36 12
288 225 36 7
40 426 36 18
318 365 36 17
169 447 36 3
369 517 36 3
156 8 36 16
518 101 36 19
304 188 36 10
10 170 36 7
529 420 36 15
53 160 36 3
94 199 36 2
347 31 36 20
222 199 36 20
219 83 36 15
498 300 36 14
272 332 36 13
485 89 36 17
322 98 36 19
223 79 36 17
283 132 36 5
21 287 36 14
184 86 36 4
226 369 36 13
167 103 36 6
77 53 36 3
118 324 36 18
197 324 36 5
525 160 36 18
538 445 36 12
485 180 36 20
529 262 36 8
287 445 36 18
76 185 36 17
125 351 36 17
256 489 36 12
201 59 36 8
477 317 36 5
295 357 36 12
210 409 36 6
327 346 36 13
29 327 36 5
78 67 36 13
275 204 36 18
294 328 36 1
414 98 36 6
40 298 36 16
114 227 36 9
510 521 36 16
519 245 36 20
487 25 36 17
150 53 36 3
74 192 36 12
442 467 36 7
510 213 36 4
382 79 36 16
257 181 36 17
190 294 36 9
440 256 36 3
499 290 36 18
481 291 36 16
199 440 36 9
368 513 36 4
55 470 36 11
8 494 36 6
287 390 36 18
117 99 36 5
305 289 36 7
173 181 36 20
77 195 36 4
287 128 36 8
521 327 36 15
260 209 36 11
252 263 36 7
164 332 36 16
287 72 36 16
489 250 36 2
324 69 36 15
514 304 36 19
413 442 36 12
115 181 36 13
108 154 36 11
541 475 36 8
516 179 36 8
351 342 36 16
256 82 36 9
489 85 36 2
336 471 36 12
470 437 36 10
238 364 36 15
262 541 36 16
352 101 36 12
344 156 36 11
483 124 36 4
461 536 36 19
161 245 36 20
57 248 36 16
201 36 36 20
476 506 36 2
507 196 36 20
432 520 36 19
52 324 36 10
434 182 36 6
196 117 36 7
199 30 36 13
58 253 36 17
545 371 36 10
146 86 36 8
156 15 36 19
117 36 36 13
18 530 36 20
398 96 36 5
455 530 36 18
120 240 36 20
518 500 36 4
358 10 36 3
503 69 36 5
349 215 36 20
231 370 36 2
132 1 36 20
229 18 36 17
360 477 36 4
267 446 36 19
356 19 36 12
76 536 36 12
434 408 36 7
13 364 36 6
508 227 36 15
57 519 36 14
229 104 36 8
437 332 36 4
141 207 36 2
488 473 36 13
332 281 36 4
478 418 36 1
29 305 36 15
136 379 36 16
312 401 36 17
217 458 36 20
491 139 36 17
218 28 36 12
25 231 36 3
370 171 36 14
66 18 36 16
328 495 36 6
93 38 36 9
265 235 36 19
316 547 36 13
46 278 36 1
356 222 36 12
161 439 36 11
421 525 36 13
278 347 36 1
122 475 36 18
309 255 36 3
367 409 36 19
243 188 36 5
498 18 36 5
121 125 36 13
201 481 36 15
419 94 36 10
242 514 36 8
233 306 36 16
457 427 36 5
150 189 36 11
400 8 36 14
201 250 36 16
175 262 36 10
272 382 36 6
38 35 36 17
86 516 36 11
88 210 36 7
6 505 36 3
394 414 36 1
162 78 36 15
246 539 36 15
191 255 36 17
385 491 36 13
50 216 36 1
449 315 36 7
171 462 36 9
49 3 36 9
501 70 36 4
165 525 36 2
317 139 36 1
172 446 36 6
96 151 36 5
331 535 36 6
281 100 36 8
66 63 36 20
494 233 36 4
405 343 36 2
463 297 36 5
541 523 36 16
546 354 36 11
144 40 36 16
343 135 36 20
248 465 36 3
97 199 36 13
223 326 36 16
178 272 36 8
533 129 36 5
404 106 36 8
345 161 36 16
324 222 36 5
380 427 36 13
457 284 36 6
76 532 36 8
353 143 36 16
182 428 36 18
73 58 36 12
258 43 36 6
239 509 36 1
31 368 36 19
345 144 36 11
527 38 36 13
139 495 36 17
494 23 36 13
282 437 36 14
267 71 36 10
93 205 36 20
189 462 36 1
538 216 36 13
445 246 36 13
27 44 36 8
440 23 36 18
185 224 36 9
275 232 36 13
350 513 36 12
82 295 36 18
241 387 36 18
395 90 36 11
169 80 36 10
389 524 36 14
491 66 36 9
190 20 36 19
473 266 36 17
218 540 36 12
47 404 36 6
250 485 36 12
38 178 36 3
30 88 36 15
483 256 36 4
58 160 36 20
487 165 36 20
412 354 36 19
421 341 36 9
169 73 36 18
148 119 36 8
154 368 36 14
455 467 36 7
109 496 36 5
400 494 36 12
224 4 36 9
86 5 36 4
75 478 36 7
21 413 36 13
294 34 36 8
74 243 36 14
196 459 36 4
380 366 36 9
194 474 36 12
157 327 36 9
437 65 36 9
330 150 36 17
387 286 36 9
312 368 36 16
93 114 36 5
494 187 36 9
528 445 36 12
444 339 36 18
280 47 36 17
65 203 36 20
404 154 36 10
200 483 36 14
123 322 36 3
462 149 36 7
181 241 36 14
480 187 36 6
52 229 36 9
20 126 36 17
415 405 36 8
252 531 36 18
476 388 36 18
218 102 36 2
170 224 36 19
408 138 36 9
465 380 36 16
151 375 36 18
85 426 36 10
463 508 36 6
147 437 36 14
362 141 36 11
356 132 36 20
503 411 36 14
39 33 36 1
21 502 36 19
88 482 36 13
458 85 36 1
468 231 36 3
221 146 36 17
37 292 36 4
319 168 36 18
38 523 36 5
206 540 36 11
413 32 36 1
421 52 36 7
19 201 36 18
58 112 36 4
410 94 36 18
217 314 36 12
531 350 36 18
187 183 36 11
46 283 36 12
36 488 36 18
498 416 36 3
446 289 36 5
410 369 36 13
308 426 36 5
290 350 36 7
79 19 36 20
498 2 36 1
238 189 36 15
83 234 36 13
27 332 36 2
510 282 36 10
478 180 36 6
11 42 36 8
354 349 36 12
323 153 36 8
323 231 36 8
151 243 36 14
390 480 36 4
265 77 36 11
483 165 36 8
157 128 36 17
246 58 36 9
200 130 36 20
460 546 36 9
114 321 36 9
179 97 36 19
262 309 36 20
347 152 36 11
135 416 36 12
219 413 36 16
24 23 36 2
173 330 36 4
502 530 36 15
387 504 36 2
73 132 36 5
521 310 36 15
106 25 36 11
542 433 36 4
363 83 36 1
323 301 36 14
386 386 36 5
90 74 36 3
461 90 36 16
414 476 36 19
365 63 36 9
89 37 36 7
34 204 36 18
225 198 36 15
82 75 36 20
416 398 36 8
130 298 36 14
414 449 36 19
542 362 36 11
105 228 36 1
233 45 36 6
8 196 36 17
31 229 36 1
201 515 36 1
257 111 36 7
457 41 36 11
410 170 36 8
202 36 36 4
128 92 36 13
144 196 36 19
87 491 36 5
93 498 36 5
197 43 36 17
19 306 36 11
100 15 36 10
318 534 36 18
385 396 36 9
203 112 36 18
531 302 36 9
126 445 36 7
496 531 36 4
426 77 36 16
65 335 36 4
480 416 36 15
376 30 36 15
445 347 36 2
6 185 36 15
284 449 36 9
51 432 36 1
518 72 36 14
148 21 36 20
269 508 36 13
402 87 36 9
30 81 36 3
26 519 36 15
98 416 36 1
156 421 36 14
124 158 36 10
204 270 36 16
100 240 36 12
378 387 36 9
155 170 36 11
69 24 36 3
380 116 36 12
74 203 36 10
345 300 36 18
477 455 36 2
246 31 36 5
525 297 36 13
203 396 36 18
437 289 36 6
269 505 36 14
60 26 36 3
547 468 36 14
506 56 36 9
497 400 36 6
419 391 36 6
152 151 36 4
166 128 36 3
449 330 36 19
486 282 36 10
424 3 36 15
532 62 36 7
179 62 36 5
487 82 36 11
513 93 36 13
290 511 36 9
37 177 36 6
423 342 36 3
73 305 36 17
56 243 36 18
390 120 36 19
133 104 36 18
511 282 36 10
262 284 36 18
69 311 36 12
399 115 36 20
510 213 36 9
287 150 36 9
192 222 36 6
3 340 36 7
95 182 36 11
189 376 36 3
468 340 36 4
262 116 36 1
198 184 36 2
227 97 36 5
282 60 36 14
28 408 36 6
115 114 36 13
507 116 36 3
48 210 36 9
316 460 36 6
203 381 36 3
372 95 36 12
338 354 36 17
130 96 36 8
521 439 36 7
92 466 36 19
360 33 36 17
303 540 36 11
99 102 36 16
77 479 36 12
430 135 36 19
152 506 36 15
474 358 36 17
495 487 36 1
66 522 36 14
304 129 36 16
465 3 36 16
131 305 36 10
36 466 36 13
150 542 36 19
239 486 36 3
161 90 36 16
301 16 36 19
248 511 36 16
289 91 36 13
222 394 36 14
72 374 36 4
17 504 36 9
501 539 36 10
54 203 36 16
86 442 36 4
251 117 36 8
437 480 36 15
495 180 36 6
7 468 36 16
103 204 36 4
327 276 36 7
7 354 36 14
53 308 36 15
17 423 36 5
37 508 36 20
542 212 36 6
42 163 36 12
104 172 36 11
192 178 36 7
431 281 36 3
32 60 36 5
491 128 36 8
483 242 36 14
466 258 36 15
105 356 36 20
308 350 36 5
19 391 36 5
333 10 36 18
217 263 36 12
146 146 36 2
278 178 36 9
138 183 36 18
413 119 36 7
449 37 36 7
360 203 36 11
293 511 36 8
438 44 36 19
259 377 36 16
314 108 36 20
484 253 36 11
511 530 36 11
50 182 36 6
264 48 36 14
235 11 36 17
463 432 36 18
14 177 36 2
462 129 36 14
207 450 36 12
84 216 36 2
162 214 36 20
447 177 36 18
424 288 36 14
98 5 36 2
438 301 36 12
329 216 36 14
484 291 36 19
56 206 36 17
280 474 36 7
395 10 36 19
132 171 36 8
122 132 36 11
219 8 36 20
497 168 36 13
337 58 36 8
187 448 36 19
530 384 36 9
502 501 36 4
56 233 36 7
59 142 36 9
339 274 36 15
285 457 36 1
469 128 36 11
394 139 36 9
384 475 36 1
128 176 36 11
210 158 36 20
521 113 36 19
5 230 36 11
509 351 36 9
538 142 36 17
190 489 36 14
520 472 36 19
435 380 36 3
517 217 36 13
109 406 36 6
210 68 36 1
148 104 36 3
39 108 36 12
224 132 36 15
66 122 36 2
243 311 36 19
392 345 36 16
121 233 36 18
50 202 36 8
454 373 36 14
2 35 36 14
254 182 36 17
133 282 36 10
241 21 36 6
91 86 36 18
206 391 36 16
324 235 36 4
304 417 36 5
179 528 36 7
332 435 36 1
405 498 36 5
546 204 36 4
304 398 36 2
232 91 36 3
229 243 36 7
409 448 36 1
414 286 36 7
217 43 36 19
251 283 36 7
64 130 36 16
249 534 36 11
531 532 36 4
447 351 36 17
159 35 36 6
439 326 36 12
319 187 36 2
42 116 36 12
546 332 36 11
496 97 36 16
364 161 36 9
182 471 36 19
11 454 36 13
106 415 36 2
535 27 36 11
85 527 36 10
363 298 36 16
56 339 36 3
96 399 36 19
179 347 36 16
59 225 36 5
68 406 36 14
63 479 36 10
105 37 36 18
497 86 36 18
377 171 36 5
96 533 36 9
2 103 36 6
85 198 36 18
499 438 36 11
463 496 36 11
163 16 36 7
334 79 36 8
412 245 36 2
481 195 36 13
29 86 36 19
103 243 36 3
536 245 36 6
275 391 36 20
474 343 36 14
472 320 36 9
147 482 36 7
352 269 36 12
426 195 36 8
51 190 36 3
371 218 36 8
313 382 36 16
241 432 36 3
394 221 36 11
260 147 36 9
502 71 36 1
207 279 36 15
536 84 36 5
459 24 36 12
79 75 36 13
502 445 36 5
525 210 36 16
243 512 36 10
206 421 36 16
74 133 36 11
284 149 36 17
328 417 36 13
306 406 36 8
68 317 36 17
85 457 36 14
292 411 36 19
230 388 36 7
3 145 36 19
268 350 36 2
145 485 36 19
229 283 36 10
446 63 36 17
394 369 36 5
425 498 36 10
479 97 36 19
123 450 36 10
272 133 36 6
146 197 36 2
532 464 36 14
305 123 36 2
211 414 36 4
266 312 36 2
190 158 36 20
34 97 36 2
256 28 36 4
387 212 36 13
443 546 36 7
401 144 36 5
503 190 36 13
470 10 36 9
375 282 36 9
77 62 36 5
388 251 36 5
98 346 36 4
304 116 36 11
60 502 36 6
266 459 36 5
56 312 36 2
105 268 36 6
132 190 36 20
281 79 36 14
297 155 36 16
138 58 36 4
137 217 36 12
231 520 36 11
415 33 36 9
326 298 36 17
234 415 36 10
348 34 36 15
167 165 36 5
56 508 36 20
165 257 36 9
398 394 36 12
396 530 36 9
254 276 36 5
166 143 36 20
95 468 36 10
544 155 36 10
210 17 36 7
144 183 36 3
329 239 36 17
107 465 36 10
40 377 36 14
154 287 36 19
422 541 36 15
178 159 36 4
27 315 36 1
174 373 36 13
250 36 36 9
359 179 36 8
148 22 36 8
506 128 36 14
26 168 36 3
2 321 36 20
22 258 36 10
317 497 36 11
207 523 36 2
80 211 36 1
169 522 36 8
213 334 36 10
16 543 36 19
57 17 36 6
139 42 36 12
536 105 36 8
188 126 36 13
441 504 36 20
306 164 36 12
1 305 36 20
68 474 36 11
232 201 36 5
27 216 36 4
452 334 36 3
395 472 36 3
83 523 36 19
153 225 36 11
480 118 36 15
209 424 36 5
37 424 36 1
76 6 36 20
90 237 36 18
13 263 36 6
479 167 36 19
414 76 36 15
453 220 36 15
111 372 36 11
503 304 36 20
243 27 36 17
270 126 36 11
55 201 36 2
312 352 36 9
223 365 36 13
472 296 36 12
508 225 36 4
468 192 36 19
527 302 36 10
263 257 36 3
178 15 36 15
517 346 36 4
246 400 36 1
528 165 36 6
13 449 36 6
370 373 36 12
407 333 36 7
35 315 36 5
430 294 36 16
102 9 36 11
139 187 36 3
203 218 36 20
392 463 36 4
359 505 36 5
130 33 36 9
265 464 36 13
272 323 36 9
442 420 36 1
317 302 36 17
494 403 36 13
504 541 36 10
466 259 36 8
288 165 36 18
510 523 36 8
411 105 36 4
151 431 36 6
326 156 36 10
286 112 36 18
13 490 36 1
34 498 36 8
126 454 36 5
465 434 36 15
475 175 36 13
400 199 36 10
344 63 36 1
383 213 36 5
275 53 36 11
5 338 36 1
154 351 36 8
119 384 36 18
486 24 36 3
300 489 36 15
433 478 36 7
184 392 36 2
458 188 36 7
351 85 36 18
127 360 36 1
121 426 36 14
225 95 36 3
272 213 36 12
270 152 36 12
236 451 36 18
26 398 36 17
53 35 36 18
340 7 36 1
142 357 36 8
218 545 36 6
409 118 36 8
391 405 36 6
175 129 36 12
405 460 36 6
174 148 36 4
430 174 36 13
70 288 36 12
162 142 36 7
442 283 36 6
322 15 36 13
13 486 36 4
130 329 36 6
341 18 36 6
280 423 36 15
307 49 36 13
362 540 36 8
267 124 36 14
268 286 36 8
275 242 36 12
153 16 36 4
90 29 36 19
145 158 36 7
57 14 36 14
160 293 36 12
175 52 36 12
337 475 36 4
126 194 36 11
263 523 36 4
542 250 36 15
70 464 36 2
222 7 36 20
374 213 36 8
245 332 36 2
196 491 36 14
83 180 36 1
81 516 36 20
71 156 36 17
184 481 36 13
98 537 36 16
191 121 36 17
361 405 36 19
75 231 36 13
493 538 36 17
315 248 36 8
491 330 36 12
233 410 36 10
450 480 36 4
376 179 36 9
277 276 36 20
489 528 36 1
71 403 36 18
206 477 36 5
69 422 36 5
262 251 36 19
399 256 36 11
291 489 36 15
90 453 36 4
169 281 36 7
180 72 36 20
243 14 36 1
426 84 36 7
466 352 36 11
251 482 36 2
27 196 36 11
49 109 36 13
463 400 36 2
193 4 36 5
464 172 36 1
428 414 36 12
58 109 36 16
339 534 36 9
413 452 36 2
479 217 36 7
420 243 36 13
126 292 36 10
25 207 36 7
537 461 36 9
407 377 36 14
10 257 36 8
294 376 36 6
106 229 36 4
2 95 36 7
372 26 36 12
68 507 36 14
21 85 36 9
82 172 36 3
58 223 36 17
37 82 36 8
249 153 36 20
328 447 36 6
29 67 36 4
326 130 36 14
526 502 36 6
458 22 36 20
86 104 36 12
66 247 36 13
315 304 36 5
416 402 36 4
470 104 36 2
295 493 36 3
11 36 36 2
503 361 36 18
541 402 36 6
120 312 36 8
268 459 36 4
500 525 36 20
480 292 36 5
73 222 36 17
356 206 36 20
244 16 36 6
94 26 36 8
10 528 36 15
540 37 36 20
540 156 36 18
75 485 36 4
323 499 36 5
208 431 36 15
458 18 36 4
78 373 36 17
348 132 36 19
16 225 36 7
329 234 36 3
455 288 36 2
497 342 36 9
303 479 36 6
83 254 36 6
449 461 36 11
75 433 36 15
531 511 36 3
160 373 36 18
352 389 36 6
22 170 36 8
343 139 36 14
92 88 36 16
543 390 36 7
446 535 36 2
301 498 36 16
40 87 36 10
343 132 36 7
48 354 36 18
432 158 36 1
492 241 36 11
363 36 36 18
36 127 36 17
50 184 36 10
543 145 36 7
194 445 36 16
368 484 36 9
427 341 36 11
26 389 36 8
482 273 36 2
357 279 36 7
400 156 36 10
35 191 36 19
303 241 36 4
476 236 36 13
151 429 36 3
324 311 36 14
98 190 36 10
3 277 36 15
262 274 36 18
192 83 36 5
425 482 36 18
208 516 36 20
117 272 36 17
272 262 36 8
24 413 36 14
221 189 36 4
478 286 36 17
528 350 36 1
482 126 36 4
222 380 36 19
