300 42
168 155 85 18
143 137 85 16
133 48 85 6
57 74 85 18
146 131 85 12
164 102 85 19
18 39 85 3
8 78 85 5
5 31 85 13
97 144 85 3
99 90 85 9
100 12 85 18
159 96 85 10
23 152 85 16
30 125 85 18
159 67 85 17
135 84 85 6
167 91 85 16
103 95 85 19
161 19 85 4
145 117 85 2
111 168 85 6
165 154 85 12
46 128 85 15
173 157 85 1
84 94 85 1
49 7 85 15
4 173 85 16
36 103 85 11
51 90 85 17
114 61 85 11
93 124 85 9
83 67 85 20
168 112 85 17
11 63 85 9
151 147 85 3
11 147 85 13
128 150 85 14
162 137 85 1
21 140 85 19
120 80 85 2
66 172 85 7
6 33 85 7
100 152 85 6
147 163 85 17
130 140 85 20
32 151 85 20
114 57 85 10
22 170 85 5
157 17 85 16
35 88 85 18
146 153 85 8
160 111 85 7
67 37 85 3
37 135 85 1
70 91 85 5
28 75 85 16
132 140 85 8
164 113 85 8
112 96 85 7
73 82 85 12
18 54 85 7
133 165 85 19
108 58 85 20
61 47 85 14
128 116 85 15
161 144 85 12
76 54 85 10
94 170 85 14
61 108 85 20
44 132 85 14
114 149 85 1
164 109 85 17
103 43 85 2
78 55 85 15
140 9 85 12
119 121 85 15
124 23 85 11
95 69 85 14
5 129 85 4
135 172 85 1
173 112 85 13
43 55 85 17
78 157 85 3
75 14 85 1
165 153 85 15
150 50 85 18
57 125 85 8
18 46 85 2
147 2 85 11
38 136 85 1
12 87 85 4
134 129 85 1
19 159 85 18
70 60 85 7
128 3 85 1
20 153 85 14
158 161 85 1
146 5 85 3
153 152 85 1
116 141 85 18
28 152 85 15
4 112 85 5
159 82 85 7
125 104 85 19
7 58 85 19
42 77 85 11
77 62 85 9
112 34 85 6
95 138 85 13
128 32 85 9
26 12 85 10
59 15 85 13
172 126 85 13
97 29 85 2
33 35 85 12
19 76 85 18
62 153 85 8
92 43 85 2
126 137 85 13
91 43 85 1
22 21 85 17
57 79 85 16
155 77 85 19
161 125 85 15
98 157 85 3
91 2 85 18
113 15 85 11
23 106 85 2
91 11 85 14
124 101 85 6
15 74 85 1
90 82 85 13
83 63 85 6
77 51 85 6
50 100 85 3
58 17 85 8
94 82 85 2
60 104 85 3
69 22 85 11
166 145 85 15
84 111 85 19
23 152 85 2
39 61 85 18
84 89 85 17
31 139 85 16
135 148 85 11
67 20 85 6
138 80 85 4
94 148 85 3
60 140 85 11
78 50 85 4
122 72 85 14
122 63 85 9
136 98 85 10
153 128 85 9
95 89 85 4
6 107 85 19
171 24 85 10
46 117 85 14
114 129 85 8
106 158 85 18
34 106 85 15
114 54 85 13
33 142 85 9
40 73 85 1
138 119 85 10
37 125 85 5
80 74 85 18
30 119 85 3
78 12 85 11
93 117 85 16
109 150 85 7
148 42 85 19
29 74 85 8
6 66 85 11
63 30 85 15
36 18 85 3
67 49 85 8
121 78 85 16
70 108 85 19
148 152 85 11
37 87 85 4
156 13 85 10
156 166 85 11
76 124 85 7
20 13 85 19
131 48 85 18
96 66 85 6
135 13 85 14
120 83 85 6
67 57 85 18
83 45 85 19
75 27 85 3
108 135 85 4
167 162 85 13
118 9 85 2
98 91 85 18
47 13 85 11
45 148 85 16
72 46 85 18
33 64 85 20
97 146 85 17
74 47 85 3
140 107 85 13
74 100 85 10
83 170 85 15
105 94 85 15
126 93 85 4
39 89 85 18
90 160 85 8
50 144 85 1
18 19 85 18
30 92 85 16
21 58 85 11
145 84 85 17
37 118 85 1
158 1 85 13
148 78 85 9
151 69 85 11
79 158 85 20
53 160 85 1
42 4 85 7
51 34 85 20
11 54 85 18
77 150 85 5
70 14 85 13
58 123 85 6
44 98 85 11
122 27 85 9
115 57 85 7
46 61 85 3
72 102 85 8
116 105 85 17
30 115 85 17
127 19 85 20
133 40 85 4
36 49 85 19
113 93 85 14
46 41 85 9
95 108 85 9
80 153 85 15
4 4 85 5
152 119 85 2
112 101 85 17
77 54 85 15
18 138 85 1
98 1 85 7
79 65 85 6
32 110 85 10
88 156 85 16
27 14 85 15
27 17 85 8
129 120 85 13
161 10 85 8
135 86 85 15
79 56 85 6
14 105 85 18
46 10 85 16
169 166 85 10
112 32 85 8
114 58 85 1
96 85 85 6
80 165 85 8
87 152 85 9
69 66 85 11
8 96 85 20
85 110 85 16
161 155 85 13
33 102 85 20
13 166 85 13
101 106 85 12
29 153 85 16
98 60 85 9
114 146 85 13
92 167 85 7
155 126 85 1
52 37 85 8
53 150 85 6
63 9 85 9
17 146 85 17
2 73 85 17
169 101 85 13
75 26 85 3
96 91 85 19
96 9 85 1
161 115 85 3
149 166 85 13
24 45 85 18
54 59 85 17
12 27 85 8
87 153 85 1
46 149 85 14
33 2 85 7
156 97 85 7
79 20 85 4
71 132 85 6
64 107 85 6
46 131 85 17
128 11 85 5
