300 100
143 37 36 18
67 161 36 15
95 114 36 17
115 79 36 17
10 6 36 5
81 173 36 13
124 46 36 10
47 12 36 14
81 161 36 10
120 141 36 9
95 62 36 6
141 80 36 1
104 2 36 8
95 68 36 10
102 77 36 12
162 109 36 15
127 59 36 4
88 105 36 14
20 13 36 7
115 132 36 11
90 5 36 8
52 145 36 1
127 28 36 2
142 74 36 7
14 2 36 15
17 115 36 3
145 68 36 8
19 107 36 18
30 127 36 12
153 68 36 16
22 109 36 20
77 113 36 2
87 66 36 7
50 159 36 20
32 124 36 1
90 141 36 14
36 112 36 3
88 82 36 7
148 63 36 2
48 167 36 5
30 140 36 6
17 44 36 13
52 130 36 3
114 132 36 19
76 115 36 18
116 32 36 4
97 19 36 15
145 58 36 15
79 32 36 16
91 79 36 6
171 109 36 9
138 77 36 10
44 128 36 13
140 68 36 18
48 95 36 11
79 37 36 19
78 133 36 4
91 56 36 5
13 87 36 20
75 4 36 3
5 126 36 11
151 90 36 3
43 85 36 12
141 51 36 16
24 98 36 2
21 4 36 2
2 33 36 13
125 123 36 18
8 88 36 2
47 162 36 10
116 118 36 8
121 95 36 19
28 89 36 17
15 56 36 14
68 31 36 2
43 4 36 13
5 130 36 7
100 81 36 6
29 40 36 5
169 86 36 3
91 29 36 5
139 149 36 20
8 128 36 8
9 142 36 3
12 37 36 20
113 79 36 3
169 35 36 10
84 134 36 17
74 114 36 15
102 61 36 9
71 152 36 20
108 69 36 19
67 76 36 8
19 36 36 12
26 173 36 17
15 112 36 13
8 60 36 13
129 143 36 11
158 168 36 6
6 97 36 1
112 119 36 4
25 53 36 2
38 72 36 19
130 90 36 9
66 67 36 7
115 33 36 6
69 40 36 17
58 169 36 18
132 105 36 4
98 110 36 10
125 48 36 15
82 24 36 19
60 13 36 18
113 143 36 15
105 160 36 8
145 102 36 5
27 170 36 19
16 6 36 5
99 137 36 7
4 62 36 2
130 138 36 8
28 47 36 2
104 106 36 16
77 170 36 16
92 101 36 5
172 24 36 12
64 50 36 5
169 65 36 19
95 116 36 18
78 71 36 6
123 28 36 3
42 7 36 5
109 110 36 1
64 139 36 13
113 57 36 2
149 7 36 13
112 71 36 1
24 66 36 4
163 112 36 1
169 142 36 3
15 91 36 10
46 132 36 20
76 67 36 1
162 83 36 9
72 147 36 3
34 122 36 10
19 13 36 15
54 36 36 8
58 150 36 14
3 145 36 2
19 111 36 6
14 157 36 1
141 11 36 20
31 124 36 19
11 22 36 9
47 7 36 1
166 26 36 8
10 31 36 6
43 88 36 4
140 43 36 13
32 61 36 16
14 27 36 9
79 167 36 16
163 24 36 10
107 159 36 2
150 157 36 7
142 149 36 16
145 158 36 1
136 153 36 7
104 119 36 5
43 151 36 17
44 164 36 13
154 22 36 16
52 136 36 14
74 21 36 7
70 171 36 9
72 139 36 10
51 62 36 15
108 25 36 1
32 128 36 13
171 122 36 3
150 117 36 8
154 97 36 17
152 101 36 1
124 126 36 11
34 22 36 6
147 45 36 3
15 47 36 13
41 155 36 14
170 138 36 17
120 136 36 18
172 64 36 17
167 44 36 9
57 22 36 3
35 98 36 20
33 131 36 20
153 56 36 11
113 23 36 6
86 15 36 19
36 11 36 16
160 83 36 4
12 33 36 20
153 26 36 8
169 35 36 17
65 21 36 19
86 5 36 1
128 157 36 11
119 48 36 3
32 85 36 3
50 120 36 8
158 107 36 13
55 70 36 4
140 1 36 6
144 169 36 18
73 12 36 5
99 97 36 5
34 52 36 15
149 122 36 9
114 153 36 11
92 155 36 16
81 91 36 11
104 146 36 6
160 112 36 5
20 34 36 8
135 58 36 19
49 156 36 7
140 16 36 5
166 117 36 3
114 57 36 17
98 148 36 7
29 8 36 8
18 111 36 14
76 49 36 4
86 68 36 7
92 154 36 13
61 29 36 6
1 120 36 8
70 64 36 11
87 129 36 9
35 6 36 17
138 34 36 9
110 4 36 1
54 31 36 6
61 117 36 19
54 160 36 11
105 47 36 4
138 172 36 4
90 68 36 15
34 106 36 15
158 141 36 17
84 57 36 8
17 166 36 19
13 46 36 7
9 58 36 7
120 112 36 7
164 43 36 13
16 132 36 7
112 173 36 3
98 33 36 13
40 18 36 19
160 53 36 15
45 70 36 20
153 34 36 19
71 42 36 4
57 113 36 12
29 56 36 8
172 71 36 17
141 9 36 6
129 106 36 19
49 98 36 3
62 36 36 14
82 80 36 1
143 12 36 8
27 82 36 8
142 91 36 20
147 119 36 9
21 70 36 15
103 37 36 17
60 165 36 17
126 165 36 10
36 5 36 16
171 87 36 17
155 56 36 17
171 34 36 14
133 128 36 13
82 101 36 12
163 74 36 4
16 3 36 7
127 14 36 19
122 139 36 9
90 1 36 10
170 124 36 10
156 105 36 20
154 54 36 7
60 13 36 17
8 46 36 17
26 35 36 19
114 2 36 11
64 128 36 5
131 77 36 5
