3000 428
346 377 84 3
39 22 84 16
444 180 84 10
442 135 84 14
541 59 84 20
29 7 84 7
545 91 84 18
368 59 84 17
449 525 84 20
320 330 84 16
71 128 84 3
265 166 84 13
45 125 84 12
281 19 84 12
374 12 84 8
160 102 84 19
135 161 84 9
248 529 84 9
442 430 84 13
402 265 84 4
350 335 84 8
188 115 84 20
48 159 84 13
88 440 84 7
261 328 84 15
70 2 84 13
432 136 84 19
400 383 84 18
425 278 84 15
490 194 84 9
336 543 84 12
372 246 84 15
89 293 84 17
476 380 84 14
335 156 84 19
266 287 84 17
299 172 84 12
8 24 84 15
244 448 84 17
425 452 84 1
385 303 84 16
133 127 84 3
56 277 84 18
138 206 84 2
174 540 84 17
53 258 84 10
480 10 84 12
433 17 84 3
346 322 84 4
474 262 84 14
249 99 84 10
143 293 84 11
282 411 84 15
166 63 84 8
492 237 84 8
488 351 84 2
224 283 84 13
192 230 84 20
122 29 84 12
14 502 84 12
419 265 84 12
518 469 84 2
320 203 84 18
336 369 84 8
73 313 84 4
286 316 84 5
272 54 84 11
329 245 84 1
464 366 84 2
374 441 84 2
544 313 84 20
390 345 84 13
529 179 84 13
45 514 84 19
109 101 84 4
533 449 84 3
213 235 84 14
175 17 84 20
429 480 84 17
101 306 84 6
399 365 84 2
415 207 84 14
414 188 84 16
6 233 84 3
29 403 84 1
426 451 84 11
44 116 84 6
262 353 84 9
239 234 84 19
97 396 84 17
458 248 84 9
36 177 84 2
21 43 84 3
183 48 84 8
312 138 84 16
57 16 84 11
249 59 84 9
129 382 84 3
87 136 84 10
525 294 84 15
236 204 84 12
311 240 84 8
107 260 84 19
91 442 84 6
431 269 84 18
80 387 84 4
178 88 84 20
454 279 84 17
535 365 84 13
364 342 84 16
527 30 84 1
513 402 84 12
67 509 84 3
333 114 84 1
100 545 84 1
67 77 84 3
49 316 84 2
151 285 84 2
88 334 84 15
284 151 84 9
227 192 84 10
435 157 84 8
335 285 84 7
71 71 84 17
248 170 84 18
271 298 84 17
70 346 84 5
81 497 84 9
370 99 84 3
477 445 84 9
502 124 84 9
9 11 84 7
527 407 84 1
459 477 84 11
20 239 84 14
62 509 84 18
305 94 84 4
316 174 84 6
126 59 84 8
207 535 84 7
16 4 84 18
500 12 84 1
47 54 84 19
488 27 84 14
389 46 84 7
37 170 84 1
530 474 84 20
336 304 84 5
91 429 84 8
6 150 84 16
366 165 84 17
363 118 84 12
371 226 84 9
299 166 84 18
219 70 84 10
439 168 84 8
135 212 84 20
472 547 84 18
497 152 84 14
95 158 84 19
227 38 84 4
424 400 84 15
85 223 84 14
409 37 84 16
212 317 84 9
122 208 84 14
202 342 84 19
207 328 84 1
31 339 84 11
344 433 84 2
198 174 84 20
279 50 84 15
538 135 84 18
476 58 84 17
95 269 84 9
329 452 84 16
246 106 84 15
375 375 84 4
18 467 84 17
297 263 84 3
311 461 84 7
299 254 84 7
202 306 84 12
390 297 84 18
66 391 84 6
59 234 84 2
320 542 84 4
376 369 84 1
275 386 84 14
27 197 84 17
211 22 84 19
84 383 84 12
7 37 84 6
125 488 84 11
301 7 84 14
259 127 84 8
122 446 84 13
91 337 84 12
433 64 84 5
148 152 84 2
187 362 84 10
139 508 84 19
406 514 84 11
431 153 84 17
206 515 84 16
432 227 84 5
345 348 84 3
252 438 84 13
42 386 84 18
279 48 84 18
228 234 84 16
198 372 84 17
3 292 84 20
453 175 84 8
359 380 84 8
271 265 84 16
371 124 84 17
370 376 84 4
157 479 84 16
70 273 84 19
133 15 84 9
73 212 84 16
520 276 84 3
386 243 84 11
529 55 84 16
30 387 84 10
366 273 84 20
502 157 84 11
44 313 84 14
518 444 84 20
7 92 84 15
276 164 84 20
431 137 84 13
330 37 84 12
404 18 84 18
434 109 84 6
181 474 84 19
113 429 84 12
483 534 84 17
237 505 84 5
325 26 84 12
427 302 84 5
255 185 84 5
358 515 84 19
218 433 84 17
133 381 84 16
496 76 84 1
99 188 84 2
405 185 84 10
538 483 84 11
21 260 84 3
142 201 84 19
489 455 84 2
424 265 84 17
396 545 84 15
448 130 84 11
61 140 84 6
209 300 84 11
239 157 84 18
255 147 84 10
290 230 84 20
412 371 84 20
289 312 84 3
412 189 84 11
502 99 84 17
54 61 84 10
471 121 84 15
416 392 84 10
125 83 84 10
504 399 84 20
334 203 84 7
423 67 84 2
165 417 84 11
424 281 84 17
463 297 84 18
498 350 84 4
116 273 84 8
543 203 84 12
114 328 84 9
449 346 84 16
446 132 84 7
125 7 84 1
237 234 84 11
113 172 84 16
239 87 84 14
525 38 84 1
325 215 84 17
246 210 84 17
72 385 84 14
528 287 84 5
349 247 84 9
373 372 84 7
525 123 84 20
546 235 84 10
301 535 84 18
415 512 84 6
269 352 84 3
519 50 84 4
363 183 84 17
111 163 84 5
205 27 84 19
492 399 84 4
238 376 84 14
280 436 84 11
8 190 84 19
369 57 84 19
283 387 84 15
410 358 84 6
324 236 84 4
76 346 84 8
175 65 84 15
521 9 84 3
206 309 84 12
75 103 84 13
178 110 84 20
268 540 84 11
447 275 84 14
367 200 84 17
399 523 84 1
66 113 84 7
19 288 84 18
484 323 84 8
376 44 84 2
97 118 84 8
253 296 84 19
51 78 84 12
514 524 84 18
331 406 84 6
505 257 84 11
368 384 84 7
153 464 84 13
487 400 84 11
407 229 84 5
88 325 84 20
480 92 84 13
496 142 84 2
505 170 84 11
241 15 84 1
238 519 84 10
148 401 84 1
233 6 84 1
120 8 84 18
268 414 84 13
520 17 84 18
343 11 84 5
523 22 84 13
296 526 84 16
107 281 84 15
323 518 84 10
248 180 84 3
133 475 84 6
419 47 84 14
73 376 84 2
79 411 84 2
409 268 84 1
283 306 84 14
360 54 84 20
59 222 84 8
381 544 84 11
190 244 84 16
399 376 84 4
128 309 84 11
474 444 84 9
139 522 84 13
429 384 84 10
244 119 84 5
143 479 84 11
19 52 84 18
238 495 84 18
488 199 84 12
371 112 84 20
243 301 84 3
224 227 84 9
95 427 84 10
376 370 84 16
439 129 84 7
199 271 84 10
135 351 84 20
293 41 84 4
446 44 84 11
296 476 84 7
97 234 84 6
207 519 84 4
151 66 84 12
132 503 84 1
495 394 84 5
492 107 84 9
420 304 84 1
524 49 84 7
27 494 84 15
338 304 84 16
212 463 84 16
449 122 84 18
366 273 84 2
224 466 84 8
389 475 84 9
198 420 84 19
276 354 84 3
158 330 84 15
143 419 84 8
170 271 84 15
188 482 84 14
439 446 84 19
52 326 84 11
401 2 84 19
158 390 84 11
309 102 84 4
81 378 84 15
156 50 84 9
341 254 84 8
472 424 84 3
422 126 84 12
287 18 84 1
274 131 84 5
109 532 84 15
348 142 84 4
29 450 84 7
129 45 84 10
97 200 84 9
395 55 84 17
79 527 84 2
33 463 84 19
46 203 84 6
441 538 84 8
130 99 84 19
304 508 84 18
445 536 84 4
141 179 84 17
275 276 84 9
521 185 84 8
412 326 84 16
302 420 84 11
318 465 84 7
351 421 84 2
515 3 84 15
115 368 84 19
466 266 84 14
173 468 84 1
533 257 84 20
60 231 84 19
189 157 84 12
359 458 84 13
445 291 84 7
185 94 84 1
525 123 84 12
478 300 84 18
391 218 84 11
355 452 84 17
13 499 84 10
492 74 84 9
186 324 84 19
143 136 84 5
35 33 84 6
391 279 84 19
73 318 84 10
366 248 84 7
479 154 84 19
373 23 84 12
248 35 84 12
380 42 84 2
195 227 84 5
228 432 84 9
172 466 84 8
467 371 84 9
371 443 84 20
398 323 84 1
176 316 84 9
234 141 84 5
259 451 84 15
235 283 84 17
284 540 84 9
109 220 84 3
132 453 84 15
248 373 84 19
96 258 84 7
324 108 84 2
314 346 84 10
457 94 84 12
137 352 84 6
461 39 84 5
341 384 84 4
448 8 84 5
500 201 84 2
533 448 84 3
326 59 84 6
139 382 84 2
273 210 84 20
176 119 84 6
282 255 84 17
352 231 84 2
220 24 84 16
80 471 84 10
160 486 84 17
145 471 84 4
79 311 84 4
208 511 84 4
507 237 84 16
57 474 84 8
310 270 84 9
429 137 84 12
101 356 84 17
157 436 84 2
220 48 84 20
545 254 84 10
224 394 84 10
507 54 84 8
202 14 84 16
43 132 84 11
65 503 84 10
341 446 84 5
362 547 84 12
406 218 84 19
436 500 84 18
466 497 84 10
481 235 84 1
260 257 84 17
64 458 84 18
104 500 84 15
132 17 84 7
430 419 84 8
379 233 84 5
137 154 84 13
329 104 84 8
84 23 84 10
153 503 84 4
69 277 84 16
38 340 84 6
144 443 84 1
381 90 84 14
89 519 84 19
305 413 84 13
519 2 84 19
528 330 84 2
427 475 84 18
400 81 84 12
60 149 84 20
523 248 84 15
349 391 84 6
189 286 84 1
46 437 84 9
384 194 84 13
407 227 84 9
98 208 84 3
439 149 84 14
318 1 84 14
214 122 84 12
386 159 84 20
351 22 84 3
274 211 84 7
285 318 84 7
330 216 84 2
240 137 84 9
151 234 84 11
454 188 84 3
137 20 84 20
509 233 84 3
544 71 84 13
341 484 84 9
43 272 84 5
30 9 84 18
454 339 84 13
38 93 84 16
334 244 84 15
414 212 84 1
34 410 84 15
325 371 84 20
190 429 84 16
214 284 84 8
260 326 84 2
30 417 84 10
118 385 84 5
484 423 84 19
439 271 84 11
80 138 84 12
518 233 84 7
427 10 84 9
84 199 84 1
358 475 84 2
83 187 84 18
79 216 84 15
145 396 84 9
65 332 84 12
15 285 84 4
332 364 84 16
251 396 84 2
32 276 84 13
307 359 84 20
463 231 84 10
417 313 84 16
211 453 84 18
421 50 84 14
469 114 84 4
454 190 84 11
101 521 84 14
493 224 84 8
509 317 84 1
48 76 84 12
395 53 84 16
122 469 84 20
97 194 84 17
350 68 84 9
450 51 84 7
397 505 84 7
80 120 84 13
189 65 84 2
147 26 84 6
379 136 84 19
485 45 84 7
273 229 84 17
436 387 84 16
503 189 84 16
73 154 84 1
366 3 84 9
301 144 84 4
271 333 84 13
465 479 84 11
429 372 84 9
45 309 84 6
260 97 84 16
397 47 84 2
243 2 84 4
217 137 84 5
242 17 84 12
348 379 84 4
511 102 84 17
192 82 84 19
507 510 84 10
472 69 84 15
543 328 84 16
296 178 84 17
435 482 84 6
339 213 84 12
335 517 84 13
456 317 84 3
174 281 84 19
224 534 84 9
267 8 84 11
135 479 84 3
373 536 84 15
222 284 84 12
117 233 84 9
75 25 84 18
170 421 84 14
342 329 84 17
408 503 84 3
28 241 84 12
338 508 84 6
125 157 84 13
527 44 84 11
162 265 84 10
37 443 84 9
392 517 84 18
537 201 84 2
42 58 84 16
473 465 84 4
151 7 84 2
363 406 84 19
519 530 84 13
184 509 84 2
384 123 84 17
382 159 84 2
128 66 84 18
445 117 84 14
150 159 84 17
184 146 84 2
234 296 84 11
40 111 84 20
353 145 84 3
337 390 84 10
364 288 84 19
170 122 84 11
418 312 84 5
151 209 84 18
84 359 84 4
74 57 84 15
43 352 84 2
18 392 84 7
398 259 84 9
337 49 84 20
175 412 84 14
259 35 84 9
502 514 84 4
325 117 84 16
265 200 84 11
424 273 84 12
244 315 84 15
359 394 84 12
99 306 84 9
108 95 84 3
505 269 84 3
96 528 84 16
417 544 84 3
17 322 84 15
310 101 84 3
539 524 84 17
214 220 84 16
303 93 84 12
298 254 84 14
5 361 84 6
306 318 84 7
534 475 84 17
311 406 84 6
117 422 84 9
524 185 84 12
98 238 84 2
7 451 84 15
231 269 84 10
301 19 84 19
191 23 84 6
176 391 84 7
430 439 84 2
178 265 84 13
532 381 84 1
113 419 84 15
403 31 84 5
123 38 84 15
124 268 84 18
279 83 84 9
141 335 84 18
362 511 84 18
478 455 84 19
460 147 84 1
362 132 84 14
138 306 84 12
161 162 84 2
358 284 84 11
36 407 84 3
529 200 84 1
494 340 84 18
58 217 84 12
12 147 84 13
466 121 84 14
91 544 84 11
157 135 84 4
157 295 84 17
187 167 84 7
254 203 84 12
103 184 84 2
96 130 84 6
485 187 84 19
291 260 84 11
3 179 84 10
409 269 84 14
461 487 84 14
272 96 84 13
243 282 84 19
13 50 84 7
188 214 84 18
78 371 84 7
370 309 84 13
268 52 84 7
375 116 84 5
118 525 84 11
404 500 84 7
277 224 84 15
444 467 84 2
292 479 84 4
343 181 84 17
30 321 84 11
455 143 84 1
35 472 84 14
422 362 84 11
501 479 84 16
302 397 84 19
42 126 84 9
486 84 84 17
180 375 84 6
471 232 84 7
428 261 84 14
208 169 84 12
297 265 84 20
13 201 84 11
330 155 84 11
201 456 84 1
25 12 84 18
72 497 84 10
100 130 84 11
59 53 84 5
322 480 84 7
359 140 84 13
114 498 84 7
279 511 84 6
320 355 84 8
354 9 84 19
237 95 84 9
307 166 84 5
460 265 84 15
503 385 84 19
230 221 84 13
217 94 84 7
435 208 84 3
432 486 84 17
82 321 84 7
434 189 84 13
208 488 84 13
541 247 84 15
276 160 84 19
202 177 84 18
242 406 84 15
214 75 84 18
387 24 84 12
26 517 84 8
175 114 84 3
132 62 84 11
220 269 84 5
341 324 84 18
141 114 84 2
206 315 84 8
169 9 84 4
353 284 84 4
84 186 84 2
83 211 84 18
21 448 84 7
279 32 84 8
241 251 84 12
142 106 84 18
352 247 84 20
174 514 84 2
234 135 84 8
152 3 84 8
207 86 84 18
347 230 84 4
518 251 84 9
256 44 84 12
54 346 84 5
183 488 84 2
89 354 84 8
108 43 84 14
503 276 84 9
422 490 84 16
78 211 84 4
465 72 84 5
31 104 84 17
106 359 84 10
212 413 84 20
84 48 84 10
61 198 84 17
346 305 84 15
50 323 84 3
497 197 84 3
400 274 84 7
387 254 84 12
119 346 84 3
101 452 84 20
189 116 84 13
13 261 84 13
386 383 84 19
80 243 84 20
364 292 84 19
376 304 84 7
392 156 84 6
133 57 84 19
492 238 84 1
407 338 84 15
196 41 84 4
459 53 84 18
223 500 84 12
246 33 84 19
88 396 84 2
253 286 84 11
67 130 84 5
216 262 84 16
10 206 84 11
211 127 84 6
378 323 84 12
113 296 84 18
109 518 84 3
488 278 84 6
15 366 84 10
442 71 84 1
141 199 84 1
541 414 84 16
513 485 84 17
175 210 84 6
175 40 84 7
277 153 84 12
431 323 84 4
53 263 84 3
254 339 84 11
303 296 84 7
152 436 84 17
192 491 84 18
493 519 84 14
514 146 84 19
115 320 84 13
161 111 84 6
503 542 84 11
269 47 84 5
312 363 84 20
297 180 84 15
352 332 84 4
58 38 84 12
239 531 84 13
358 497 84 9
140 126 84 19
85 349 84 12
120 304 84 19
54 87 84 2
251 398 84 5
240 209 84 9
38 13 84 7
334 70 84 19
26 309 84 11
298 181 84 7
168 382 84 6
358 466 84 13
174 100 84 3
45 154 84 9
510 404 84 3
305 96 84 17
280 196 84 15
100 529 84 15
505 69 84 17
346 428 84 2
261 48 84 2
301 468 84 19
204 156 84 8
410 200 84 10
156 225 84 13
362 44 84 6
229 323 84 14
170 485 84 5
181 442 84 10
500 303 84 1
515 78 84 10
364 378 84 4
131 34 84 18
60 443 84 3
142 114 84 7
81 537 84 10
177 218 84 10
530 449 84 4
379 83 84 14
296 35 84 11
155 64 84 1
61 427 84 1
497 11 84 11
540 132 84 18
236 274 84 17
218 354 84 3
244 45 84 12
107 89 84 10
454 467 84 20
272 277 84 10
393 431 84 4
43 491 84 17
133 440 84 14
317 495 84 14
459 183 84 19
167 401 84 13
411 159 84 9
387 265 84 16
265 233 84 14
224 504 84 16
280 349 84 14
338 454 84 14
399 101 84 14
470 479 84 13
125 391 84 5
116 10 84 15
459 421 84 13
362 322 84 8
352 39 84 15
324 263 84 19
24 542 84 8
155 394 84 17
291 245 84 3
381 167 84 12
419 354 84 18
154 469 84 13
289 442 84 18
35 256 84 16
107 123 84 18
411 508 84 2
124 531 84 1
186 200 84 8
278 5 84 9
470 448 84 11
47 319 84 6
75 472 84 1
113 275 84 12
86 309 84 1
443 477 84 2
229 340 84 9
339 463 84 1
443 164 84 13
456 441 84 16
167 364 84 1
44 472 84 16
336 546 84 1
64 174 84 18
233 259 84 11
173 154 84 7
235 444 84 12
319 235 84 5
387 193 84 4
231 101 84 17
79 267 84 7
375 372 84 5
503 222 84 13
9 347 84 10
397 33 84 13
62 205 84 3
202 502 84 15
73 273 84 12
468 174 84 13
479 404 84 9
383 545 84 10
228 372 84 16
481 327 84 14
248 397 84 2
188 309 84 17
449 432 84 7
378 86 84 8
203 158 84 4
387 140 84 13
154 133 84 13
146 31 84 13
404 258 84 13
63 191 84 13
491 501 84 12
172 203 84 1
493 104 84 10
534 543 84 18
529 199 84 7
312 38 84 3
268 254 84 3
142 461 84 1
76 379 84 15
318 441 84 10
464 385 84 1
522 71 84 13
340 16 84 4
43 65 84 14
440 108 84 11
447 481 84 6
109 263 84 10
451 467 84 8
275 542 84 5
419 374 84 8
206 353 84 3
493 327 84 19
497 181 84 5
58 285 84 18
162 177 84 13
40 139 84 11
503 309 84 18
187 274 84 12
331 64 84 1
306 482 84 14
237 140 84 10
4 147 84 5
389 96 84 7
366 154 84 19
407 377 84 8
70 416 84 10
214 372 84 3
136 73 84 4
523 404 84 19
358 224 84 10
143 460 84 6
218 464 84 3
134 367 84 10
230 247 84 13
126 106 84 14
199 237 84 7
409 451 84 6
505 39 84 12
266 76 84 3
213 495 84 11
95 90 84 17
177 307 84 14
406 440 84 1
183 185 84 2
237 310 84 6
120 508 84 5
418 432 84 2
118 389 84 14
375 169 84 13
3 382 84 10
463 538 84 20
227 167 84 2
31 25 84 18
201 269 84 9
132 20 84 1
168 139 84 11
503 72 84 3
193 189 84 15
531 78 84 8
459 142 84 7
272 57 84 2
237 346 84 2
509 376 84 7
188 92 84 20
51 223 84 3
285 453 84 11
542 470 84 20
198 177 84 19
181 222 84 19
456 133 84 2
18 467 84 7
179 156 84 5
506 117 84 5
373 304 84 4
24 416 84 11
241 216 84 10
49 272 84 2
538 470 84 4
182 165 84 3
451 73 84 9
375 152 84 5
418 330 84 10
259 288 84 16
538 176 84 10
360 199 84 14
467 439 84 6
541 487 84 20
537 539 84 17
163 174 84 4
10 77 84 20
51 513 84 19
497 384 84 14
66 157 84 18
298 147 84 18
349 22 84 5
269 3 84 5
403 59 84 5
324 48 84 19
167 272 84 7
174 343 84 19
253 394 84 5
483 405 84 14
10 532 84 18
434 282 84 7
423 84 84 3
126 414 84 4
266 331 84 16
408 108 84 16
542 274 84 18
301 448 84 14
137 215 84 15
547 151 84 6
246 222 84 16
163 108 84 20
227 46 84 12
374 171 84 13
39 498 84 1
370 421 84 6
202 415 84 4
368 168 84 11
391 366 84 6
260 365 84 18
110 125 84 20
429 288 84 15
544 29 84 7
258 465 84 5
384 18 84 13
232 387 84 16
311 42 84 16
117 471 84 20
431 314 84 5
475 88 84 1
122 197 84 7
53 140 84 14
153 198 84 12
236 455 84 18
66 292 84 20
455 38 84 13
109 349 84 5
300 527 84 1
112 472 84 18
352 400 84 18
409 36 84 10
43 150 84 9
27 302 84 15
39 52 84 10
515 179 84 20
523 87 84 9
308 257 84 17
197 9 84 12
70 121 84 4
257 472 84 11
45 395 84 10
92 499 84 19
277 525 84 18
113 78 84 19
466 107 84 4
500 82 84 20
87 452 84 7
84 163 84 12
60 232 84 11
508 3 84 4
322 48 84 11
172 139 84 7
172 477 84 8
50 43 84 15
526 508 84 7
87 522 84 13
281 124 84 4
184 269 84 17
158 329 84 4
313 289 84 12
455 63 84 1
505 297 84 1
445 468 84 20
425 32 84 5
544 10 84 13
222 97 84 20
106 377 84 1
379 76 84 12
329 295 84 17
511 122 84 3
210 91 84 1
503 49 84 19
449 493 84 8
386 432 84 5
366 428 84 20
367 165 84 17
405 270 84 7
19 164 84 3
449 492 84 1
174 517 84 19
188 179 84 18
326 196 84 3
275 159 84 4
144 545 84 18
44 425 84 1
15 306 84 9
21 164 84 18
527 182 84 18
14 145 84 9
342 319 84 16
306 506 84 16
361 346 84 7
526 73 84 3
90 216 84 9
147 321 84 17
84 335 84 16
186 417 84 20
134 458 84 13
245 471 84 16
300 265 84 8
387 86 84 20
168 508 84 12
206 487 84 6
340 91 84 17
534 237 84 9
119 320 84 5
72 20 84 3
126 153 84 7
486 397 84 13
443 212 84 11
171 113 84 1
466 342 84 12
74 547 84 17
301 340 84 8
258 388 84 14
50 21 84 15
176 93 84 13
234 280 84 15
265 218 84 8
157 175 84 15
437 345 84 7
256 325 84 5
35 460 84 13
300 213 84 7
170 532 84 3
214 34 84 14
92 272 84 10
537 20 84 6
41 284 84 12
3 502 84 9
176 392 84 10
461 162 84 8
56 196 84 4
136 10 84 13
131 179 84 1
452 392 84 18
370 545 84 18
380 535 84 15
122 28 84 6
144 92 84 13
341 267 84 9
397 242 84 15
230 298 84 6
38 495 84 6
59 78 84 14
126 44 84 15
226 413 84 3
113 245 84 15
504 429 84 13
146 25 84 16
352 365 84 10
464 214 84 10
190 506 84 3
111 58 84 10
103 116 84 9
273 303 84 8
349 529 84 14
361 94 84 14
483 112 84 20
86 319 84 15
388 186 84 1
410 102 84 5
126 292 84 8
201 464 84 13
285 20 84 3
384 292 84 20
104 156 84 12
175 31 84 17
67 513 84 9
325 113 84 17
122 501 84 2
284 363 84 4
237 3 84 20
147 265 84 3
177 2 84 3
323 447 84 13
286 4 84 18
230 240 84 13
329 306 84 12
54 83 84 1
97 204 84 6
388 3 84 13
171 301 84 15
369 447 84 6
421 139 84 11
70 461 84 2
10 199 84 19
167 490 84 3
292 333 84 19
444 386 84 6
162 544 84 3
380 384 84 9
475 69 84 9
25 437 84 2
386 373 84 1
263 442 84 20
525 513 84 18
366 132 84 18
385 485 84 4
223 381 84 16
144 58 84 15
268 499 84 17
518 427 84 11
521 451 84 6
485 352 84 14
526 67 84 9
56 106 84 15
394 472 84 1
126 371 84 7
191 46 84 9
155 189 84 6
116 518 84 15
523 3 84 1
451 523 84 18
268 461 84 10
458 501 84 11
56 71 84 12
105 464 84 14
408 43 84 20
40 295 84 16
114 449 84 5
307 80 84 15
451 117 84 12
475 20 84 18
526 287 84 12
319 259 84 2
302 315 84 12
391 481 84 18
466 341 84 11
364 380 84 2
370 8 84 11
17 314 84 19
243 218 84 7
472 207 84 5
192 185 84 10
371 18 84 17
19 319 84 1
222 225 84 1
403 143 84 9
142 507 84 1
112 329 84 3
46 407 84 6
121 164 84 3
250 89 84 15
460 342 84 3
472 165 84 4
195 183 84 12
232 466 84 19
264 322 84 2
89 463 84 15
418 89 84 10
146 135 84 11
311 317 84 12
146 20 84 17
249 541 84 3
536 465 84 2
355 174 84 18
492 405 84 12
369 183 84 4
388 334 84 5
428 204 84 16
311 411 84 20
53 174 84 15
20 381 84 18
76 82 84 5
472 132 84 15
1 486 84 6
260 493 84 20
499 314 84 7
512 216 84 5
17 158 84 6
157 468 84 15
432 35 84 15
538 54 84 10
178 191 84 16
358 116 84 17
518 178 84 14
305 437 84 1
496 450 84 9
384 414 84 19
121 492 84 5
61 102 84 20
411 48 84 14
388 38 84 18
261 277 84 10
215 87 84 11
300 58 84 18
386 362 84 14
355 372 84 16
214 270 84 13
350 390 84 15
96 512 84 15
371 376 84 16
133 278 84 4
11 53 84 16
141 267 84 9
386 82 84 16
261 467 84 3
26 337 84 5
303 3 84 16
508 415 84 2
172 510 84 18
423 334 84 20
173 466 84 6
85 538 84 12
210 131 84 19
484 516 84 10
330 230 84 2
52 317 84 4
207 134 84 8
85 156 84 11
414 328 84 9
160 203 84 14
344 437 84 11
320 36 84 16
348 246 84 20
96 244 84 11
534 89 84 12
345 202 84 16
6 471 84 5
217 8 84 9
295 483 84 17
336 157 84 8
224 15 84 17
93 334 84 9
500 197 84 10
67 292 84 8
149 341 84 7
461 200 84 5
119 205 84 13
457 422 84 19
404 231 84 12
193 81 84 1
246 305 84 19
189 459 84 1
167 473 84 20
514 539 84 6
10 141 84 19
204 116 84 9
52 296 84 3
432 205 84 5
272 124 84 1
109 316 84 14
102 15 84 3
110 265 84 18
452 493 84 5
504 459 84 17
301 468 84 3
15 186 84 7
413 237 84 4
531 183 84 2
37 516 84 18
321 77 84 12
139 179 84 18
322 288 84 9
479 254 84 9
15 211 84 19
89 26 84 18
427 41 84 14
333 515 84 1
534 13 84 5
454 112 84 10
13 432 84 1
434 85 84 1
384 469 84 16
51 462 84 4
210 476 84 11
342 79 84 2
456 505 84 20
209 290 84 13
261 276 84 10
495 245 84 1
150 257 84 6
491 143 84 17
463 526 84 6
176 91 84 14
266 362 84 16
19 156 84 18
344 126 84 12
287 335 84 6
197 110 84 13
119 57 84 4
215 268 84 20
195 212 84 8
321 127 84 1
431 364 84 7
455 82 84 2
407 100 84 8
500 506 84 3
489 307 84 3
282 503 84 9
350 136 84 17
178 350 84 4
261 59 84 15
2 380 84 6
329 325 84 7
200 232 84 19
431 153 84 14
395 106 84 15
484 47 84 13
422 390 84 16
407 192 84 10
25 431 84 2
457 145 84 19
7 208 84 8
292 536 84 15
393 188 84 17
91 134 84 17
498 43 84 17
377 526 84 16
16 400 84 11
156 321 84 15
9 407 84 14
212 316 84 9
535 322 84 7
143 128 84 13
137 521 84 20
424 126 84 3
316 76 84 9
314 453 84 12
419 468 84 18
429 138 84 3
21 209 84 19
105 420 84 6
396 469 84 1
346 126 84 11
347 262 84 13
536 200 84 5
372 515 84 6
313 343 84 9
231 277 84 15
2 158 84 15
154 240 84 19
166 406 84 4
8 254 84 16
171 115 84 18
524 461 84 8
303 449 84 2
270 336 84 1
312 101 84 8
321 331 84 12
312 394 84 3
502 63 84 7
354 290 84 10
139 297 84 11
393 467 84 18
224 506 84 15
379 323 84 12
247 45 84 13
83 356 84 14
262 191 84 3
231 17 84 16
296 519 84 17
114 325 84 16
338 525 84 18
269 370 84 16
375 109 84 11
395 487 84 3
379 248 84 10
150 331 84 7
22 107 84 4
348 337 84 13
520 147 84 14
270 261 84 1
246 51 84 14
34 381 84 7
350 209 84 7
139 118 84 13
188 496 84 7
344 99 84 20
309 182 84 8
41 529 84 14
274 16 84 14
541 285 84 5
99 46 84 4
182 79 84 19
88 490 84 14
163 81 84 15
240 330 84 7
502 127 84 1
62 435 84 15
275 475 84 7
339 263 84 16
488 256 84 12
474 417 84 17
511 51 84 13
381 200 84 7
521 425 84 17
293 117 84 1
499 71 84 5
318 194 84 7
318 530 84 14
361 321 84 19
420 324 84 10
216 250 84 17
119 213 84 9
100 108 84 7
147 143 84 7
212 436 84 13
183 449 84 3
219 220 84 16
203 52 84 7
115 475 84 14
351 409 84 9
357 77 84 16
233 257 84 12
221 356 84 13
470 502 84 6
535 228 84 16
230 410 84 17
58 143 84 14
78 346 84 1
143 460 84 3
43 325 84 20
266 196 84 3
315 490 84 8
30 225 84 19
462 148 84 2
489 135 84 5
404 426 84 8
220 483 84 17
318 14 84 9
44 156 84 10
182 260 84 18
243 40 84 14
442 354 84 4
350 446 84 18
128 422 84 4
469 363 84 20
490 281 84 19
497 500 84 14
100 332 84 14
48 375 84 5
517 71 84 12
216 375 84 15
173 331 84 2
134 133 84 11
257 260 84 19
43 243 84 3
24 185 84 6
369 197 84 16
165 358 84 8
35 406 84 8
123 375 84 16
407 106 84 9
246 340 84 11
500 473 84 19
105 244 84 17
131 348 84 4
519 372 84 18
155 255 84 17
290 481 84 17
272 31 84 19
144 153 84 16
148 74 84 4
526 381 84 5
141 333 84 6
498 437 84 4
82 20 84 4
455 53 84 8
528 207 84 14
250 497 84 17
330 221 84 13
329 426 84 19
218 26 84 14
212 5 84 18
545 207 84 10
380 157 84 6
459 300 84 10
400 208 84 10
165 188 84 1
246 500 84 16
323 282 84 6
430 125 84 17
142 343 84 18
475 69 84 8
94 129 84 5
107 508 84 13
10 481 84 6
542 333 84 13
32 12 84 11
275 320 84 15
530 95 84 14
458 40 84 6
326 181 84 11
220 170 84 12
180 263 84 20
285 432 84 12
123 441 84 17
260 497 84 12
58 528 84 10
167 318 84 3
166 300 84 19
508 272 84 11
489 50 84 9
328 332 84 13
235 511 84 14
332 310 84 20
389 494 84 8
380 207 84 9
157 326 84 14
7 492 84 13
176 172 84 13
501 132 84 3
319 135 84 16
317 462 84 16
484 211 84 18
491 542 84 20
320 384 84 12
167 278 84 5
510 434 84 19
286 502 84 8
380 130 84 14
287 146 84 2
466 464 84 10
209 233 84 15
345 231 84 6
444 175 84 8
368 494 84 6
301 175 84 16
439 137 84 8
418 423 84 9
340 317 84 7
496 118 84 14
297 98 84 12
233 368 84 9
146 165 84 2
331 124 84 19
510 6 84 3
41 306 84 3
396 198 84 17
152 68 84 12
410 469 84 20
375 479 84 6
422 229 84 19
386 523 84 20
96 183 84 2
37 513 84 8
152 476 84 13
276 31 84 19
89 488 84 4
38 92 84 14
472 17 84 13
127 391 84 13
509 327 84 17
504 165 84 14
257 261 84 1
236 297 84 17
401 511 84 16
509 301 84 4
375 389 84 8
16 426 84 7
270 350 84 10
446 539 84 3
69 15 84 20
528 33 84 11
478 351 84 10
64 102 84 6
162 502 84 16
250 463 84 15
430 352 84 17
488 367 84 6
214 90 84 11
504 50 84 10
151 180 84 8
187 223 84 5
326 153 84 10
301 278 84 18
26 501 84 16
261 203 84 8
311 147 84 1
202 87 84 1
519 363 84 3
215 319 84 19
511 531 84 4
274 171 84 12
70 11 84 20
279 311 84 7
526 337 84 15
243 112 84 1
421 423 84 6
466 77 84 15
393 110 84 16
408 386 84 10
535 349 84 20
295 76 84 4
276 207 84 13
534 547 84 20
523 41 84 19
465 283 84 5
124 218 84 15
477 199 84 1
370 44 84 6
139 513 84 6
289 501 84 4
422 248 84 18
240 38 84 12
130 87 84 17
330 62 84 1
382 41 84 12
60 164 84 17
222 94 84 17
398 525 84 16
199 116 84 5
448 404 84 13
436 340 84 16
14 32 84 5
469 161 84 20
315 6 84 11
263 449 84 20
493 508 84 12
456 182 84 19
131 94 84 20
397 355 84 2
143 255 84 16
389 205 84 19
335 280 84 16
442 201 84 1
89 516 84 3
343 293 84 12
153 239 84 4
126 209 84 13
254 339 84 20
359 250 84 13
32 392 84 6
233 233 84 2
165 82 84 10
190 524 84 1
437 127 84 4
81 531 84 19
234 136 84 8
348 323 84 16
219 91 84 3
184 449 84 6
503 543 84 15
44 228 84 20
398 454 84 14
422 158 84 3
162 48 84 18
478 190 84 2
540 485 84 5
293 347 84 20
316 19 84 3
193 202 84 19
319 220 84 16
351 263 84 13
131 114 84 10
540 50 84 20
439 273 84 9
527 204 84 19
51 196 84 14
257 4 84 4
363 381 84 7
13 26 84 10
111 406 84 20
204 272 84 6
101 402 84 6
452 456 84 9
414 410 84 14
546 389 84 18
321 439 84 3
157 210 84 3
277 88 84 17
540 100 84 1
457 210 84 6
46 475 84 12
506 28 84 18
533 480 84 20
124 346 84 18
49 406 84 1
116 241 84 14
502 397 84 10
282 189 84 11
504 181 84 12
205 90 84 7
374 135 84 15
204 93 84 8
498 140 84 16
154 325 84 10
218 374 84 11
186 4 84 4
44 505 84 16
174 301 84 1
391 257 84 18
160 524 84 4
138 350 84 10
43 6 84 5
38 19 84 4
511 234 84 5
236 451 84 15
428 89 84 19
375 195 84 3
110 368 84 17
95 212 84 2
322 433 84 5
29 24 84 16
479 128 84 14
475 165 84 9
63 129 84 12
37 426 84 1
385 368 84 15
250 195 84 9
73 367 84 16
195 523 84 5
151 298 84 7
21 326 84 9
302 320 84 9
166 247 84 9
532 371 84 2
100 407 84 5
118 306 84 12
348 9 84 3
164 81 84 16
471 337 84 15
442 488 84 14
298 23 84 20
240 387 84 1
309 5 84 2
57 536 84 10
481 150 84 17
297 267 84 19
481 68 84 5
374 293 84 10
86 278 84 18
320 234 84 15
367 46 84 13
192 285 84 18
336 108 84 4
241 227 84 11
516 222 84 12
165 33 84 17
182 513 84 2
207 401 84 7
312 486 84 7
269 321 84 18
165 140 84 7
146 331 84 13
513 181 84 6
275 421 84 13
150 451 84 20
174 68 84 19
464 312 84 3
337 518 84 8
78 283 84 7
35 66 84 9
286 292 84 4
36 438 84 15
133 403 84 10
399 193 84 14
282 404 84 4
448 30 84 8
99 493 84 5
325 344 84 11
467 422 84 6
547 518 84 8
400 318 84 3
392 416 84 16
229 1 84 4
308 399 84 1
260 195 84 18
115 157 84 10
99 317 84 9
395 157 84 14
176 76 84 18
239 75 84 8
367 536 84 17
301 380 84 20
126 123 84 1
477 430 84 9
473 142 84 16
387 318 84 9
330 416 84 11
280 325 84 11
27 500 84 1
257 253 84 7
519 72 84 17
5 435 84 6
514 13 84 16
477 4 84 20
290 476 84 19
422 377 84 16
100 159 84 10
219 438 84 15
494 527 84 3
297 298 84 9
236 332 84 10
225 336 84 10
46 364 84 16
536 293 84 11
485 98 84 7
28 519 84 1
435 133 84 14
226 352 84 15
403 298 84 16
532 48 84 18
429 345 84 17
398 23 84 1
253 68 84 10
183 119 84 15
115 56 84 18
38 84 84 14
398 33 84 16
370 258 84 9
294 113 84 19
197 160 84 15
521 41 84 3
21 438 84 2
464 206 84 5
239 388 84 8
245 17 84 14
409 54 84 8
545 452 84 17
266 336 84 20
400 82 84 1
284 340 84 4
278 313 84 1
131 333 84 16
6 312 84 16
10 65 84 20
195 371 84 3
497 233 84 10
397 292 84 3
329 10 84 15
34 471 84 20
461 207 84 5
14 484 84 20
155 67 84 16
249 134 84 11
547 206 84 2
201 462 84 14
356 411 84 18
79 322 84 7
378 165 84 8
402 261 84 9
23 174 84 9
467 249 84 13
192 404 84 5
312 167 84 4
257 166 84 20
267 366 84 8
39 236 84 5
166 377 84 10
38 207 84 8
465 61 84 9
331 83 84 14
403 65 84 6
473 318 84 18
63 144 84 5
396 401 84 3
386 182 84 14
353 282 84 10
244 448 84 3
457 485 84 12
287 464 84 15
377 247 84 13
155 164 84 1
181 90 84 6
126 152 84 1
298 62 84 3
27 510 84 5
246 315 84 14
153 11 84 18
436 467 84 4
440 268 84 19
504 97 84 17
228 313 84 4
16 9 84 6
184 134 84 19
10 493 84 5
236 520 84 9
158 280 84 14
362 432 84 1
466 382 84 6
22 274 84 18
104 292 84 15
494 520 84 20
438 50 84 9
534 233 84 20
296 242 84 17
119 539 84 15
452 150 84 7
66 511 84 6
238 492 84 2
454 28 84 18
328 131 84 1
360 77 84 2
158 30 84 13
26 78 84 13
27 373 84 20
521 491 84 18
501 395 84 14
214 461 84 1
419 213 84 17
521 181 84 17
286 23 84 10
405 383 84 14
434 55 84 3
28 81 84 3
463 169 84 4
45 142 84 14
228 96 84 11
75 371 84 19
433 304 84 10
249 277 84 11
93 16 84 9
130 420 84 20
243 369 84 3
447 458 84 5
243 373 84 5
411 479 84 1
522 222 84 18
543 296 84 11
539 243 84 17
263 492 84 11
229 37 84 5
155 166 84 15
526 470 84 3
466 431 84 13
63 126 84 5
313 51 84 15
158 26 84 19
222 83 84 18
109 137 84 18
300 461 84 6
220 142 84 6
217 358 84 5
148 398 84 2
448 378 84 5
172 440 84 10
331 206 84 18
483 425 84 1
309 100 84 9
430 208 84 9
309 22 84 14
132 241 84 10
54 457 84 2
203 58 84 4
212 20 84 12
167 253 84 8
310 36 84 18
503 518 84 6
236 341 84 4
51 286 84 18
65 47 84 6
538 241 84 8
121 356 84 18
123 11 84 5
460 222 84 20
81 451 84 7
204 275 84 4
469 292 84 3
127 527 84 4
493 92 84 15
35 218 84 5
83 209 84 20
433 391 84 5
208 513 84 16
102 487 84 7
500 21 84 1
119 224 84 20
382 207 84 1
130 396 84 8
157 341 84 17
531 437 84 2
467 34 84 15
95 467 84 18
141 189 84 12
134 291 84 20
473 305 84 14
230 485 84 5
261 319 84 11
36 449 84 4
399 120 84 11
369 166 84 11
9 147 84 19
404 303 84 4
219 443 84 15
546 92 84 3
265 79 84 3
67 309 84 11
153 22 84 12
446 120 84 10
40 33 84 20
99 401 84 7
532 409 84 16
513 327 84 10
414 545 84 3
18 58 84 1
521 323 84 10
296 389 84 15
494 541 84 11
41 502 84 13
97 541 84 4
273 154 84 6
191 138 84 18
193 166 84 16
75 94 84 19
399 173 84 20
391 146 84 13
399 441 84 8
293 450 84 9
208 5 84 7
242 101 84 17
308 374 84 8
290 17 84 4
196 272 84 2
490 408 84 18
296 259 84 6
160 164 84 20
346 15 84 2
497 369 84 15
95 29 84 10
193 270 84 9
409 31 84 2
170 382 84 15
130 92 84 16
317 34 84 14
50 392 84 3
502 4 84 3
5 412 84 16
72 361 84 15
104 517 84 4
77 225 84 13
213 86 84 19
237 255 84 7
278 446 84 1
104 215 84 10
400 264 84 15
406 280 84 15
29 284 84 11
337 418 84 14
404 521 84 19
500 112 84 6
381 325 84 3
291 14 84 12
98 353 84 14
59 519 84 16
538 371 84 9
376 229 84 8
217 319 84 6
532 108 84 3
175 512 84 18
272 526 84 8
109 359 84 6
31 165 84 13
269 324 84 2
468 382 84 2
335 434 84 18
527 262 84 9
513 541 84 20
236 40 84 20
438 214 84 10
66 547 84 13
353 108 84 7
540 200 84 17
194 531 84 13
263 513 84 13
302 300 84 8
165 341 84 6
256 369 84 20
180 57 84 1
274 495 84 14
332 75 84 1
369 489 84 17
341 482 84 14
477 190 84 5
389 452 84 19
136 207 84 6
379 371 84 8
398 141 84 11
410 382 84 20
523 109 84 2
302 440 84 14
80 323 84 10
28 116 84 9
238 45 84 15
492 496 84 8
165 84 84 15
200 524 84 1
90 436 84 14
410 298 84 18
239 335 84 11
16 89 84 14
476 231 84 9
392 258 84 12
181 10 84 5
221 502 84 7
165 181 84 2
316 442 84 11
351 46 84 17
42 455 84 13
52 147 84 17
232 224 84 8
304 214 84 13
152 58 84 20
178 238 84 12
310 520 84 16
328 138 84 10
6 453 84 9
208 318 84 10
361 359 84 5
264 472 84 16
16 156 84 13
404 460 84 1
537 64 84 9
381 303 84 19
234 65 84 3
165 392 84 2
276 460 84 2
282 182 84 4
396 542 84 20
417 320 84 9
37 336 84 11
489 254 84 13
545 244 84 19
173 77 84 15
39 372 84 19
487 536 84 3
524 264 84 2
467 61 84 18
304 518 84 6
499 387 84 12
72 485 84 3
410 426 84 14
112 485 84 10
487 110 84 2
71 211 84 9
266 150 84 18
367 126 84 11
443 107 84 15
91 472 84 20
342 424 84 14
366 10 84 20
240 481 84 14
306 108 84 16
129 47 84 14
29 179 84 7
299 506 84 1
73 388 84 18
172 283 84 10
331 435 84 2
460 291 84 12
5 110 84 12
34 411 84 2
488 169 84 5
456 360 84 11
533 388 84 16
274 201 84 20
287 335 84 3
426 506 84 18
187 289 84 6
419 263 84 1
42 267 84 17
221 300 84 16
396 302 84 5
69 210 84 12
460 196 84 11
482 531 84 18
462 332 84 8
283 211 84 5
447 459 84 17
499 392 84 5
356 495 84 20
322 168 84 15
213 79 84 5
273 209 84 11
207 121 84 12
528 55 84 14
18 517 84 18
389 314 84 12
233 213 84 6
366 226 84 9
215 34 84 16
392 417 84 18
321 83 84 17
67 417 84 1
85 77 84 15
359 57 84 20
132 136 84 6
236 524 84 4
65 210 84 15
352 28 84 14
545 304 84 3
138 148 84 8
445 531 84 7
346 112 84 12
455 258 84 7
199 70 84 14
545 263 84 9
313 13 84 13
456 77 84 9
327 490 84 5
361 487 84 7
5 77 84 16
4 36 84 16
147 381 84 3
160 350 84 18
310 64 84 6
517 61 84 12
375 436 84 13
209 344 84 12
376 123 84 6
23 545 84 15
36 3 84 2
197 68 84 9
340 277 84 3
110 498 84 6
76 260 84 11
234 292 84 9
108 119 84 18
540 389 84 13
17 217 84 7
529 301 84 7
434 337 84 2
476 48 84 15
7 449 84 9
466 12 84 7
304 149 84 8
205 444 84 12
104 4 84 12
501 59 84 20
209 137 84 12
39 118 84 8
476 66 84 3
430 542 84 12
452 1 84 15
264 528 84 1
27 284 84 20
49 488 84 17
424 107 84 17
370 122 84 19
219 330 84 19
346 430 84 14
288 421 84 8
20 303 84 13
407 269 84 1
149 533 84 4
511 12 84 9
536 122 84 8
458 545 84 20
445 429 84 3
5 162 84 13
248 22 84 4
61 309 84 15
487 328 84 19
422 188 84 9
358 336 84 3
336 300 84 3
50 350 84 16
376 260 84 1
261 219 84 5
267 223 84 3
179 470 84 10
459 46 84 14
126 532 84 8
158 407 84 13
459 279 84 7
259 67 84 17
133 116 84 2
127 7 84 12
181 267 84 9
115 49 84 17
273 227 84 12
389 200 84 9
329 326 84 7
50 545 84 5
19 456 84 20
386 168 84 11
505 300 84 10
489 426 84 5
185 59 84 15
161 236 84 13
360 508 84 3
59 411 84 18
287 193 84 15
15 304 84 12
211 384 84 19
138 223 84 9
193 242 84 9
364 183 84 10
55 367 84 10
498 528 84 12
504 402 84 7
190 460 84 20
137 262 84 1
409 338 84 13
193 64 84 9
371 263 84 2
231 456 84 4
390 334 84 14
490 388 84 13
101 401 84 15
71 419 84 16
486 123 84 6
279 259 84 15
327 182 84 13
192 375 84 11
441 260 84 20
427 491 84 3
108 395 84 17
518 337 84 11
262 499 84 18
49 22 84 10
237 22 84 3
399 363 84 4
338 142 84 17
67 395 84 16
468 351 84 19
37 230 84 3
124 399 84 12
481 431 84 2
256 146 84 4
431 256 84 11
478 7 84 19
162 405 84 10
104 257 84 13
290 385 84 12
365 305 84 8
153 404 84 14
492 527 84 20
132 522 84 13
171 231 84 16
223 176 84 4
358 168 84 4
515 329 84 1
487 495 84 3
115 299 84 8
200 179 84 12
87 331 84 13
204 337 84 18
173 531 84 11
87 216 84 7
146 438 84 11
522 310 84 3
357 278 84 19
111 279 84 1
122 394 84 5
518 108 84 11
248 194 84 17
381 398 84 18
493 85 84 12
32 233 84 13
473 440 84 16
480 414 84 11
169 285 84 1
187 395 84 3
214 517 84 20
55 2 84 4
73 249 84 14
484 82 84 16
137 27 84 17
320 120 84 5
171 45 84 11
521 39 84 10
148 208 84 1
53 456 84 1
236 123 84 15
389 239 84 19
40 311 84 8
493 247 84 2
250 383 84 2
152 155 84 18
287 387 84 6
313 422 84 10
268 23 84 10
21 137 84 8
107 434 84 3
224 275 84 12
404 376 84 13
285 321 84 20
247 85 84 4
359 299 84 2
44 38 84 4
382 412 84 15
211 194 84 8
310 215 84 12
255 383 84 1
446 122 84 14
328 525 84 6
35 263 84 2
536 24 84 7
388 383 84 20
456 488 84 6
363 322 84 15
207 47 84 10
73 356 84 10
75 125 84 15
510 23 84 4
187 412 84 11
239 509 84 14
65 497 84 18
37 399 84 1
307 307 84 4
129 185 84 4
362 453 84 19
366 526 84 9
37 53 84 15
153 78 84 9
389 326 84 4
118 18 84 11
109 82 84 1
124 118 84 19
35 486 84 8
434 67 84 13
59 428 84 8
340 309 84 19
368 345 84 9
35 12 84 19
333 463 84 2
496 33 84 14
135 142 84 9
271 327 84 13
258 361 84 17
128 247 84 18
245 368 84 2
205 160 84 19
205 42 84 10
257 76 84 20
511 471 84 2
481 481 84 10
530 69 84 16
113 339 84 18
484 111 84 8
184 238 84 15
497 482 84 9
267 201 84 20
284 405 84 10
222 177 84 3
171 202 84 1
36 135 84 15
57 179 84 6
219 353 84 15
160 289 84 12
523 534 84 16
39 545 84 1
469 264 84 4
27 62 84 5
111 283 84 11
394 454 84 5
54 4 84 8
194 60 84 5
402 340 84 12
463 499 84 5
87 474 84 8
10 513 84 2
477 496 84 4
51 522 84 18
91 147 84 3
369 541 84 16
301 109 84 14
367 364 84 14
188 218 84 11
361 195 84 2
275 281 84 19
237 290 84 3
196 220 84 2
480 332 84 9
217 422 84 15
299 243 84 12
348 58 84 20
463 424 84 5
89 126 84 12
55 486 84 7
33 275 84 9
547 511 84 10
479 221 84 9
422 153 84 10
339 432 84 9
402 183 84 4
521 45 84 7
200 507 84 9
305 49 84 2
141 165 84 13
172 259 84 2
482 259 84 12
112 252 84 20
508 188 84 17
141 526 84 1
257 381 84 6
130 416 84 8
60 68 84 3
475 434 84 14
530 28 84 3
523 261 84 12
243 257 84 2
535 369 84 15
500 391 84 14
133 532 84 17
258 303 84 12
19 495 84 18
433 69 84 7
321 59 84 2
258 41 84 20
420 17 84 7
356 259 84 20
3 309 84 19
26 261 84 4
174 455 84 5
362 166 84 10
384 246 84 13
273 131 84 20
354 451 84 20
260 161 84 18
316 96 84 5
86 451 84 2
112 516 84 13
21 541 84 9
320 229 84 13
119 43 84 19
282 488 84 16
392 276 84 7
147 82 84 11
446 403 84 8
362 234 84 2
356 319 84 8
61 492 84 6
137 27 84 19
473 408 84 16
231 526 84 1
155 322 84 7
323 166 84 14
75 313 84 4
401 273 84 16
340 149 84 16
437 504 84 11
437 79 84 4
467 277 84 13
5 202 84 1
318 495 84 18
250 102 84 11
123 424 84 6
271 13 84 1
501 413 84 8
101 268 84 4
543 157 84 17
209 46 84 8
366 27 84 11
64 31 84 4
231 410 84 1
377 174 84 12
360 297 84 5
508 20 84 13
545 35 84 12
307 135 84 16
279 192 84 11
207 400 84 20
275 218 84 4
135 343 84 9
197 89 84 10
205 465 84 11
377 277 84 11
425 299 84 19
547 296 84 1
50 55 84 14
367 333 84 11
293 54 84 16
326 391 84 2
385 525 84 3
536 236 84 18
64 503 84 4
313 332 84 17
310 271 84 8
327 332 84 3
441 444 84 15
142 325 84 1
96 133 84 15
388 458 84 10
475 358 84 4
357 408 84 19
327 534 84 1
276 361 84 9
502 123 84 19
542 512 84 4
330 467 84 10
296 123 84 20
48 218 84 9
401 121 84 12
173 48 84 7
470 404 84 10
518 183 84 11
520 458 84 16
369 475 84 12
2 469 84 16
29 313 84 5
14 61 84 8
324 171 84 7
218 24 84 10
85 258 84 10
371 181 84 5
518 213 84 16
165 247 84 7
173 130 84 13
365 194 84 6
36 284 84 8
173 298 84 13
494 136 84 2
423 353 84 1
535 500 84 20
208 323 84 13
223 293 84 11
543 520 84 2
227 207 84 8
447 24 84 6
103 121 84 11
133 355 84 5
286 301 84 7
546 238 84 6
407 287 84 16
525 495 84 15
276 232 84 2
301 227 84 18
87 516 84 11
488 477 84 12
50 33 84 8
443 227 84 3
38 512 84 12
316 511 84 17
461 432 84 17
11 409 84 12
430 137 84 11
110 499 84 5
371 100 84 17
291 103 84 7
296 152 84 3
483 47 84 12
477 147 84 12
286 462 84 11
333 437 84 2
119 447 84 16
461 391 84 17
2 16 84 15
254 448 84 11
52 254 84 5
264 2 84 14
85 485 84 7
70 476 84 10
144 215 84 1
181 547 84 17
102 180 84 13
431 155 84 16
473 156 84 14
466 471 84 20
74 522 84 13
330 300 84 8
191 384 84 11
223 516 84 4
400 112 84 11
7 293 84 20
49 394 84 15
53 340 84 3
24 327 84 10
495 246 84 17
443 381 84 15
36 163 84 16
239 416 84 12
441 153 84 4
86 5 84 7
431 11 84 18
289 122 84 18
389 236 84 3
157 259 84 13
19 268 84 1
475 163 84 18
296 198 84 12
479 498 84 17
14 453 84 19
63 539 84 20
224 422 84 3
192 225 84 6
69 128 84 9
346 285 84 11
403 365 84 13
220 292 84 7
417 102 84 16
230 34 84 9
519 109 84 2
476 171 84 12
375 457 84 1
408 101 84 9
16 231 84 9
467 92 84 9
83 494 84 6
27 167 84 20
134 36 84 14
501 327 84 6
271 361 84 8
493 289 84 7
160 178 84 18
309 100 84 10
260 177 84 7
277 97 84 17
154 241 84 4
396 267 84 7
381 463 84 15
530 416 84 1
227 139 84 4
32 84 84 19
8 305 84 1
439 129 84 20
486 388 84 15
279 179 84 5
162 333 84 9
539 243 84 3
112 76 84 14
268 121 84 9
265 347 84 16
75 441 84 9
235 448 84 6
25 401 84 1
523 402 84 2
42 133 84 20
266 356 84 1
245 348 84 6
491 459 84 15
166 241 84 12
195 505 84 2
361 32 84 5
188 266 84 19
258 352 84 10
455 328 84 10
8 431 84 14
287 212 84 10
412 456 84 14
171 461 84 12
129 80 84 17
207 336 84 3
146 211 84 3
526 399 84 17
320 109 84 3
30 78 84 6
141 86 84 8
446 434 84 16
75 298 84 6
50 530 84 14
546 173 84 20
189 379 84 9
398 40 84 12
91 80 84 10
112 461 84 20
485 491 84 11
214 146 84 7
312 107 84 16
198 181 84 2
540 230 84 12
310 229 84 18
221 479 84 13
467 329 84 1
438 419 84 3
199 46 84 9
191 45 84 1
261 258 84 16
416 85 84 18
519 282 84 17
435 274 84 18
333 98 84 9
403 318 84 2
367 299 84 15
370 190 84 15
