300 100
7 103 36 20
117 170 36 1
145 56 36 13
164 144 36 20
77 143 36 19
55 71 36 3
28 166 36 9
173 7 36 5
152 135 36 6
19 140 36 2
81 98 36 3
10 42 36 10
164 138 36 8
116 81 36 14
96 157 36 19
153 38 36 14
21 66 36 5
86 17 36 1
24 120 36 6
33 138 36 9
38 170 36 13
146 7 36 15
154 122 36 3
92 64 36 5
126 111 36 16
130 43 36 15
156 63 36 14
49 100 36 20
26 76 36 13
137 108 36 2
41 97 36 11
168 69 36 18
163 1 36 16
75 93 36 5
18 170 36 2
118 126 36 4
82 108 36 2
15 109 36 20
12 134 36 11
80 97 36 4
64 89 36 1
45 84 36 15
157 25 36 17
44 51 36 5
120 69 36 12
85 13 36 10
92 46 36 10
161 60 36 18
108 23 36 18
83 54 36 15
164 117 36 10
121 114 36 2
147 49 36 9
125 93 36 15
22 164 36 15
40 75 36 13
11 166 36 7
42 105 36 10
132 164 36 13
135 73 36 8
60 16 36 8
26 136 36 16
27 61 36 9
53 137 36 13
129 158 36 13
100 150 36 14
83 160 36 15
63 28 36 1
150 112 36 3
38 73 36 9
152 84 36 5
161 62 36 3
111 88 36 19
61 140 36 7
103 47 36 5
87 146 36 3
145 55 36 2
147 69 36 1
80 45 36 8
3 34 36 13
124 137 36 14
135 125 36 17
13 14 36 7
76 74 36 11
150 128 36 17
113 166 36 17
100 137 36 17
26 62 36 1
104 141 36 12
72 95 36 20
112 46 36 18
62 132 36 4
26 144 36 2
77 46 36 4
46 148 36 10
62 87 36 16
3 139 36 15
171 164 36 1
13 46 36 18
73 117 36 16
119 55 36 16
128 68 36 14
40 93 36 3
13 169 36 3
136 167 36 19
40 7 36 19
109 9 36 14
93 131 36 5
13 144 36 16
150 168 36 10
35 65 36 15
139 19 36 13
76 58 36 11
60 22 36 9
90 157 36 4
46 148 36 4
89 83 36 19
96 2 36 11
46 139 36 6
40 67 36 3
103 102 36 4
46 67 36 20
9 94 36 12
65 105 36 3
116 22 36 18
112 19 36 20
162 59 36 10
125 155 36 20
94 152 36 16
157 18 36 1
167 72 36 1
69 118 36 20
114 78 36 7
43 142 36 12
119 36 36 10
131 99 36 19
117 88 36 8
12 164 36 12
34 84 36 15
147 20 36 5
153 138 36 10
87 33 36 18
39 146 36 1
84 141 36 12
60 86 36 1
10 43 36 9
103 159 36 13
81 123 36 11
166 108 36 4
55 81 36 7
135 12 36 6
114 98 36 15
113 136 36 15
17 46 36 16
63 58 36 12
48 19 36 6
6 73 36 3
129 105 36 14
117 97 36 2
140 152 36 9
135 65 36 9
142 130 36 20
85 70 36 7
1 86 36 2
57 100 36 18
151 147 36 8
114 105 36 18
14 60 36 12
162 128 36 16
71 94 36 2
12 7 36 2
138 100 36 8
141 12 36 15
58 12 36 19
20 21 36 18
165 171 36 18
154 63 36 6
168 76 36 3
65 16 36 3
106 86 36 9
30 50 36 9
18 139 36 18
135 106 36 4
101 163 36 17
152 135 36 7
81 126 36 2
109 58 36 11
68 4 36 16
38 68 36 4
10 126 36 2
153 155 36 20
129 124 36 18
31 85 36 6
118 137 36 20
168 67 36 16
65 148 36 8
84 35 36 7
165 103 36 16
100 140 36 20
51 102 36 12
40 33 36 1
77 161 36 20
32 18 36 9
93 87 36 1
95 81 36 8
58 97 36 18
98 7 36 20
22 171 36 16
123 98 36 4
71 100 36 5
143 139 36 8
149 168 36 5
104 26 36 13
96 70 36 17
4 164 36 15
26 173 36 3
99 97 36 4
33 119 36 10
22 68 36 15
102 138 36 6
110 60 36 6
102 35 36 1
33 90 36 12
154 13 36 14
141 141 36 16
36 166 36 19
152 43 36 4
101 75 36 3
125 48 36 3
121 149 36 2
169 37 36 13
134 138 36 8
141 170 36 15
125 103 36 13
131 70 36 3
128 57 36 4
124 35 36 13
43 88 36 1
33 39 36 5
42 112 36 18
140 59 36 18
173 19 36 2
143 111 36 4
78 14 36 19
150 145 36 15
16 99 36 16
172 1 36 6
149 168 36 10
28 27 36 17
127 20 36 20
28 160 36 1
91 111 36 1
119 80 36 4
95 158 36 1
173 86 36 18
147 54 36 18
130 4 36 3
148 153 36 17
156 7 36 13
30 85 36 15
140 112 36 7
135 155 36 10
100 100 36 15
2 146 36 13
139 145 36 12
150 70 36 9
135 27 36 19
71 126 36 15
2 108 36 9
133 138 36 13
62 104 36 17
102 18 36 17
127 117 36 7
10 71 36 10
3 161 36 8
33 137 36 3
164 98 36 3
77 121 36 5
143 122 36 19
41 33 36 12
24 46 36 3
22 147 36 5
49 52 36 18
79 14 36 16
81 141 36 12
54 173 36 3
96 163 36 20
165 18 36 4
137 160 36 15
44 28 36 7
88 3 36 12
140 24 36 10
35 24 36 12
172 102 36 10
33 9 36 20
54 62 36 13
164 109 36 9
25 100 36 7
131 16 36 12
12 59 36 6
