3000 428
122 135 84 16
67 392 84 11
179 392 84 11
225 110 84 5
248 211 84 11
214 508 84 1
507 231 84 14
217 93 84 16
92 145 84 2
32 45 84 15
176 166 84 19
81 294 84 1
511 473 84 3
312 212 84 18
80 521 84 18
290 187 84 11
227 208 84 12
382 424 84 5
267 31 84 5
196 62 84 12
202 237 84 1
281 317 84 12
328 342 84 1
219 169 84 19
219 248 84 12
492 53 84 3
178 279 84 19
157 175 84 14
166 442 84 9
319 152 84 9
31 353 84 12
456 148 84 15
81 475 84 18
301 146 84 13
186 427 84 8
105 433 84 20
273 126 84 14
102 282 84 3
354 447 84 15
213 280 84 11
133 310 84 10
289 219 84 17
339 361 84 6
184 114 84 1
258 361 84 9
33 466 84 11
407 253 84 8
89 354 84 8
431 222 84 7
181 434 84 1
145 19 84 13
461 370 84 12
439 161 84 9
283 406 84 9
397 179 84 9
389 211 84 10
205 133 84 2
270 221 84 6
7 166 84 1
252 409 84 13
229 6 84 4
516 528 84 8
535 419 84 15
430 217 84 8
438 66 84 10
321 454 84 8
185 174 84 2
301 443 84 5
223 512 84 18
429 216 84 9
460 445 84 20
24 475 84 8
504 462 84 14
112 344 84 10
64 296 84 1
256 70 84 3
174 316 84 3
285 131 84 16
70 415 84 8
21 297 84 17
441 209 84 8
320 294 84 1
240 312 84 8
32 423 84 20
102 2 84 15
237 319 84 12
341 492 84 13
132 230 84 7
366 361 84 11
17 381 84 18
493 337 84 16
318 109 84 16
71 410 84 1
347 442 84 18
419 58 84 17
302 295 84 15
316 150 84 5
98 281 84 7
72 162 84 5
461 240 84 10
51 185 84 9
459 18 84 2
65 150 84 12
45 496 84 17
447 429 84 14
303 246 84 6
477 14 84 4
173 174 84 18
98 245 84 4
384 158 84 1
18 209 84 16
535 120 84 6
128 246 84 3
130 290 84 6
89 251 84 3
105 6 84 11
477 545 84 13
513 170 84 10
282 268 84 20
213 166 84 16
445 183 84 13
314 232 84 2
263 421 84 7
360 65 84 11
406 215 84 5
333 319 84 19
20 310 84 5
267 275 84 15
141 10 84 2
321 284 84 7
111 243 84 15
172 71 84 6
351 333 84 1
291 146 84 15
36 66 84 14
31 398 84 1
93 479 84 3
153 260 84 13
444 462 84 2
517 235 84 13
208 408 84 6
205 32 84 9
433 382 84 18
49 188 84 17
276 223 84 11
233 253 84 14
509 345 84 16
62 12 84 14
436 517 84 12
273 486 84 15
516 208 84 5
393 412 84 7
402 359 84 14
258 407 84 5
260 198 84 18
326 430 84 1
367 453 84 13
338 514 84 17
22 403 84 1
230 190 84 16
125 158 84 10
489 65 84 15
337 466 84 18
19 239 84 1
498 498 84 20
166 338 84 8
149 157 84 4
476 10 84 4
329 31 84 3
152 260 84 11
523 446 84 4
7 387 84 17
511 176 84 20
342 257 84 12
95 269 84 1
44 434 84 6
547 35 84 3
347 25 84 9
175 354 84 9
405 20 84 13
339 542 84 17
430 1 84 7
39 27 84 19
238 430 84 9
65 524 84 2
514 83 84 7
206 82 84 6
54 490 84 9
521 117 84 6
533 36 84 13
257 436 84 20
489 319 84 10
14 419 84 20
323 109 84 15
341 236 84 1
18 264 84 16
252 469 84 7
521 37 84 19
268 10 84 17
429 57 84 5
63 376 84 3
301 317 84 12
539 392 84 4
256 167 84 5
464 507 84 20
164 39 84 9
493 353 84 9
481 326 84 15
349 108 84 6
457 52 84 4
116 176 84 8
211 476 84 6
138 467 84 10
546 175 84 4
516 154 84 18
297 317 84 7
280 263 84 7
245 196 84 15
185 59 84 6
259 30 84 3
389 208 84 14
347 480 84 9
136 70 84 3
379 131 84 1
242 99 84 11
126 395 84 5
48 189 84 9
385 434 84 10
500 133 84 18
175 453 84 1
26 294 84 16
537 155 84 13
491 353 84 8
365 246 84 3
538 487 84 3
254 65 84 11
349 175 84 17
221 74 84 16
350 26 84 18
52 262 84 18
331 287 84 9
331 276 84 20
326 282 84 15
390 99 84 7
37 151 84 1
391 405 84 12
107 268 84 20
12 4 84 11
412 353 84 19
398 405 84 14
351 250 84 13
50 95 84 15
513 420 84 7
296 262 84 3
325 360 84 17
293 265 84 14
449 372 84 6
233 383 84 10
89 310 84 19
33 160 84 9
238 510 84 13
244 12 84 14
41 40 84 10
119 335 84 2
358 174 84 10
200 528 84 2
508 430 84 2
536 115 84 18
83 265 84 4
44 359 84 10
409 49 84 1
53 355 84 9
276 395 84 14
496 514 84 10
369 324 84 14
178 523 84 20
189 483 84 10
87 533 84 12
429 130 84 16
471 173 84 6
249 96 84 13
536 148 84 11
349 486 84 18
202 434 84 7
451 317 84 17
388 494 84 12
306 198 84 17
106 346 84 17
82 227 84 7
323 212 84 15
437 460 84 19
52 448 84 13
84 249 84 20
510 450 84 1
417 415 84 20
162 318 84 16
429 76 84 9
146 182 84 5
457 263 84 13
351 100 84 4
418 51 84 11
95 165 84 2
466 248 84 1
229 272 84 11
487 203 84 19
29 364 84 16
65 245 84 17
360 452 84 2
453 423 84 14
225 227 84 10
270 159 84 5
227 253 84 1
84 233 84 12
314 461 84 15
446 462 84 16
507 491 84 3
339 70 84 7
246 430 84 8
396 335 84 11
323 13 84 5
412 282 84 13
5 509 84 17
370 107 84 17
436 420 84 6
349 318 84 2
403 278 84 10
272 131 84 13
448 376 84 10
42 286 84 9
544 61 84 19
240 473 84 19
156 539 84 6
324 361 84 1
240 311 84 10
69 113 84 17
421 515 84 18
232 301 84 8
112 263 84 19
421 305 84 20
517 301 84 1
79 56 84 6
46 273 84 8
521 112 84 11
8 351 84 16
524 419 84 20
326 354 84 7
466 38 84 19
190 149 84 8
350 22 84 20
249 539 84 17
270 132 84 12
216 177 84 1
215 212 84 11
89 219 84 15
212 258 84 2
24 98 84 13
350 78 84 3
430 329 84 10
287 132 84 1
386 442 84 11
362 164 84 11
394 441 84 19
151 108 84 20
19 196 84 6
237 470 84 15
388 8 84 19
407 358 84 4
464 302 84 20
185 41 84 3
474 488 84 16
331 364 84 11
319 210 84 1
545 360 84 17
435 378 84 10
58 67 84 6
1 454 84 4
102 376 84 3
219 292 84 9
180 476 84 13
333 464 84 14
381 247 84 9
106 80 84 20
210 77 84 1
544 26 84 20
527 146 84 13
494 146 84 11
531 247 84 8
377 528 84 18
525 222 84 17
289 69 84 11
541 449 84 20
62 8 84 4
401 279 84 11
491 275 84 10
474 317 84 17
461 263 84 19
478 246 84 14
324 138 84 6
461 177 84 18
41 465 84 1
85 458 84 13
376 34 84 14
261 435 84 20
222 440 84 4
271 366 84 18
403 341 84 7
257 334 84 16
358 172 84 6
500 85 84 10
317 187 84 16
202 272 84 3
50 162 84 17
515 484 84 19
225 158 84 9
210 491 84 9
511 346 84 1
528 118 84 10
367 475 84 12
343 427 84 16
495 258 84 18
17 521 84 13
121 86 84 20
259 53 84 2
407 339 84 2
386 2 84 20
308 512 84 8
23 7 84 13
71 373 84 12
352 230 84 7
170 177 84 2
236 256 84 11
27 438 84 5
102 149 84 10
114 9 84 5
345 456 84 18
519 216 84 14
6 300 84 2
158 370 84 11
298 174 84 4
380 405 84 4
111 94 84 5
424 182 84 9
275 283 84 6
240 458 84 1
543 255 84 18
301 288 84 15
85 294 84 2
360 513 84 2
38 263 84 4
493 96 84 5
30 268 84 13
493 206 84 13
237 480 84 16
192 172 84 5
217 167 84 3
213 467 84 19
424 4 84 3
449 426 84 16
297 525 84 1
443 532 84 9
384 76 84 9
480 21 84 15
148 258 84 3
222 511 84 10
207 181 84 17
447 393 84 8
489 331 84 10
277 232 84 15
30 44 84 5
107 486 84 5
280 384 84 8
234 316 84 20
394 525 84 20
485 199 84 1
263 468 84 16
207 367 84 6
194 370 84 5
247 99 84 15
178 128 84 16
149 234 84 16
104 28 84 7
196 262 84 5
247 108 84 10
70 45 84 1
466 369 84 3
494 90 84 10
368 284 84 20
148 530 84 15
160 223 84 2
215 433 84 2
332 51 84 2
223 246 84 4
491 493 84 6
251 77 84 19
210 542 84 3
88 489 84 20
395 371 84 12
523 518 84 4
265 131 84 11
133 407 84 5
297 192 84 2
489 476 84 10
456 482 84 19
46 185 84 8
227 456 84 19
291 544 84 18
445 453 84 3
397 428 84 6
394 207 84 6
65 340 84 18
169 151 84 4
384 154 84 6
298 63 84 5
219 170 84 14
217 458 84 20
333 201 84 19
390 161 84 8
332 72 84 19
306 465 84 5
473 530 84 9
499 213 84 16
231 111 84 2
438 409 84 16
95 142 84 3
545 358 84 13
294 205 84 1
164 47 84 13
423 440 84 16
78 261 84 11
487 186 84 11
202 199 84 1
68 429 84 2
150 381 84 8
293 537 84 17
59 534 84 7
343 343 84 18
281 506 84 17
441 443 84 8
126 521 84 15
337 522 84 8
530 238 84 12
450 368 84 14
542 517 84 7
496 262 84 1
106 382 84 19
73 240 84 10
307 35 84 16
41 538 84 13
276 178 84 10
286 514 84 20
481 11 84 7
327 522 84 15
178 516 84 13
347 526 84 1
21 84 84 20
291 219 84 4
293 525 84 17
378 80 84 18
296 355 84 15
249 155 84 10
238 88 84 1
526 476 84 20
88 106 84 8
165 515 84 18
81 535 84 12
379 278 84 18
430 86 84 17
516 463 84 4
45 273 84 16
360 521 84 17
94 273 84 16
385 251 84 14
165 338 84 6
461 18 84 1
188 160 84 15
60 53 84 4
213 483 84 16
405 513 84 15
129 73 84 9
270 432 84 3
19 41 84 8
464 487 84 14
290 105 84 5
222 18 84 4
121 267 84 11
8 388 84 19
296 115 84 2
122 34 84 4
472 163 84 7
547 494 84 1
110 27 84 10
7 490 84 10
216 233 84 5
216 454 84 2
357 28 84 10
49 97 84 9
402 454 84 11
205 28 84 2
458 14 84 4
299 75 84 16
86 246 84 12
522 252 84 9
350 529 84 2
283 260 84 16
356 69 84 14
149 179 84 11
391 95 84 10
200 299 84 6
43 272 84 9
110 85 84 3
186 170 84 2
226 206 84 5
270 8 84 5
62 352 84 19
369 223 84 2
218 433 84 11
163 276 84 10
14 537 84 18
501 95 84 12
454 204 84 18
543 389 84 8
268 129 84 3
306 461 84 13
325 37 84 1
119 405 84 6
528 137 84 13
21 299 84 2
218 374 84 16
167 389 84 15
386 357 84 14
143 352 84 10
130 134 84 12
323 439 84 2
38 278 84 1
166 458 84 16
517 438 84 12
205 521 84 15
231 253 84 10
184 419 84 10
293 258 84 7
120 462 84 19
336 44 84 11
134 366 84 7
453 465 84 12
262 84 84 3
536 115 84 15
400 319 84 5
76 2 84 18
188 247 84 9
140 54 84 4
449 174 84 13
76 509 84 11
384 157 84 6
35 63 84 16
26 386 84 15
537 374 84 20
391 288 84 4
280 426 84 7
483 66 84 6
11 205 84 17
405 168 84 7
166 244 84 1
518 80 84 13
203 114 84 18
352 202 84 8
100 253 84 19
508 158 84 1
141 499 84 6
385 434 84 19
390 445 84 6
448 302 84 20
133 468 84 5
388 438 84 19
252 155 84 13
241 21 84 17
67 120 84 14
329 81 84 10
394 283 84 1
336 182 84 4
406 24 84 12
195 472 84 16
89 119 84 19
289 506 84 4
82 210 84 16
536 450 84 18
159 32 84 18
34 360 84 18
128 268 84 1
173 57 84 3
105 524 84 11
480 171 84 3
63 321 84 5
175 62 84 1
239 144 84 12
457 194 84 10
149 353 84 12
22 448 84 8
37 91 84 17
334 263 84 18
328 429 84 9
346 362 84 7
349 486 84 4
533 176 84 3
127 414 84 4
540 386 84 19
309 49 84 15
170 132 84 5
453 168 84 19
395 16 84 1
516 344 84 13
5 204 84 20
272 67 84 17
251 52 84 1
416 179 84 19
176 171 84 15
192 541 84 10
13 226 84 9
406 131 84 1
279 40 84 11
477 9 84 8
72 75 84 3
89 346 84 10
45 112 84 7
176 527 84 9
236 217 84 3
195 409 84 20
203 483 84 2
403 341 84 16
224 135 84 20
60 126 84 14
301 259 84 7
260 348 84 13
285 392 84 20
362 21 84 2
132 318 84 11
135 27 84 8
131 291 84 7
476 147 84 14
404 370 84 18
434 491 84 7
472 244 84 19
161 18 84 4
134 302 84 14
279 179 84 14
404 372 84 10
260 506 84 13
39 89 84 7
362 17 84 6
541 483 84 18
307 369 84 17
261 356 84 10
473 516 84 11
485 164 84 10
341 443 84 12
280 361 84 9
50 135 84 5
394 235 84 9
544 49 84 4
292 43 84 16
472 411 84 12
47 124 84 10
413 111 84 8
310 48 84 5
24 451 84 6
525 183 84 20
304 294 84 1
41 203 84 8
475 199 84 20
379 5 84 9
280 538 84 12
65 38 84 1
204 512 84 12
312 336 84 10
99 422 84 11
327 399 84 13
369 217 84 13
59 257 84 20
531 185 84 4
19 78 84 11
96 420 84 17
36 546 84 12
224 202 84 17
461 29 84 15
260 127 84 10
509 453 84 17
455 336 84 6
209 457 84 11
104 502 84 6
320 520 84 2
541 68 84 17
206 165 84 11
516 451 84 5
244 426 84 11
307 200 84 9
244 223 84 9
94 130 84 9
161 338 84 3
547 503 84 18
22 276 84 5
184 331 84 4
280 536 84 7
312 505 84 13
61 263 84 6
384 22 84 7
349 327 84 6
281 420 84 7
1 96 84 2
302 157 84 4
494 240 84 15
174 424 84 5
529 218 84 12
502 45 84 10
440 105 84 16
194 3 84 16
209 413 84 7
446 146 84 17
327 209 84 12
546 510 84 2
297 518 84 5
323 144 84 13
132 126 84 2
539 142 84 15
356 35 84 8
497 290 84 12
174 499 84 6
177 459 84 20
53 239 84 13
147 237 84 8
336 48 84 2
279 370 84 5
98 501 84 19
196 493 84 10
339 363 84 15
38 375 84 7
411 63 84 15
165 240 84 4
64 354 84 13
233 500 84 15
426 350 84 13
104 81 84 1
473 240 84 16
482 436 84 8
148 227 84 18
394 326 84 14
383 252 84 11
385 416 84 18
299 479 84 20
450 226 84 12
415 166 84 5
364 269 84 5
198 195 84 14
532 191 84 4
326 338 84 14
59 247 84 19
167 82 84 15
337 529 84 7
261 280 84 6
53 244 84 12
344 173 84 16
500 537 84 16
190 187 84 19
181 233 84 11
60 73 84 7
165 131 84 8
48 297 84 12
245 148 84 2
309 470 84 13
305 37 84 18
40 443 84 10
488 395 84 3
172 99 84 1
50 279 84 7
180 400 84 20
101 17 84 10
330 127 84 5
94 371 84 13
447 194 84 17
533 13 84 18
439 53 84 18
455 55 84 13
523 226 84 9
229 275 84 17
230 516 84 14
240 132 84 11
505 461 84 20
520 69 84 7
135 31 84 11
343 16 84 4
41 516 84 11
181 423 84 19
169 460 84 15
379 142 84 13
320 433 84 20
114 187 84 1
472 145 84 15
470 117 84 15
354 313 84 1
431 108 84 18
35 149 84 3
177 329 84 17
434 12 84 4
370 390 84 15
94 163 84 17
334 338 84 1
158 324 84 17
443 247 84 1
311 115 84 9
271 60 84 14
246 94 84 8
189 332 84 8
69 281 84 8
471 165 84 18
467 258 84 4
348 107 84 19
416 264 84 4
142 221 84 12
532 46 84 9
139 316 84 9
463 14 84 4
388 264 84 15
157 395 84 2
546 318 84 11
230 238 84 7
139 100 84 20
447 515 84 10
469 172 84 13
253 156 84 13
212 356 84 4
293 272 84 9
467 174 84 12
487 392 84 12
303 390 84 20
282 135 84 19
34 335 84 9
439 234 84 9
76 155 84 9
480 469 84 9
444 196 84 18
239 488 84 12
48 469 84 6
182 470 84 1
163 287 84 2
523 22 84 12
89 55 84 10
301 9 84 6
542 84 84 16
408 78 84 10
490 36 84 18
381 275 84 12
58 384 84 15
518 18 84 2
213 242 84 13
359 279 84 12
155 367 84 9
222 182 84 10
38 177 84 5
70 37 84 10
23 526 84 5
234 422 84 18
446 479 84 5
33 511 84 9
151 238 84 5
8 112 84 9
496 266 84 10
491 487 84 2
9 39 84 12
157 108 84 1
382 193 84 13
157 426 84 10
207 324 84 3
92 418 84 16
57 83 84 15
262 153 84 8
199 163 84 19
18 168 84 9
18 176 84 5
194 332 84 4
406 228 84 5
111 384 84 9
176 43 84 8
296 197 84 7
379 315 84 17
153 29 84 1
38 290 84 15
250 369 84 3
402 448 84 6
107 94 84 20
528 14 84 6
533 124 84 20
539 361 84 9
384 109 84 16
100 488 84 14
507 155 84 7
457 193 84 4
146 442 84 6
487 358 84 14
456 464 84 3
271 445 84 13
313 492 84 5
191 545 84 3
174 382 84 19
415 481 84 19
423 440 84 17
522 411 84 1
424 9 84 13
148 495 84 8
380 465 84 4
159 188 84 7
12 500 84 2
51 205 84 17
513 441 84 12
536 308 84 5
14 184 84 12
193 220 84 13
80 96 84 6
408 243 84 1
546 76 84 3
116 296 84 3
192 369 84 10
212 482 84 4
292 447 84 20
143 435 84 5
52 510 84 17
399 155 84 2
125 234 84 16
405 94 84 15
148 155 84 14
416 332 84 15
325 524 84 15
185 250 84 5
312 541 84 12
394 137 84 10
175 250 84 1
262 101 84 1
22 225 84 20
362 83 84 12
521 292 84 6
209 160 84 5
253 546 84 18
119 184 84 14
466 10 84 3
227 404 84 7
484 93 84 11
156 354 84 6
530 375 84 18
105 251 84 3
382 225 84 2
267 495 84 17
545 200 84 4
252 319 84 3
208 299 84 5
158 41 84 14
306 39 84 14
218 195 84 10
169 239 84 18
406 405 84 15
240 239 84 14
365 505 84 9
164 502 84 18
24 206 84 12
67 476 84 11
120 86 84 13
152 454 84 7
277 186 84 18
270 354 84 14
152 274 84 10
285 513 84 14
219 392 84 14
100 71 84 16
181 94 84 15
94 161 84 6
306 342 84 3
73 493 84 11
488 284 84 20
2 6 84 9
364 158 84 5
35 504 84 20
7 176 84 9
484 275 84 6
430 517 84 6
158 64 84 2
300 431 84 7
104 504 84 18
361 506 84 18
318 22 84 6
82 385 84 5
182 482 84 17
309 488 84 18
280 486 84 16
384 430 84 10
519 41 84 2
329 402 84 6
542 505 84 11
153 380 84 15
48 150 84 8
11 294 84 14
130 537 84 12
206 298 84 19
519 92 84 7
75 475 84 13
209 508 84 10
406 351 84 4
486 345 84 1
38 13 84 11
94 60 84 13
234 70 84 16
212 262 84 16
185 467 84 4
161 501 84 9
138 90 84 3
544 298 84 17
505 156 84 2
382 156 84 2
278 193 84 17
68 349 84 4
7 35 84 10
302 308 84 18
38 8 84 16
72 168 84 10
259 367 84 7
435 363 84 8
25 382 84 14
513 278 84 11
313 70 84 20
125 137 84 5
543 206 84 17
61 507 84 8
325 544 84 11
86 130 84 8
284 450 84 4
87 338 84 5
186 424 84 18
18 389 84 20
490 216 84 9
184 340 84 1
227 398 84 15
366 458 84 19
265 298 84 12
234 383 84 7
432 181 84 2
387 329 84 13
282 515 84 16
74 47 84 3
143 536 84 17
281 172 84 16
133 460 84 13
128 278 84 1
144 543 84 16
157 291 84 14
361 175 84 4
467 76 84 18
426 358 84 2
199 493 84 10
484 88 84 4
438 430 84 3
247 16 84 5
390 205 84 16
21 349 84 17
496 20 84 18
383 442 84 18
451 361 84 13
238 239 84 18
116 499 84 11
40 498 84 3
14 388 84 10
159 149 84 17
279 539 84 6
130 74 84 18
37 85 84 5
173 467 84 13
544 370 84 15
444 122 84 9
216 299 84 8
480 338 84 16
284 351 84 13
33 25 84 13
405 365 84 2
435 494 84 12
266 46 84 5
178 218 84 18
46 276 84 4
275 173 84 14
257 450 84 19
190 383 84 10
136 181 84 12
531 275 84 18
527 133 84 12
30 20 84 15
153 348 84 14
422 40 84 3
63 86 84 7
136 360 84 7
331 131 84 12
339 320 84 15
199 455 84 6
410 500 84 12
222 480 84 4
399 509 84 3
37 176 84 15
267 50 84 8
229 112 84 1
466 310 84 1
391 155 84 8
280 493 84 9
4 206 84 5
517 131 84 6
211 352 84 10
99 265 84 6
7 301 84 9
323 20 84 15
132 310 84 18
150 229 84 8
527 134 84 15
487 413 84 1
220 478 84 15
531 447 84 1
247 173 84 8
443 271 84 6
114 277 84 15
508 115 84 14
403 308 84 19
472 458 84 15
303 437 84 13
288 377 84 20
280 111 84 14
540 156 84 12
382 402 84 14
91 297 84 15
65 411 84 8
339 433 84 1
209 288 84 9
327 213 84 15
188 30 84 7
182 318 84 1
103 112 84 1
501 104 84 19
252 1 84 13
236 91 84 3
491 155 84 16
476 8 84 12
151 217 84 6
134 543 84 18
27 184 84 3
419 427 84 8
154 530 84 1
547 483 84 19
62 249 84 4
526 485 84 7
193 428 84 20
331 418 84 3
417 22 84 8
243 155 84 5
281 244 84 9
410 177 84 12
372 330 84 4
383 391 84 2
74 453 84 7
313 493 84 3
95 138 84 8
93 531 84 19
99 400 84 19
321 95 84 16
539 437 84 17
454 361 84 16
311 185 84 6
150 82 84 10
472 156 84 16
10 530 84 8
32 77 84 19
481 169 84 14
316 268 84 8
172 41 84 14
307 94 84 5
137 63 84 12
144 373 84 13
542 38 84 2
236 24 84 8
507 33 84 15
114 126 84 9
467 59 84 13
319 437 84 10
22 123 84 19
429 429 84 15
177 81 84 16
286 286 84 17
33 280 84 20
470 30 84 19
515 51 84 12
542 164 84 1
160 146 84 5
8 526 84 3
124 547 84 17
404 428 84 17
230 120 84 17
119 405 84 8
504 499 84 19
317 483 84 8
215 450 84 5
207 506 84 3
324 180 84 15
499 188 84 3
79 373 84 6
390 229 84 19
35 520 84 5
308 91 84 15
318 109 84 7
123 425 84 8
19 154 84 19
512 360 84 12
137 136 84 17
516 150 84 17
326 290 84 14
136 132 84 18
435 166 84 11
306 473 84 2
96 306 84 5
447 490 84 13
187 23 84 2
376 49 84 9
100 186 84 12
489 216 84 9
518 542 84 2
434 130 84 11
31 79 84 13
210 446 84 3
479 56 84 10
309 503 84 16
141 204 84 16
65 94 84 7
472 193 84 2
467 135 84 15
127 105 84 1
137 54 84 5
279 146 84 9
101 355 84 13
457 286 84 16
87 110 84 15
205 250 84 18
408 376 84 15
50 300 84 17
486 282 84 1
105 408 84 15
204 544 84 11
493 337 84 18
314 437 84 8
94 409 84 12
415 10 84 16
206 214 84 12
200 74 84 20
349 185 84 14
82 185 84 12
10 290 84 15
43 8 84 12
191 500 84 11
485 328 84 18
39 422 84 17
425 351 84 1
498 10 84 6
273 271 84 6
485 73 84 9
450 216 84 6
211 225 84 5
379 330 84 14
59 35 84 2
75 519 84 4
42 10 84 18
480 497 84 7
317 509 84 16
492 234 84 2
194 233 84 20
80 136 84 18
212 346 84 5
87 240 84 10
30 298 84 11
473 372 84 11
212 413 84 3
371 345 84 16
396 177 84 13
492 121 84 17
312 314 84 8
265 455 84 18
11 182 84 2
466 268 84 15
280 359 84 16
128 285 84 7
495 496 84 18
387 319 84 4
227 230 84 19
29 174 84 16
187 485 84 3
516 265 84 10
495 275 84 1
335 255 84 13
413 49 84 19
242 176 84 1
503 124 84 6
145 510 84 20
194 251 84 20
418 341 84 13
278 528 84 14
514 496 84 1
110 506 84 12
496 293 84 11
117 158 84 3
34 461 84 14
298 479 84 19
24 138 84 20
69 331 84 5
343 202 84 13
306 541 84 14
268 507 84 7
494 69 84 20
509 79 84 3
293 195 84 14
187 229 84 18
194 41 84 16
449 64 84 13
180 133 84 6
162 537 84 4
485 357 84 2
302 77 84 16
130 85 84 5
463 108 84 11
56 400 84 16
354 39 84 12
80 295 84 11
284 258 84 19
140 437 84 14
327 52 84 15
168 51 84 12
65 414 84 4
468 544 84 13
454 521 84 20
457 30 84 9
170 383 84 8
172 524 84 8
277 260 84 7
445 399 84 13
260 241 84 13
126 408 84 20
349 534 84 7
164 516 84 5
125 423 84 1
131 394 84 20
52 16 84 4
74 250 84 2
451 526 84 1
539 485 84 13
31 197 84 16
121 384 84 5
323 186 84 20
391 411 84 2
33 535 84 14
133 180 84 10
386 294 84 3
474 367 84 11
53 332 84 13
438 323 84 7
189 353 84 18
181 535 84 20
95 310 84 17
57 216 84 20
473 310 84 5
279 504 84 12
479 342 84 16
209 330 84 9
250 382 84 18
331 272 84 3
287 460 84 2
16 155 84 5
66 249 84 13
364 306 84 10
39 293 84 8
311 87 84 19
277 80 84 14
474 350 84 4
67 52 84 2
476 382 84 8
176 183 84 7
291 198 84 1
393 325 84 8
319 203 84 6
523 304 84 8
488 129 84 8
410 405 84 19
187 331 84 11
232 459 84 18
172 387 84 12
384 78 84 19
508 430 84 20
301 337 84 15
343 170 84 7
205 145 84 1
422 148 84 5
239 72 84 6
136 258 84 3
443 489 84 4
255 114 84 7
509 497 84 17
461 519 84 4
124 272 84 16
112 130 84 13
365 396 84 10
311 332 84 13
448 86 84 5
503 221 84 19
342 116 84 12
91 432 84 4
289 394 84 15
17 369 84 3
236 492 84 16
244 57 84 18
422 421 84 10
259 246 84 2
305 208 84 11
422 226 84 15
249 20 84 9
18 172 84 9
24 461 84 16
41 539 84 20
29 290 84 5
351 48 84 12
254 469 84 20
68 242 84 1
214 61 84 9
444 482 84 12
410 184 84 13
6 263 84 3
33 349 84 13
31 389 84 7
334 480 84 11
97 283 84 20
40 51 84 8
403 119 84 2
527 394 84 16
373 352 84 16
444 214 84 10
534 281 84 5
310 376 84 11
547 406 84 6
228 254 84 1
260 351 84 15
339 390 84 14
340 308 84 18
160 287 84 13
40 112 84 5
401 70 84 14
461 56 84 6
298 427 84 3
483 426 84 12
509 106 84 1
530 427 84 5
285 219 84 15
91 73 84 11
77 294 84 5
456 333 84 5
155 249 84 14
67 162 84 16
259 521 84 14
342 456 84 19
344 479 84 11
538 461 84 18
50 261 84 5
14 413 84 19
346 5 84 20
418 522 84 17
115 129 84 16
429 195 84 19
312 516 84 10
75 372 84 3
326 168 84 11
135 159 84 20
432 270 84 11
463 345 84 1
19 144 84 16
415 14 84 20
112 128 84 16
57 9 84 19
163 383 84 17
304 519 84 1
353 297 84 6
396 493 84 9
352 440 84 10
21 355 84 18
164 435 84 17
374 302 84 11
496 414 84 17
199 470 84 15
159 148 84 2
87 451 84 15
448 319 84 19
430 167 84 6
84 518 84 8
70 53 84 6
339 278 84 2
203 104 84 15
143 114 84 2
272 313 84 18
409 533 84 16
444 135 84 13
450 35 84 12
267 526 84 7
92 125 84 5
356 194 84 16
489 532 84 5
509 250 84 14
284 454 84 4
533 178 84 1
220 101 84 3
116 544 84 19
463 446 84 1
95 166 84 1
441 257 84 13
271 128 84 18
216 69 84 20
500 31 84 9
340 314 84 15
356 361 84 18
137 96 84 1
451 211 84 16
413 126 84 11
410 221 84 11
448 176 84 13
62 446 84 5
417 176 84 4
272 128 84 2
499 468 84 6
24 276 84 5
396 475 84 1
322 378 84 1
245 243 84 12
66 168 84 3
114 68 84 8
480 129 84 4
427 546 84 5
504 332 84 1
64 283 84 20
484 368 84 1
232 279 84 13
76 53 84 10
130 297 84 11
371 424 84 15
286 52 84 7
437 47 84 7
487 535 84 17
228 491 84 16
96 7 84 13
493 5 84 1
133 298 84 15
248 373 84 11
192 17 84 19
503 388 84 11
434 188 84 3
432 77 84 1
74 79 84 9
260 368 84 2
293 525 84 1
123 470 84 11
382 117 84 1
373 364 84 2
478 71 84 4
394 88 84 1
187 522 84 4
94 406 84 4
46 479 84 5
533 254 84 11
415 61 84 14
428 245 84 5
382 79 84 17
149 513 84 9
289 443 84 8
507 352 84 12
18 538 84 6
325 146 84 8
223 192 84 6
200 177 84 15
543 106 84 3
379 533 84 2
198 430 84 4
134 93 84 13
496 443 84 1
380 464 84 8
414 481 84 16
422 320 84 18
289 543 84 4
149 195 84 18
324 252 84 2
12 145 84 15
429 343 84 1
501 476 84 20
477 424 84 16
473 319 84 2
272 185 84 8
62 122 84 19
122 410 84 1
310 73 84 7
252 458 84 19
361 469 84 12
455 412 84 13
9 365 84 6
202 357 84 13
290 282 84 20
357 6 84 2
358 130 84 5
193 251 84 8
23 75 84 16
171 388 84 3
23 201 84 3
82 171 84 9
483 179 84 5
328 442 84 6
111 184 84 9
274 541 84 17
136 413 84 6
120 58 84 1
27 142 84 2
7 312 84 13
443 396 84 9
254 540 84 7
537 537 84 4
91 379 84 15
1 4 84 15
192 277 84 6
513 475 84 15
415 47 84 4
83 73 84 1
372 79 84 16
501 37 84 8
346 352 84 7
361 341 84 9
7 432 84 17
156 432 84 13
4 139 84 10
453 166 84 8
221 33 84 16
45 115 84 9
73 486 84 8
473 502 84 2
237 300 84 18
540 114 84 20
286 182 84 9
410 338 84 18
537 403 84 14
456 308 84 10
364 528 84 15
318 88 84 7
345 222 84 1
27 147 84 15
292 446 84 17
361 438 84 4
285 176 84 7
94 100 84 5
396 152 84 12
351 60 84 18
471 486 84 16
76 256 84 11
405 115 84 19
188 141 84 12
471 494 84 4
507 307 84 17
109 45 84 5
440 138 84 10
75 48 84 18
175 398 84 18
35 321 84 16
484 458 84 7
536 378 84 13
261 18 84 11
195 3 84 4
89 510 84 19
359 133 84 17
319 25 84 6
378 162 84 3
104 336 84 13
436 432 84 17
221 430 84 18
199 418 84 13
354 194 84 15
165 450 84 18
407 539 84 3
532 412 84 1
155 183 84 9
523 75 84 1
392 178 84 12
172 128 84 7
273 348 84 14
346 62 84 14
187 415 84 15
169 94 84 4
91 15 84 11
100 547 84 13
179 154 84 6
344 191 84 7
186 35 84 19
362 269 84 5
423 541 84 6
366 339 84 15
241 40 84 8
372 208 84 17
467 360 84 15
68 459 84 2
18 152 84 6
212 496 84 13
542 196 84 12
503 10 84 9
107 432 84 12
58 312 84 6
70 68 84 19
73 501 84 13
108 482 84 6
220 2 84 11
330 19 84 2
109 292 84 6
78 286 84 4
143 304 84 7
477 410 84 15
318 529 84 19
13 113 84 2
355 185 84 14
358 355 84 6
173 27 84 20
508 356 84 20
448 464 84 19
336 541 84 8
481 137 84 12
89 128 84 8
190 445 84 13
55 519 84 1
50 327 84 11
544 137 84 8
488 371 84 18
370 331 84 7
395 232 84 7
101 82 84 16
155 16 84 12
27 166 84 4
308 355 84 15
23 409 84 12
397 520 84 16
409 517 84 8
227 519 84 13
134 341 84 5
396 250 84 14
27 351 84 1
323 20 84 4
208 109 84 6
220 416 84 13
254 439 84 19
259 288 84 15
43 149 84 17
87 438 84 7
439 24 84 4
89 419 84 9
33 507 84 11
58 283 84 17
160 490 84 19
427 225 84 16
501 478 84 3
498 189 84 8
468 293 84 7
469 379 84 14
441 332 84 19
207 420 84 8
284 514 84 11
226 86 84 20
187 245 84 18
319 124 84 11
319 139 84 10
210 90 84 2
450 72 84 10
354 541 84 13
86 434 84 15
450 155 84 20
138 438 84 15
333 178 84 6
262 427 84 10
196 198 84 14
354 31 84 20
504 302 84 9
295 204 84 3
440 11 84 11
416 158 84 3
176 61 84 9
356 260 84 3
79 45 84 13
372 307 84 9
425 17 84 1
55 433 84 4
432 389 84 12
351 199 84 5
403 153 84 8
449 22 84 14
381 197 84 6
467 67 84 11
21 145 84 10
300 517 84 12
395 394 84 6
265 510 84 13
164 394 84 14
365 259 84 11
222 115 84 13
213 16 84 3
361 458 84 19
23 377 84 10
6 460 84 20
33 212 84 8
429 121 84 3
356 385 84 9
106 64 84 15
368 428 84 3
282 102 84 13
348 314 84 11
497 127 84 7
295 211 84 2
222 278 84 17
294 373 84 17
396 316 84 14
345 124 84 6
319 291 84 11
201 111 84 1
341 454 84 12
111 316 84 11
504 265 84 3
261 75 84 7
394 296 84 11
501 42 84 18
272 438 84 19
163 297 84 11
501 130 84 6
355 330 84 18
89 186 84 16
533 358 84 6
196 314 84 20
48 27 84 6
234 482 84 17
88 435 84 19
315 159 84 17
371 384 84 1
66 337 84 2
50 207 84 12
207 295 84 8
333 281 84 11
227 538 84 3
385 100 84 16
133 333 84 17
176 421 84 8
322 250 84 3
359 135 84 17
207 200 84 19
184 312 84 18
6 33 84 18
13 365 84 11
377 44 84 7
23 429 84 19
242 76 84 15
457 251 84 16
13 25 84 8
337 445 84 5
496 104 84 7
22 350 84 18
301 417 84 7
328 430 84 3
149 321 84 17
508 343 84 14
482 99 84 19
241 9 84 8
420 83 84 4
363 419 84 10
440 430 84 12
294 451 84 10
397 205 84 15
48 47 84 7
63 257 84 4
183 218 84 11
247 214 84 5
323 454 84 1
165 326 84 6
93 203 84 4
403 157 84 2
394 451 84 10
187 362 84 6
459 409 84 7
65 533 84 16
54 169 84 18
448 477 84 12
393 252 84 16
408 478 84 1
505 23 84 10
536 488 84 19
387 334 84 11
266 36 84 7
348 494 84 4
539 73 84 14
439 127 84 16
9 27 84 4
401 481 84 8
152 341 84 17
290 360 84 16
83 349 84 4
32 250 84 4
432 515 84 16
161 378 84 7
298 431 84 11
483 322 84 4
289 392 84 20
86 245 84 11
135 458 84 9
176 262 84 8
239 344 84 2
243 437 84 4
95 383 84 17
529 543 84 5
362 294 84 15
329 229 84 14
423 33 84 11
542 180 84 9
110 314 84 11
17 4 84 13
284 243 84 20
414 547 84 6
247 156 84 19
47 137 84 15
286 13 84 11
408 341 84 20
366 216 84 8
106 273 84 18
214 382 84 19
232 460 84 1
511 197 84 17
101 125 84 2
127 371 84 19
536 479 84 7
456 217 84 20
121 139 84 13
139 504 84 8
189 124 84 6
419 337 84 1
477 21 84 10
538 531 84 11
357 84 84 5
298 273 84 9
333 261 84 9
18 169 84 11
325 352 84 7
425 490 84 20
255 194 84 14
420 65 84 15
418 56 84 7
329 108 84 12
498 526 84 19
245 277 84 15
424 62 84 18
534 141 84 5
314 465 84 16
295 404 84 14
294 174 84 13
416 46 84 3
390 463 84 14
447 307 84 14
487 257 84 13
125 16 84 11
98 501 84 19
331 488 84 11
185 316 84 20
453 63 84 20
178 418 84 16
96 349 84 5
140 191 84 20
239 152 84 17
445 91 84 6
145 278 84 17
59 437 84 4
96 220 84 9
274 404 84 6
431 371 84 4
444 1 84 12
146 158 84 18
377 297 84 20
101 535 84 6
69 495 84 17
356 92 84 1
111 151 84 16
428 308 84 11
139 96 84 19
165 526 84 6
315 485 84 11
336 145 84 4
158 36 84 1
295 137 84 5
521 205 84 19
352 13 84 19
523 185 84 2
35 66 84 6
314 204 84 15
511 368 84 18
46 135 84 16
129 533 84 4
432 143 84 11
484 437 84 11
38 472 84 4
87 339 84 5
227 314 84 4
32 410 84 2
144 238 84 3
414 263 84 20
116 371 84 9
425 14 84 20
332 445 84 10
274 443 84 4
352 481 84 13
149 20 84 19
21 246 84 18
78 277 84 14
261 482 84 4
101 349 84 16
431 526 84 18
349 465 84 20
252 249 84 19
360 37 84 13
357 450 84 20
340 52 84 2
115 134 84 13
264 273 84 18
338 534 84 3
103 149 84 1
192 32 84 2
104 443 84 1
29 147 84 7
461 506 84 16
180 377 84 12
440 232 84 17
173 408 84 7
212 186 84 15
43 524 84 5
417 141 84 20
107 394 84 19
322 497 84 11
516 40 84 7
474 501 84 15
407 133 84 12
304 87 84 9
314 321 84 9
519 48 84 9
388 152 84 3
367 21 84 14
9 127 84 1
230 510 84 13
407 478 84 10
184 405 84 1
529 326 84 11
218 144 84 11
200 519 84 12
104 490 84 9
193 331 84 4
321 212 84 15
41 221 84 18
217 512 84 2
403 371 84 19
20 8 84 20
199 51 84 8
25 268 84 10
485 529 84 10
171 85 84 7
513 277 84 6
459 50 84 11
487 153 84 6
94 431 84 17
272 286 84 7
380 368 84 13
346 19 84 18
151 44 84 5
100 528 84 2
81 213 84 1
490 240 84 6
259 151 84 5
240 152 84 10
440 245 84 2
120 31 84 17
108 410 84 13
227 208 84 2
334 421 84 17
285 35 84 17
155 115 84 5
171 58 84 9
525 316 84 4
382 70 84 4
515 510 84 18
469 82 84 7
224 251 84 1
345 477 84 13
547 325 84 9
307 62 84 11
109 278 84 20
123 510 84 11
376 487 84 1
294 384 84 11
425 351 84 8
315 335 84 12
173 11 84 9
503 417 84 19
8 479 84 15
480 300 84 9
377 409 84 14
450 531 84 18
96 360 84 11
119 168 84 16
273 108 84 2
328 422 84 11
525 110 84 11
488 127 84 15
441 134 84 3
234 66 84 15
149 504 84 8
342 468 84 18
11 78 84 20
229 258 84 17
345 531 84 9
265 311 84 9
518 350 84 18
359 352 84 5
69 308 84 14
319 56 84 5
321 204 84 12
185 60 84 10
32 133 84 3
300 423 84 9
250 221 84 20
308 485 84 15
302 517 84 14
405 390 84 8
87 458 84 17
449 291 84 15
391 65 84 15
289 249 84 9
169 342 84 16
65 94 84 2
219 405 84 17
417 227 84 7
379 528 84 2
205 385 84 14
382 533 84 7
444 496 84 5
498 401 84 5
271 142 84 15
166 311 84 12
254 437 84 7
218 108 84 16
464 40 84 1
162 418 84 20
377 137 84 20
496 33 84 3
40 476 84 16
422 427 84 13
321 212 84 7
530 377 84 6
533 146 84 12
144 425 84 7
222 342 84 9
526 503 84 5
263 394 84 8
447 342 84 17
70 382 84 2
250 256 84 12
221 92 84 5
458 74 84 11
520 122 84 16
410 265 84 9
531 1 84 19
144 526 84 4
236 242 84 16
402 141 84 2
115 272 84 7
304 521 84 7
434 257 84 7
229 167 84 1
462 140 84 11
293 64 84 3
1 109 84 6
51 252 84 6
118 487 84 16
31 403 84 7
348 32 84 8
499 398 84 8
421 346 84 2
495 27 84 4
96 488 84 12
303 233 84 17
352 296 84 1
401 346 84 8
490 525 84 18
212 8 84 18
198 418 84 5
393 369 84 3
77 304 84 11
17 252 84 19
186 347 84 3
8 165 84 4
503 31 84 17
11 493 84 13
380 435 84 15
140 161 84 2
365 358 84 8
136 204 84 15
304 280 84 4
332 359 84 11
387 59 84 8
445 66 84 4
188 83 84 18
288 94 84 11
186 535 84 12
123 127 84 6
129 6 84 9
6 203 84 2
313 21 84 12
376 353 84 19
268 254 84 19
506 151 84 3
361 400 84 9
370 202 84 8
262 387 84 8
165 24 84 18
167 215 84 17
42 220 84 7
181 47 84 4
53 484 84 9
345 204 84 20
148 162 84 9
79 37 84 13
30 406 84 18
198 182 84 6
353 347 84 13
87 28 84 15
498 69 84 16
503 312 84 2
43 364 84 8
544 224 84 6
204 371 84 13
77 449 84 2
350 540 84 20
277 252 84 11
167 57 84 17
81 206 84 11
209 156 84 7
71 173 84 5
41 215 84 16
433 273 84 15
543 539 84 16
267 68 84 16
90 417 84 5
257 208 84 8
120 375 84 6
329 455 84 19
18 179 84 19
447 249 84 18
31 290 84 9
41 237 84 2
273 294 84 7
391 75 84 4
411 165 84 15
547 421 84 7
325 55 84 15
222 383 84 7
324 462 84 4
35 424 84 13
527 454 84 16
139 9 84 20
86 344 84 6
24 187 84 3
30 112 84 3
29 111 84 18
235 498 84 18
331 172 84 11
334 496 84 7
30 45 84 13
36 86 84 5
332 286 84 17
378 372 84 17
171 457 84 12
100 1 84 4
131 29 84 3
159 264 84 3
241 109 84 1
158 504 84 8
113 533 84 2
430 83 84 20
230 476 84 3
523 369 84 3
128 54 84 6
466 153 84 1
430 345 84 16
505 503 84 3
530 196 84 16
180 415 84 13
448 527 84 9
214 409 84 9
64 91 84 15
200 129 84 12
284 318 84 5
278 236 84 8
272 118 84 11
356 76 84 3
157 120 84 13
127 299 84 3
54 262 84 20
27 475 84 7
83 538 84 10
130 253 84 16
482 51 84 2
403 328 84 19
475 52 84 14
345 408 84 18
169 79 84 13
251 267 84 10
199 320 84 18
127 409 84 18
464 491 84 2
468 73 84 11
53 70 84 7
17 472 84 9
216 461 84 15
532 258 84 6
501 489 84 12
527 254 84 5
428 452 84 12
529 32 84 19
71 10 84 14
213 539 84 10
60 106 84 20
20 122 84 12
245 337 84 2
36 321 84 11
297 336 84 3
26 315 84 10
84 196 84 19
524 239 84 8
277 371 84 16
36 37 84 12
415 96 84 3
377 115 84 10
326 421 84 3
126 519 84 7
307 268 84 1
430 355 84 7
320 501 84 16
177 539 84 17
65 268 84 8
24 366 84 1
521 233 84 6
91 124 84 15
329 449 84 14
294 89 84 19
157 396 84 19
355 340 84 14
382 174 84 19
58 351 84 18
33 477 84 1
379 501 84 2
276 536 84 2
269 142 84 1
438 470 84 1
480 279 84 9
9 497 84 10
351 304 84 3
501 200 84 17
119 257 84 19
275 352 84 12
152 245 84 14
455 521 84 12
444 242 84 9
71 194 84 2
146 126 84 16
310 134 84 10
384 547 84 16
250 15 84 20
352 134 84 11
318 470 84 4
214 74 84 6
125 529 84 18
87 487 84 17
189 10 84 9
214 217 84 8
32 527 84 15
346 363 84 10
478 128 84 14
201 541 84 8
304 373 84 9
273 102 84 19
486 226 84 2
188 374 84 20
192 16 84 13
452 291 84 13
290 385 84 1
261 183 84 6
294 114 84 9
403 376 84 11
98 194 84 18
262 466 84 6
15 404 84 4
358 106 84 10
93 360 84 10
508 264 84 17
531 6 84 5
109 328 84 7
50 136 84 7
118 538 84 20
303 88 84 4
252 412 84 14
363 426 84 8
215 299 84 2
503 453 84 2
258 414 84 20
366 459 84 3
311 20 84 6
501 70 84 1
318 249 84 19
26 5 84 9
411 318 84 9
230 195 84 1
514 472 84 5
356 427 84 12
11 199 84 7
52 18 84 10
99 390 84 14
535 405 84 15
12 238 84 1
89 263 84 11
254 188 84 18
344 479 84 16
313 445 84 7
95 254 84 5
268 326 84 7
368 377 84 2
442 537 84 14
535 39 84 8
150 113 84 4
75 201 84 1
67 516 84 3
375 313 84 18
393 140 84 11
397 235 84 14
280 17 84 13
424 384 84 3
99 340 84 4
226 327 84 7
273 538 84 6
9 128 84 11
132 194 84 17
442 83 84 18
136 538 84 2
275 387 84 16
182 182 84 20
414 120 84 12
538 280 84 3
104 21 84 16
317 293 84 11
96 363 84 3
75 494 84 15
84 388 84 8
468 524 84 14
444 313 84 3
107 495 84 18
395 361 84 18
519 351 84 4
498 516 84 6
257 286 84 7
6 381 84 7
429 517 84 1
13 115 84 9
226 97 84 3
492 540 84 17
112 161 84 17
460 8 84 11
504 42 84 4
280 539 84 13
77 248 84 15
165 315 84 16
193 196 84 6
106 270 84 17
468 496 84 16
321 502 84 6
486 66 84 4
52 40 84 7
525 543 84 8
316 275 84 13
76 351 84 16
121 31 84 9
61 223 84 12
32 390 84 17
118 310 84 6
362 145 84 5
113 84 84 20
87 135 84 16
69 174 84 14
91 489 84 5
229 18 84 20
68 138 84 4
221 261 84 3
84 292 84 11
217 471 84 2
360 347 84 12
519 522 84 8
196 61 84 19
521 129 84 3
356 282 84 15
466 510 84 12
379 30 84 4
446 312 84 1
250 396 84 4
444 127 84 7
463 2 84 3
79 520 84 19
387 231 84 10
282 266 84 13
412 75 84 5
421 540 84 10
510 433 84 14
251 393 84 15
314 95 84 7
121 54 84 14
399 516 84 14
539 109 84 3
167 495 84 7
403 291 84 17
221 155 84 3
319 90 84 5
442 52 84 10
48 364 84 17
27 130 84 5
401 251 84 7
416 164 84 5
371 217 84 18
360 446 84 17
94 301 84 8
93 521 84 5
229 293 84 14
356 249 84 8
431 358 84 20
350 384 84 12
426 299 84 18
8 168 84 4
105 538 84 18
372 412 84 5
39 20 84 6
543 112 84 7
169 402 84 19
432 273 84 3
261 218 84 6
453 82 84 12
290 508 84 17
439 30 84 5
267 197 84 2
311 21 84 18
315 122 84 15
10 179 84 5
350 410 84 4
435 294 84 7
222 7 84 16
428 521 84 19
470 326 84 17
264 217 84 4
287 545 84 19
300 370 84 3
239 137 84 13
197 209 84 4
329 11 84 3
377 446 84 16
150 182 84 10
140 62 84 4
211 531 84 14
305 248 84 13
428 534 84 15
262 349 84 11
178 40 84 3
216 299 84 10
432 142 84 10
25 518 84 16
458 182 84 15
474 321 84 12
463 531 84 10
231 288 84 2
277 230 84 8
382 491 84 8
248 122 84 19
313 337 84 16
523 283 84 7
321 307 84 11
17 279 84 10
379 267 84 11
317 182 84 9
239 474 84 15
469 203 84 2
201 38 84 18
281 347 84 11
525 112 84 9
457 150 84 19
108 470 84 15
275 487 84 12
77 380 84 19
198 212 84 4
303 512 84 7
273 495 84 14
410 149 84 6
5 491 84 9
269 468 84 3
383 440 84 20
233 547 84 1
388 336 84 2
399 412 84 17
66 63 84 12
524 427 84 13
424 152 84 5
526 76 84 16
180 81 84 17
180 411 84 13
292 246 84 13
68 540 84 11
376 381 84 6
75 294 84 2
216 421 84 3
21 460 84 1
337 336 84 17
54 314 84 14
527 493 84 12
397 187 84 2
312 541 84 12
118 61 84 14
533 436 84 1
189 26 84 1
256 241 84 8
448 262 84 18
519 51 84 17
256 166 84 10
131 146 84 2
148 57 84 2
28 430 84 3
216 1 84 16
396 533 84 3
471 174 84 4
292 491 84 7
48 453 84 16
202 424 84 11
205 195 84 15
522 387 84 9
360 535 84 17
323 77 84 6
341 292 84 14
420 202 84 15
449 125 84 6
503 478 84 9
312 526 84 5
383 242 84 8
19 446 84 13
429 482 84 13
438 295 84 4
18 132 84 15
27 473 84 8
37 345 84 6
93 246 84 19
385 263 84 13
135 89 84 10
275 533 84 12
416 66 84 7
204 495 84 14
441 385 84 17
117 464 84 5
417 490 84 5
39 41 84 8
347 196 84 20
294 33 84 4
172 167 84 7
28 503 84 15
187 372 84 12
245 90 84 7
237 530 84 13
100 100 84 6
32 31 84 3
14 69 84 7
277 477 84 7
363 224 84 5
163 395 84 5
114 423 84 11
51 124 84 19
53 368 84 5
64 119 84 12
459 218 84 13
285 312 84 2
53 325 84 9
471 116 84 9
537 540 84 11
150 156 84 19
538 331 84 11
335 443 84 10
17 495 84 13
336 11 84 3
91 531 84 18
6 330 84 4
14 445 84 5
153 430 84 1
221 420 84 10
512 84 84 9
103 137 84 4
179 471 84 12
440 2 84 6
521 338 84 10
236 490 84 10
231 495 84 9
536 24 84 3
196 238 84 10
518 458 84 15
347 422 84 14
332 39 84 12
162 279 84 11
434 171 84 10
169 207 84 16
462 442 84 9
315 187 84 13
435 238 84 10
453 433 84 12
415 465 84 19
249 326 84 1
290 110 84 17
406 333 84 20
506 282 84 9
123 450 84 15
77 426 84 4
520 193 84 7
426 143 84 14
416 48 84 2
97 524 84 15
234 287 84 10
370 29 84 9
482 434 84 5
449 455 84 11
40 92 84 16
446 169 84 8
262 203 84 6
264 143 84 1
503 12 84 16
142 170 84 12
307 403 84 11
188 225 84 18
303 221 84 18
204 123 84 8
447 224 84 1
46 185 84 13
133 446 84 20
474 224 84 5
410 179 84 11
455 382 84 9
476 141 84 10
236 390 84 13
86 146 84 16
370 349 84 1
76 248 84 16
421 356 84 16
386 3 84 8
69 538 84 6
442 400 84 15
278 369 84 16
346 359 84 7
269 47 84 6
478 194 84 12
423 17 84 10
5 92 84 14
358 512 84 20
409 413 84 3
359 481 84 12
531 437 84 19
397 230 84 11
158 28 84 7
60 358 84 9
351 350 84 15
302 288 84 13
54 292 84 10
53 164 84 8
470 26 84 14
403 384 84 15
327 429 84 9
164 340 84 9
370 498 84 20
448 72 84 7
26 484 84 18
406 238 84 13
255 291 84 4
257 405 84 13
286 389 84 9
242 245 84 11
132 86 84 13
520 249 84 20
43 133 84 9
202 96 84 10
233 121 84 4
4 41 84 14
125 357 84 1
52 128 84 3
80 414 84 14
196 170 84 2
147 363 84 18
527 335 84 5
153 439 84 12
337 155 84 7
46 387 84 10
237 453 84 15
181 30 84 6
414 143 84 13
505 222 84 14
438 417 84 2
191 79 84 5
515 58 84 1
117 272 84 20
398 124 84 19
290 169 84 18
301 467 84 17
415 162 84 17
275 29 84 13
325 533 84 17
303 485 84 3
451 129 84 8
414 158 84 16
164 336 84 16
477 186 84 19
336 537 84 15
96 291 84 7
308 158 84 10
64 494 84 15
24 334 84 16
205 89 84 16
256 54 84 19
447 467 84 3
211 146 84 12
184 75 84 9
342 472 84 2
183 20 84 19
5 389 84 19
474 514 84 15
486 537 84 4
484 257 84 11
481 27 84 16
121 474 84 9
465 137 84 17
50 382 84 11
429 238 84 15
251 482 84 12
425 486 84 20
209 475 84 17
487 413 84 5
65 411 84 11
279 406 84 9
62 526 84 19
373 505 84 16
220 7 84 7
203 498 84 10
111 201 84 15
101 141 84 17
541 349 84 4
462 288 84 14
373 415 84 12
55 208 84 7
311 269 84 7
492 94 84 12
387 375 84 7
115 93 84 7
143 203 84 5
104 365 84 12
66 420 84 2
17 335 84 20
381 222 84 15
123 339 84 17
270 102 84 12
520 108 84 10
181 494 84 17
395 124 84 5
74 266 84 20
15 431 84 20
97 497 84 2
527 513 84 9
212 408 84 5
312 530 84 17
72 315 84 1
162 287 84 8
346 467 84 20
482 376 84 1
100 449 84 16
530 526 84 4
231 137 84 20
475 178 84 7
506 389 84 20
273 215 84 12
379 286 84 19
162 510 84 11
53 370 84 6
500 304 84 8
522 404 84 17
325 386 84 7
496 131 84 5
193 58 84 4
464 78 84 16
49 351 84 6
164 244 84 12
107 405 84 16
