300 30
70 45 120 18
8 41 120 16
36 142 120 10
2 38 120 8
125 56 120 4
151 173 120 7
153 39 120 12
23 9 120 10
159 12 120 3
79 18 120 16
94 39 120 3
132 171 120 8
82 34 120 12
102 160 120 14
8 111 120 5
10 41 120 5
38 20 120 14
83 168 120 1
102 153 120 3
21 58 120 2
138 151 120 5
127 62 120 6
60 143 120 14
134 24 120 16
24 31 120 15
143 165 120 5
39 30 120 8
99 112 120 19
42 165 120 4
122 12 120 20
170 150 120 17
36 55 120 13
25 115 120 15
46 27 120 11
6 51 120 8
29 145 120 3
43 135 120 13
29 61 120 1
9 54 120 6
141 127 120 20
109 76 120 12
55 111 120 12
13 87 120 10
66 85 120 17
142 42 120 7
28 22 120 4
30 65 120 9
109 45 120 10
30 54 120 11
164 21 120 16
89 130 120 17
114 136 120 6
21 100 120 2
42 166 120 9
167 86 120 2
168 113 120 1
141 94 120 5
152 154 120 17
98 11 120 8
49 1 120 17
127 41 120 18
107 155 120 8
150 2 120 19
106 169 120 18
98 162 120 19
131 156 120 12
13 75 120 17
84 53 120 4
27 102 120 7
22 151 120 19
163 56 120 10
39 163 120 17
50 91 120 11
161 148 120 20
42 72 120 5
9 154 120 20
41 119 120 10
166 154 120 5
98 132 120 16
41 154 120 12
109 95 120 20
169 134 120 9
38 135 120 12
33 122 120 2
148 116 120 19
78 124 120 17
115 116 120 3
6 108 120 17
75 158 120 5
72 25 120 5
123 85 120 13
104 80 120 11
27 69 120 14
164 101 120 11
151 27 120 1
112 104 120 2
54 171 120 20
66 128 120 9
59 29 120 7
135 52 120 1
18 1 120 17
168 57 120 8
10 35 120 20
34 25 120 13
131 127 120 20
171 66 120 11
113 71 120 7
170 89 120 13
114 99 120 20
42 60 120 5
167 77 120 1
155 23 120 9
2 32 120 5
90 17 120 5
57 148 120 17
51 97 120 5
101 36 120 13
99 157 120 6
52 50 120 1
159 91 120 14
96 37 120 5
158 143 120 2
104 144 120 13
35 60 120 5
164 69 120 14
74 119 120 16
173 46 120 20
122 145 120 6
159 148 120 5
121 85 120 15
142 7 120 5
18 117 120 7
90 47 120 3
145 33 120 10
43 24 120 19
41 49 120 9
134 173 120 4
42 122 120 9
58 107 120 8
123 55 120 10
105 148 120 9
76 166 120 11
16 82 120 4
51 5 120 13
146 47 120 13
88 39 120 9
149 173 120 17
82 166 120 2
63 50 120 9
18 172 120 9
58 55 120 15
57 130 120 4
171 145 120 9
159 23 120 2
131 120 120 20
78 35 120 15
121 10 120 16
115 43 120 10
58 105 120 6
11 74 120 16
18 132 120 19
172 140 120 10
98 137 120 13
104 74 120 5
67 31 120 3
28 108 120 10
27 7 120 2
26 122 120 18
141 131 120 2
133 141 120 6
74 158 120 18
118 108 120 7
71 32 120 15
120 88 120 19
18 106 120 1
160 133 120 15
164 159 120 19
128 136 120 11
135 104 120 12
24 15 120 14
160 88 120 13
33 158 120 16
93 7 120 13
69 78 120 10
118 47 120 16
149 33 120 14
67 148 120 19
165 55 120 5
162 16 120 7
69 164 120 18
67 103 120 18
50 135 120 4
92 55 120 14
117 75 120 4
57 19 120 18
53 119 120 10
134 13 120 19
27 4 120 9
7 117 120 18
91 12 120 19
140 79 120 18
56 80 120 4
129 123 120 14
160 66 120 3
95 74 120 13
76 79 120 16
90 39 120 15
30 17 120 12
24 23 120 18
158 65 120 11
109 32 120 2
163 39 120 3
130 168 120 17
151 106 120 1
25 28 120 11
42 103 120 20
4 144 120 17
104 173 120 4
158 148 120 18
156 132 120 12
118 20 120 17
109 134 120 6
7 90 120 5
151 19 120 15
15 168 120 16
78 161 120 9
45 116 120 6
3 46 120 3
149 31 120 14
145 138 120 14
33 82 120 4
76 18 120 14
158 24 120 3
13 1 120 20
147 141 120 15
86 45 120 16
128 41 120 14
141 43 120 9
153 19 120 11
91 115 120 17
113 99 120 11
154 2 120 5
155 111 120 14
24 76 120 14
84 1 120 6
90 86 120 4
83 41 120 16
19 8 120 1
125 112 120 4
40 154 120 2
44 94 120 17
5 26 120 19
108 8 120 13
13 156 120 2
92 67 120 13
89 156 120 1
83 18 120 19
117 161 120 8
20 112 120 14
67 103 120 3
7 146 120 3
45 103 120 5
85 37 120 19
14 50 120 19
143 93 120 3
99 133 120 9
15 42 120 13
97 158 120 16
137 130 120 6
116 23 120 17
75 29 120 2
79 73 120 14
108 109 120 9
97 74 120 1
68 168 120 15
57 93 120 17
153 108 120 13
94 156 120 20
21 119 120 17
12 13 120 20
104 87 120 10
121 165 120 15
67 100 120 7
50 148 120 4
33 42 120 13
61 50 120 16
173 29 120 11
105 122 120 12
22 143 120 15
20 154 120 4
40 36 120 3
165 157 120 16
17 50 120 5
102 99 120 12
39 84 120 15
144 96 120 16
169 47 120 16
79 151 120 18
97 173 120 15
60 144 120 8
