3000 428
18 420 84 4
59 325 84 5
35 222 84 9
220 500 84 14
351 17 84 17
344 234 84 1
37 515 84 16
480 334 84 1
143 363 84 19
81 93 84 7
183 110 84 3
218 168 84 13
67 264 84 8
47 483 84 2
103 348 84 7
424 145 84 15
63 243 84 3
423 237 84 20
312 379 84 3
251 521 84 19
464 156 84 20
64 436 84 19
50 502 84 7
258 2 84 10
479 166 84 16
232 42 84 9
217 167 84 17
170 42 84 7
519 416 84 11
197 119 84 20
515 97 84 11
456 222 84 9
80 272 84 6
513 44 84 13
397 37 84 4
81 330 84 7
518 547 84 3
165 231 84 19
48 264 84 14
309 523 84 18
59 5 84 19
27 522 84 17
429 54 84 10
239 82 84 5
174 478 84 4
212 73 84 12
416 105 84 17
176 269 84 9
40 316 84 10
381 139 84 4
294 260 84 1
365 286 84 1
172 229 84 5
251 530 84 9
496 156 84 6
231 430 84 11
296 298 84 12
421 473 84 17
292 28 84 16
489 408 84 8
113 154 84 7
413 33 84 20
78 205 84 19
467 517 84 10
391 465 84 17
306 211 84 10
294 506 84 20
447 441 84 17
260 248 84 20
511 189 84 6
354 363 84 19
456 290 84 19
358 367 84 5
489 349 84 15
539 192 84 17
322 497 84 15
472 305 84 8
496 205 84 13
446 526 84 13
484 4 84 6
383 358 84 7
498 328 84 18
160 139 84 9
26 80 84 6
470 133 84 1
346 455 84 20
433 441 84 12
539 390 84 14
54 350 84 2
425 286 84 12
437 122 84 2
327 134 84 10
506 355 84 8
81 380 84 2
490 364 84 6
57 162 84 7
245 109 84 2
129 163 84 3
340 278 84 10
530 156 84 19
176 45 84 18
241 433 84 14
86 453 84 9
70 534 84 7
132 476 84 2
389 47 84 14
6 292 84 19
126 482 84 3
87 336 84 18
398 318 84 9
447 493 84 13
132 248 84 15
497 334 84 2
184 403 84 5
250 49 84 18
194 438 84 1
361 505 84 18
152 83 84 20
105 170 84 1
336 20 84 13
236 528 84 5
243 112 84 4
136 123 84 17
543 306 84 3
389 70 84 16
225 325 84 12
169 138 84 5
467 290 84 2
213 394 84 4
295 244 84 9
148 480 84 19
8 237 84 11
115 372 84 6
9 429 84 16
304 332 84 15
163 9 84 20
521 240 84 12
290 221 84 10
141 433 84 20
223 181 84 18
386 390 84 14
529 397 84 12
236 511 84 17
65 519 84 12
261 338 84 11
41 15 84 13
145 536 84 17
448 278 84 17
9 480 84 8
25 217 84 7
346 55 84 14
53 36 84 5
543 271 84 16
372 397 84 10
145 172 84 3
250 212 84 10
363 418 84 5
230 380 84 13
317 450 84 7
351 536 84 18
81 335 84 6
137 387 84 13
105 444 84 5
36 330 84 3
62 475 84 18
426 177 84 8
319 54 84 12
262 283 84 9
544 114 84 6
211 464 84 8
94 544 84 6
31 196 84 5
65 362 84 4
431 459 84 12
99 520 84 11
547 460 84 20
112 293 84 15
218 7 84 4
94 3 84 3
544 275 84 19
374 368 84 12
52 460 84 14
117 39 84 14
139 531 84 19
429 144 84 14
161 143 84 19
131 316 84 9
154 533 84 14
521 142 84 4
454 138 84 7
366 26 84 10
336 140 84 8
16 318 84 15
57 456 84 5
9 400 84 10
542 75 84 1
441 206 84 3
86 421 84 17
408 457 84 6
185 363 84 11
237 243 84 17
172 31 84 16
81 108 84 5
28 164 84 19
21 234 84 18
158 229 84 16
437 184 84 19
546 331 84 13
156 191 84 6
454 376 84 20
405 65 84 20
443 298 84 11
11 378 84 4
505 468 84 18
360 3 84 17
130 160 84 20
521 111 84 13
85 172 84 15
131 327 84 1
25 296 84 13
405 215 84 9
418 110 84 20
39 182 84 19
253 201 84 18
207 13 84 9
332 204 84 4
263 239 84 13
315 323 84 9
212 454 84 20
238 540 84 12
154 459 84 15
197 329 84 9
537 368 84 17
222 135 84 7
437 341 84 18
45 187 84 18
483 449 84 12
423 278 84 16
49 490 84 8
2 242 84 13
373 458 84 10
412 169 84 11
12 158 84 5
403 441 84 16
446 330 84 5
17 436 84 16
339 372 84 14
414 309 84 17
264 358 84 13
21 421 84 6
440 246 84 15
224 172 84 13
336 246 84 19
330 163 84 11
520 61 84 12
503 140 84 8
187 540 84 4
320 406 84 12
184 122 84 11
51 204 84 5
222 159 84 13
303 382 84 3
490 232 84 14
411 76 84 15
226 48 84 4
432 65 84 11
526 251 84 1
507 86 84 9
249 331 84 11
410 381 84 13
506 118 84 5
300 420 84 12
328 425 84 20
539 288 84 9
427 28 84 18
438 459 84 19
40 438 84 12
182 459 84 17
305 160 84 3
3 84 84 14
514 42 84 16
88 403 84 15
106 184 84 14
354 175 84 3
131 117 84 14
78 7 84 8
28 46 84 6
290 289 84 19
152 47 84 10
282 111 84 9
307 77 84 4
512 165 84 16
527 270 84 18
481 138 84 15
237 330 84 14
506 408 84 6
202 497 84 6
334 239 84 13
378 452 84 17
95 186 84 8
505 7 84 9
408 518 84 18
229 12 84 6
233 7 84 13
474 244 84 18
283 264 84 12
161 465 84 1
84 252 84 8
419 82 84 9
254 238 84 18
261 257 84 17
282 180 84 4
530 408 84 15
76 156 84 13
245 82 84 2
259 364 84 15
132 524 84 10
502 122 84 6
77 56 84 9
166 309 84 9
439 22 84 17
234 365 84 18
62 409 84 19
448 485 84 16
417 182 84 8
83 502 84 4
12 87 84 7
467 103 84 20
80 179 84 17
382 406 84 6
437 298 84 2
202 46 84 10
145 107 84 2
496 69 84 17
517 486 84 19
72 83 84 4
53 94 84 17
10 75 84 6
212 154 84 11
470 51 84 19
488 487 84 1
43 141 84 13
509 348 84 1
289 296 84 9
69 266 84 12
92 399 84 20
69 451 84 19
133 522 84 18
360 187 84 16
219 171 84 20
484 111 84 6
75 153 84 8
197 114 84 2
488 465 84 18
362 48 84 12
174 201 84 11
68 331 84 1
117 463 84 18
302 276 84 4
156 9 84 16
60 492 84 11
513 82 84 20
12 278 84 14
467 280 84 4
185 94 84 2
169 329 84 6
66 396 84 20
413 27 84 19
188 391 84 14
273 546 84 3
528 59 84 15
347 24 84 12
318 97 84 18
526 78 84 12
43 262 84 12
277 430 84 11
165 10 84 10
383 423 84 5
31 125 84 15
17 460 84 7
11 440 84 11
11 239 84 13
93 71 84 20
514 50 84 17
120 154 84 13
429 492 84 17
520 109 84 13
459 6 84 3
486 99 84 12
419 177 84 6
350 187 84 12
339 259 84 18
413 351 84 17
98 317 84 20
407 499 84 6
430 380 84 5
398 352 84 13
376 325 84 19
228 326 84 16
267 197 84 6
156 546 84 15
547 399 84 9
144 326 84 1
358 485 84 18
137 344 84 13
68 226 84 9
6 139 84 7
53 514 84 2
167 194 84 13
379 461 84 7
282 131 84 14
433 130 84 4
295 335 84 17
23 208 84 8
130 344 84 9
187 473 84 16
139 479 84 6
443 531 84 3
524 150 84 2
383 43 84 1
500 324 84 9
68 209 84 19
96 503 84 6
511 41 84 12
316 170 84 12
526 418 84 8
476 10 84 11
18 452 84 2
10 428 84 15
320 263 84 13
481 215 84 5
288 344 84 5
224 501 84 1
9 464 84 14
2 294 84 13
399 334 84 19
237 324 84 11
6 341 84 8
367 413 84 3
330 185 84 16
397 119 84 5
302 468 84 3
415 144 84 5
546 214 84 19
231 277 84 12
86 191 84 4
358 427 84 10
154 433 84 9
401 314 84 6
528 97 84 18
494 8 84 10
127 310 84 10
165 239 84 8
156 299 84 10
125 530 84 10
387 68 84 9
12 425 84 6
445 93 84 2
187 493 84 18
341 473 84 1
195 481 84 15
166 60 84 11
58 224 84 9
154 441 84 7
526 18 84 9
81 466 84 8
372 477 84 14
58 436 84 9
238 76 84 8
123 478 84 17
227 125 84 11
339 353 84 14
275 410 84 12
450 78 84 9
438 119 84 7
346 199 84 5
383 85 84 18
359 205 84 7
427 442 84 13
440 79 84 1
502 306 84 15
435 159 84 10
489 434 84 15
219 398 84 18
451 288 84 7
153 86 84 4
382 530 84 5
478 341 84 20
524 282 84 2
161 236 84 15
275 190 84 13
28 77 84 2
72 18 84 3
101 298 84 13
208 263 84 10
433 477 84 14
371 311 84 4
456 303 84 13
197 279 84 9
380 501 84 3
95 228 84 7
176 256 84 3
416 389 84 8
542 489 84 13
33 212 84 6
358 97 84 5
283 530 84 14
190 500 84 2
499 211 84 7
57 44 84 15
397 200 84 20
441 437 84 14
14 306 84 6
151 362 84 19
100 395 84 5
373 205 84 14
513 3 84 6
478 192 84 5
136 206 84 11
197 324 84 16
211 236 84 15
514 129 84 20
41 143 84 17
502 355 84 16
420 455 84 12
2 280 84 14
290 308 84 8
74 238 84 17
358 436 84 16
367 147 84 13
481 419 84 19
247 385 84 4
449 487 84 17
534 442 84 9
371 376 84 13
117 378 84 14
191 182 84 7
206 255 84 13
474 127 84 18
400 8 84 20
226 488 84 13
226 187 84 9
478 151 84 12
263 137 84 17
464 22 84 14
88 200 84 18
53 390 84 3
325 48 84 18
287 521 84 17
200 435 84 12
258 176 84 20
188 463 84 5
17 393 84 16
332 170 84 13
57 86 84 19
157 235 84 17
149 287 84 13
384 126 84 9
326 413 84 19
457 127 84 16
49 384 84 14
128 24 84 3
455 40 84 6
324 372 84 11
452 490 84 19
540 99 84 13
341 309 84 16
532 207 84 8
286 47 84 7
75 504 84 18
298 67 84 17
212 256 84 11
40 163 84 10
199 1 84 4
41 453 84 10
31 507 84 13
256 362 84 18
282 347 84 3
433 147 84 1
512 283 84 1
169 33 84 10
272 306 84 15
461 346 84 5
142 59 84 2
318 161 84 4
436 192 84 17
105 509 84 14
144 243 84 2
389 190 84 2
133 154 84 16
443 385 84 19
271 171 84 6
417 84 84 2
178 287 84 1
1 119 84 17
339 7 84 1
26 111 84 13
137 254 84 20
109 157 84 14
289 290 84 16
204 185 84 1
152 517 84 13
467 386 84 5
95 78 84 8
328 79 84 3
112 417 84 13
212 504 84 20
210 156 84 3
513 326 84 2
458 130 84 11
71 333 84 18
69 546 84 17
299 527 84 13
65 136 84 20
242 463 84 2
476 28 84 3
231 301 84 11
158 510 84 8
339 537 84 19
192 447 84 4
333 33 84 6
174 101 84 1
531 461 84 12
179 40 84 2
452 282 84 1
380 272 84 19
177 17 84 16
540 174 84 17
25 28 84 20
445 219 84 12
447 66 84 7
297 239 84 18
145 222 84 17
96 401 84 20
183 367 84 15
124 200 84 8
215 438 84 19
60 492 84 20
414 517 84 4
272 414 84 5
30 314 84 1
367 125 84 3
381 269 84 9
246 426 84 9
213 62 84 18
460 247 84 4
432 461 84 1
419 520 84 9
95 448 84 6
283 173 84 14
266 202 84 5
253 84 84 16
540 464 84 19
501 225 84 6
378 499 84 1
74 411 84 13
93 295 84 4
2 229 84 11
403 323 84 8
288 121 84 8
40 386 84 14
166 91 84 11
417 83 84 16
512 99 84 18
424 476 84 16
521 2 84 17
255 156 84 19
27 157 84 10
318 13 84 1
24 300 84 18
450 401 84 1
530 20 84 16
270 498 84 3
473 524 84 12
478 463 84 3
371 436 84 5
128 206 84 1
304 232 84 12
98 2 84 17
277 25 84 1
29 474 84 19
229 518 84 6
519 302 84 18
406 228 84 13
392 158 84 9
305 43 84 6
344 233 84 7
475 536 84 8
278 86 84 7
93 425 84 11
270 515 84 5
300 196 84 20
473 229 84 8
49 88 84 15
148 541 84 19
225 360 84 15
128 156 84 12
298 84 84 20
214 361 84 17
131 516 84 14
134 238 84 20
64 52 84 9
89 524 84 2
415 25 84 15
421 234 84 7
161 458 84 13
428 100 84 8
443 459 84 10
507 125 84 6
110 255 84 11
137 389 84 14
194 514 84 13
446 55 84 17
379 469 84 11
462 404 84 7
52 17 84 19
487 507 84 18
46 464 84 16
296 423 84 18
422 533 84 4
31 184 84 11
424 377 84 7
383 275 84 5
318 169 84 10
339 145 84 18
109 258 84 17
336 198 84 15
177 305 84 7
477 115 84 9
355 52 84 20
487 144 84 1
522 21 84 5
461 403 84 10
32 174 84 19
72 27 84 6
515 135 84 18
489 532 84 18
423 224 84 14
272 153 84 7
544 507 84 3
316 446 84 8
334 420 84 18
119 396 84 9
240 427 84 10
107 13 84 11
117 527 84 17
385 531 84 8
365 406 84 4
164 130 84 20
140 189 84 19
228 19 84 10
460 352 84 5
165 470 84 5
335 225 84 2
192 331 84 7
76 447 84 7
157 347 84 20
284 164 84 12
87 328 84 2
527 529 84 5
504 209 84 4
380 184 84 17
190 410 84 10
395 259 84 14
56 451 84 7
277 41 84 15
478 259 84 14
176 542 84 1
280 81 84 2
513 123 84 3
449 79 84 7
403 520 84 20
224 162 84 11
30 71 84 2
59 189 84 13
481 465 84 2
379 457 84 19
14 86 84 9
421 427 84 1
124 392 84 13
354 355 84 11
308 272 84 2
507 496 84 4
507 525 84 19
280 98 84 15
503 93 84 10
281 471 84 4
256 484 84 7
288 420 84 11
462 543 84 9
211 411 84 5
100 234 84 6
509 193 84 17
48 214 84 19
204 8 84 6
1 25 84 15
262 306 84 14
495 76 84 2
266 425 84 13
525 339 84 12
81 64 84 2
53 164 84 16
297 187 84 17
3 234 84 17
296 437 84 7
201 437 84 9
198 214 84 7
119 161 84 7
39 489 84 15
439 466 84 17
288 547 84 7
124 52 84 18
193 410 84 19
454 413 84 7
506 223 84 18
81 423 84 8
165 73 84 9
69 254 84 20
110 292 84 12
29 183 84 7
349 532 84 8
247 108 84 15
308 300 84 3
8 269 84 19
489 289 84 2
375 369 84 5
150 533 84 18
138 116 84 3
286 288 84 13
438 378 84 9
508 241 84 17
92 487 84 8
336 309 84 15
443 379 84 12
415 382 84 3
124 209 84 5
317 358 84 20
36 10 84 12
69 358 84 9
394 248 84 9
416 270 84 3
422 423 84 3
51 273 84 12
42 169 84 2
300 98 84 19
362 284 84 11
246 53 84 7
115 150 84 13
223 219 84 2
72 127 84 17
298 542 84 4
279 478 84 10
200 44 84 14
492 85 84 17
67 446 84 1
509 323 84 4
190 21 84 2
228 197 84 15
275 419 84 15
195 5 84 14
361 364 84 4
312 96 84 10
137 357 84 10
297 301 84 11
78 368 84 4
504 391 84 12
118 33 84 11
394 322 84 4
273 112 84 19
493 306 84 11
231 119 84 6
24 430 84 17
357 82 84 18
186 378 84 14
161 518 84 13
35 536 84 17
292 106 84 10
23 15 84 4
496 349 84 5
356 294 84 6
221 39 84 20
449 63 84 1
287 481 84 4
481 120 84 10
429 280 84 6
259 376 84 5
480 121 84 10
186 205 84 15
275 153 84 2
476 509 84 18
434 244 84 7
26 145 84 14
48 493 84 8
150 488 84 1
145 370 84 11
110 143 84 19
125 75 84 3
308 322 84 6
504 112 84 3
502 40 84 1
308 535 84 14
152 14 84 7
121 61 84 8
23 272 84 15
44 417 84 12
406 41 84 3
50 228 84 14
485 535 84 8
515 491 84 18
213 507 84 12
480 329 84 4
444 481 84 16
66 116 84 9
181 138 84 6
298 243 84 9
299 101 84 3
442 213 84 11
113 150 84 7
230 180 84 1
395 454 84 12
115 386 84 3
431 344 84 6
213 410 84 14
179 105 84 18
416 402 84 6
38 153 84 13
247 47 84 4
136 222 84 5
136 451 84 2
17 360 84 5
529 474 84 19
214 357 84 16
502 84 84 16
297 324 84 18
352 193 84 8
41 292 84 17
501 538 84 16
79 188 84 13
353 323 84 4
384 401 84 6
258 383 84 4
95 111 84 19
214 65 84 20
256 361 84 13
403 228 84 9
403 330 84 16
71 283 84 16
394 361 84 3
453 228 84 19
415 64 84 9
251 384 84 3
14 478 84 8
196 206 84 5
523 462 84 13
79 317 84 8
499 234 84 8
115 304 84 5
207 150 84 6
62 55 84 3
178 531 84 3
209 235 84 9
75 248 84 7
51 443 84 10
91 480 84 8
7 74 84 15
150 25 84 6
137 139 84 19
406 407 84 11
488 469 84 16
313 161 84 15
263 369 84 19
49 443 84 7
374 8 84 20
358 98 84 19
318 105 84 3
47 316 84 5
10 515 84 8
338 373 84 5
330 314 84 5
439 141 84 19
470 403 84 3
311 451 84 15
338 277 84 2
385 150 84 4
364 467 84 18
478 514 84 11
69 38 84 9
407 437 84 8
58 281 84 6
301 173 84 5
157 157 84 11
443 467 84 20
139 320 84 19
389 219 84 12
252 35 84 2
218 512 84 8
15 33 84 15
326 501 84 13
525 12 84 13
489 374 84 1
109 46 84 16
192 3 84 12
179 142 84 12
504 45 84 3
431 296 84 15
277 29 84 18
214 43 84 20
187 431 84 9
112 470 84 20
379 473 84 9
209 96 84 3
319 288 84 8
348 466 84 9
150 422 84 7
231 305 84 15
347 96 84 5
488 371 84 11
115 11 84 18
304 184 84 13
19 15 84 10
107 285 84 16
303 56 84 3
501 465 84 10
355 67 84 19
253 298 84 9
509 97 84 14
246 37 84 20
88 213 84 15
421 31 84 19
130 49 84 8
311 218 84 2
40 35 84 16
119 535 84 14
115 404 84 18
533 171 84 20
222 133 84 18
131 440 84 10
349 527 84 6
91 401 84 16
79 45 84 1
142 355 84 11
490 456 84 8
407 89 84 3
304 204 84 16
268 251 84 2
528 472 84 6
462 118 84 16
494 466 84 20
253 71 84 10
43 211 84 7
429 415 84 12
61 357 84 20
275 278 84 15
537 35 84 17
109 302 84 17
460 344 84 3
334 320 84 9
224 266 84 6
32 519 84 9
364 14 84 7
131 504 84 9
376 80 84 16
530 354 84 8
287 343 84 13
185 513 84 1
395 425 84 15
44 273 84 2
358 497 84 1
104 43 84 3
468 407 84 11
73 52 84 20
29 428 84 10
404 472 84 12
509 211 84 17
101 395 84 15
56 304 84 5
354 347 84 6
487 219 84 3
277 323 84 15
161 305 84 2
59 377 84 2
461 406 84 19
456 324 84 20
258 285 84 11
464 447 84 20
88 502 84 3
199 370 84 7
98 310 84 11
492 101 84 10
382 323 84 8
193 382 84 6
56 357 84 18
345 265 84 19
12 522 84 8
435 438 84 5
283 41 84 14
371 301 84 10
383 398 84 13
67 343 84 4
134 239 84 9
506 432 84 11
223 487 84 17
406 284 84 9
304 357 84 9
62 307 84 15
205 42 84 20
363 412 84 4
468 310 84 10
335 376 84 11
302 24 84 5
107 530 84 10
354 267 84 11
349 125 84 19
123 490 84 20
418 5 84 18
181 209 84 12
531 86 84 17
88 7 84 18
42 341 84 18
400 158 84 6
449 326 84 10
445 132 84 11
317 542 84 3
50 117 84 7
78 50 84 12
411 230 84 14
301 214 84 7
55 301 84 19
180 404 84 2
133 256 84 20
109 219 84 17
130 116 84 12
416 495 84 12
342 544 84 15
149 136 84 4
21 62 84 9
102 362 84 6
330 478 84 14
79 110 84 18
230 304 84 16
54 474 84 13
264 118 84 1
121 49 84 20
520 390 84 12
3 538 84 3
82 74 84 4
390 175 84 18
427 19 84 9
278 159 84 18
533 450 84 10
10 18 84 3
315 282 84 17
189 464 84 4
71 436 84 18
497 438 84 20
27 519 84 19
102 424 84 8
116 365 84 13
544 157 84 20
50 142 84 3
467 214 84 4
202 528 84 17
117 231 84 1
79 302 84 10
431 313 84 16
289 339 84 8
219 503 84 16
324 71 84 9
23 129 84 9
366 240 84 4
126 160 84 19
450 423 84 18
24 539 84 4
61 133 84 14
533 16 84 15
473 304 84 4
385 38 84 2
172 423 84 14
448 445 84 9
271 263 84 7
297 450 84 7
52 353 84 11
334 438 84 18
299 498 84 13
19 545 84 5
113 471 84 12
60 308 84 6
25 541 84 6
59 503 84 5
284 226 84 13
202 38 84 14
340 89 84 2
416 484 84 14
484 235 84 2
198 315 84 3
537 489 84 17
86 2 84 19
218 88 84 17
288 146 84 18
255 492 84 4
484 146 84 17
131 547 84 16
130 478 84 10
81 476 84 2
529 126 84 19
490 116 84 5
435 263 84 13
203 542 84 16
511 282 84 8
289 536 84 12
355 535 84 19
458 180 84 11
164 372 84 7
353 452 84 16
292 496 84 3
545 500 84 11
192 449 84 12
450 104 84 3
247 67 84 3
252 418 84 2
201 225 84 10
357 136 84 8
28 361 84 8
113 167 84 15
189 520 84 19
452 517 84 18
283 161 84 17
438 125 84 5
40 434 84 12
471 200 84 6
406 463 84 18
327 272 84 9
490 299 84 2
415 474 84 17
369 177 84 16
270 81 84 1
124 425 84 4
426 377 84 19
346 416 84 12
395 402 84 2
314 260 84 13
520 101 84 19
313 106 84 5
529 35 84 19
426 403 84 8
295 126 84 14
133 311 84 19
194 251 84 14
441 49 84 6
512 506 84 4
297 272 84 14
545 306 84 5
32 134 84 5
426 115 84 13
262 541 84 2
273 288 84 16
427 483 84 20
519 129 84 2
503 22 84 19
355 48 84 1
123 406 84 5
150 465 84 10
339 11 84 15
87 499 84 13
478 213 84 9
177 485 84 14
2 426 84 15
136 460 84 8
36 415 84 11
531 284 84 7
499 406 84 9
191 8 84 11
251 408 84 1
444 494 84 5
205 424 84 13
20 54 84 5
185 117 84 13
285 314 84 5
513 349 84 18
339 394 84 5
212 407 84 13
68 113 84 11
388 363 84 20
233 322 84 7
92 41 84 2
100 122 84 5
170 307 84 4
119 44 84 6
41 72 84 18
378 410 84 16
512 137 84 2
505 204 84 11
19 106 84 4
488 400 84 16
419 491 84 3
288 106 84 2
272 275 84 9
372 455 84 6
238 496 84 17
30 326 84 20
216 352 84 20
261 309 84 10
480 390 84 20
514 392 84 18
385 263 84 14
295 65 84 7
389 336 84 5
242 160 84 10
139 460 84 17
230 4 84 4
184 219 84 19
336 541 84 16
144 473 84 4
181 502 84 14
71 401 84 6
451 148 84 19
451 52 84 3
178 293 84 7
360 493 84 18
490 176 84 17
460 421 84 18
235 210 84 4
380 415 84 3
367 49 84 20
198 119 84 14
292 84 84 8
513 534 84 2
522 164 84 4
205 39 84 5
410 528 84 16
71 503 84 20
12 252 84 9
494 84 84 20
417 450 84 3
355 100 84 20
147 454 84 12
86 481 84 9
138 455 84 3
482 174 84 4
225 98 84 20
205 230 84 13
59 242 84 6
121 188 84 6
51 119 84 16
91 474 84 1
311 73 84 7
67 220 84 16
356 419 84 10
324 353 84 16
329 93 84 2
439 297 84 6
442 355 84 16
211 538 84 7
125 103 84 11
488 194 84 10
466 19 84 18
411 86 84 2
290 503 84 7
137 341 84 8
158 185 84 18
401 76 84 4
264 518 84 8
368 243 84 20
236 368 84 7
161 370 84 14
136 288 84 20
183 152 84 1
511 503 84 13
163 92 84 1
230 312 84 6
326 165 84 19
234 428 84 3
12 310 84 15
326 545 84 9
258 221 84 16
383 418 84 19
42 54 84 2
332 79 84 20
93 304 84 15
195 533 84 13
542 311 84 8
356 60 84 1
264 71 84 3
415 458 84 8
447 169 84 7
302 66 84 13
507 107 84 2
315 501 84 7
141 46 84 15
543 302 84 5
224 297 84 7
69 167 84 15
403 431 84 5
14 360 84 12
169 259 84 19
60 76 84 3
306 35 84 14
182 411 84 2
136 4 84 3
456 61 84 16
213 284 84 8
343 414 84 17
532 331 84 8
244 406 84 4
538 28 84 17
390 87 84 11
370 454 84 8
519 150 84 18
11 347 84 11
220 255 84 15
184 530 84 12
505 325 84 11
508 310 84 2
394 68 84 9
154 58 84 10
173 510 84 20
328 394 84 7
518 365 84 20
24 438 84 17
80 172 84 6
259 417 84 10
237 437 84 7
143 397 84 4
379 244 84 5
536 459 84 20
173 84 84 9
505 412 84 10
196 382 84 11
36 467 84 11
285 546 84 20
241 320 84 4
179 71 84 12
503 213 84 12
43 106 84 18
321 95 84 5
109 329 84 11
469 287 84 9
128 482 84 3
213 33 84 14
189 317 84 12
398 72 84 4
476 250 84 1
444 205 84 5
261 309 84 2
383 82 84 15
478 253 84 9
48 174 84 20
153 301 84 18
92 28 84 1
435 278 84 6
354 128 84 18
106 119 84 6
414 15 84 20
448 337 84 5
41 234 84 3
337 164 84 15
415 274 84 13
293 426 84 2
106 518 84 1
75 467 84 15
360 335 84 9
169 441 84 5
289 369 84 19
67 269 84 2
277 372 84 19
21 223 84 6
80 152 84 18
311 445 84 19
296 65 84 6
432 140 84 20
236 499 84 18
230 183 84 14
404 471 84 17
107 537 84 15
146 328 84 10
418 349 84 16
369 428 84 12
45 191 84 19
209 1 84 18
343 432 84 4
459 183 84 6
362 474 84 10
158 331 84 13
384 437 84 5
331 36 84 12
165 515 84 15
221 336 84 13
490 443 84 6
110 104 84 17
341 509 84 8
226 482 84 3
62 296 84 2
81 515 84 20
85 351 84 3
78 134 84 17
399 360 84 8
36 95 84 4
162 38 84 12
479 147 84 2
311 2 84 2
89 227 84 20
50 350 84 17
484 430 84 14
154 514 84 11
322 107 84 18
41 20 84 2
212 118 84 12
233 279 84 13
150 272 84 7
232 97 84 19
337 186 84 16
314 235 84 12
101 171 84 7
464 386 84 3
83 160 84 19
444 200 84 2
71 473 84 3
340 221 84 10
98 432 84 3
127 116 84 8
156 452 84 3
412 280 84 3
470 380 84 13
472 358 84 20
503 440 84 10
155 336 84 1
312 469 84 18
100 261 84 18
229 420 84 12
145 546 84 13
95 155 84 2
230 81 84 18
114 65 84 9
230 51 84 8
184 7 84 17
297 223 84 14
125 534 84 19
426 149 84 16
461 439 84 5
381 36 84 18
477 130 84 12
478 421 84 3
272 49 84 14
508 340 84 11
6 523 84 9
491 273 84 6
341 459 84 14
50 399 84 17
81 313 84 16
46 208 84 20
10 137 84 2
190 129 84 2
512 401 84 16
351 361 84 6
241 366 84 1
136 371 84 13
316 164 84 10
545 275 84 15
374 417 84 12
157 463 84 5
38 534 84 18
110 239 84 18
55 203 84 17
173 69 84 20
84 309 84 14
32 444 84 9
314 275 84 16
445 272 84 15
5 160 84 11
424 317 84 2
503 416 84 5
234 525 84 18
93 94 84 7
414 267 84 6
1 412 84 17
77 443 84 1
524 209 84 14
103 168 84 18
18 235 84 13
349 111 84 15
111 67 84 15
406 362 84 2
392 454 84 14
157 382 84 1
476 444 84 5
70 520 84 14
170 12 84 12
544 176 84 20
95 255 84 13
415 56 84 2
18 166 84 2
37 86 84 11
94 477 84 18
245 87 84 19
177 77 84 5
520 146 84 1
335 316 84 16
358 312 84 13
126 469 84 10
65 398 84 10
177 477 84 13
355 513 84 5
409 122 84 13
369 366 84 5
163 58 84 18
462 92 84 9
249 427 84 17
46 299 84 19
81 424 84 13
369 4 84 3
228 180 84 4
253 50 84 1
425 458 84 17
41 280 84 17
353 504 84 20
193 481 84 2
241 182 84 17
119 289 84 20
371 369 84 5
58 253 84 2
205 480 84 20
219 247 84 19
260 124 84 13
485 227 84 16
528 94 84 2
81 286 84 2
272 42 84 1
405 222 84 2
289 107 84 3
111 227 84 4
484 431 84 2
4 164 84 7
182 423 84 9
270 422 84 14
153 402 84 10
539 544 84 15
373 269 84 16
388 188 84 1
206 476 84 10
455 39 84 10
409 37 84 20
358 40 84 7
6 283 84 11
386 6 84 2
508 220 84 10
175 211 84 12
128 98 84 12
246 485 84 3
39 205 84 4
547 113 84 7
187 36 84 19
319 455 84 17
67 460 84 13
299 361 84 14
406 383 84 4
430 10 84 8
450 200 84 3
191 445 84 9
181 483 84 19
99 482 84 16
117 121 84 3
172 439 84 4
267 20 84 7
221 319 84 19
118 177 84 14
358 59 84 13
199 508 84 15
199 213 84 11
198 455 84 12
401 68 84 1
232 185 84 17
160 418 84 1
542 199 84 9
290 419 84 5
522 51 84 10
527 408 84 16
57 121 84 12
332 319 84 3
505 31 84 1
129 432 84 11
234 178 84 17
459 337 84 5
91 331 84 6
352 136 84 6
321 110 84 8
529 152 84 9
249 270 84 2
538 116 84 3
492 136 84 14
416 264 84 19
408 497 84 9
98 470 84 2
206 76 84 6
513 427 84 10
206 262 84 8
496 244 84 10
100 492 84 16
372 544 84 13
477 488 84 10
65 357 84 11
147 217 84 16
405 314 84 1
453 35 84 19
346 547 84 10
374 267 84 7
26 215 84 10
377 377 84 7
449 201 84 1
152 192 84 10
537 256 84 11
91 464 84 10
203 322 84 20
238 289 84 12
409 87 84 4
460 522 84 1
225 62 84 14
295 438 84 20
371 402 84 12
443 6 84 12
517 543 84 6
401 148 84 11
15 351 84 17
490 103 84 9
514 511 84 20
537 485 84 19
341 224 84 18
422 33 84 5
331 465 84 5
441 422 84 14
256 392 84 8
327 307 84 13
315 321 84 9
138 326 84 12
312 292 84 17
24 344 84 8
320 199 84 9
130 135 84 3
377 466 84 6
541 359 84 8
163 67 84 12
389 456 84 16
215 223 84 14
454 422 84 12
247 186 84 5
66 272 84 17
370 44 84 8
412 173 84 14
486 2 84 8
478 542 84 17
407 219 84 9
179 60 84 16
320 337 84 1
234 243 84 12
473 489 84 19
33 8 84 20
484 377 84 6
39 303 84 6
337 241 84 16
7 234 84 2
96 93 84 15
314 333 84 8
440 105 84 20
241 400 84 4
41 325 84 7
26 420 84 2
344 356 84 4
96 456 84 13
82 245 84 12
69 313 84 9
175 471 84 8
500 237 84 16
337 130 84 6
25 432 84 13
17 472 84 10
497 12 84 20
438 355 84 12
331 512 84 1
465 46 84 4
354 177 84 18
476 413 84 2
205 365 84 16
266 216 84 4
494 302 84 10
28 318 84 16
433 268 84 2
225 220 84 5
372 3 84 12
489 529 84 10
303 397 84 16
430 325 84 11
542 44 84 12
344 310 84 16
274 318 84 16
151 345 84 13
15 230 84 8
437 516 84 3
243 402 84 1
499 343 84 16
378 161 84 1
494 43 84 6
414 100 84 16
276 443 84 20
353 231 84 3
184 444 84 8
395 458 84 18
326 409 84 2
53 104 84 1
330 118 84 17
41 10 84 3
210 503 84 8
157 432 84 12
210 160 84 3
24 512 84 4
218 148 84 5
148 543 84 5
431 383 84 5
135 436 84 18
303 280 84 10
267 320 84 19
452 44 84 12
133 263 84 12
522 472 84 2
321 10 84 17
351 228 84 1
276 437 84 1
174 320 84 4
541 454 84 13
527 210 84 8
145 538 84 4
257 442 84 18
387 90 84 10
338 126 84 8
26 447 84 3
224 250 84 10
85 525 84 4
3 213 84 14
304 269 84 2
7 310 84 11
537 455 84 6
353 164 84 13
213 3 84 8
335 403 84 18
443 490 84 20
14 166 84 10
358 313 84 4
45 315 84 8
112 71 84 5
24 140 84 12
269 129 84 3
442 543 84 4
25 209 84 17
305 58 84 7
164 16 84 15
531 29 84 10
53 386 84 11
100 492 84 10
483 57 84 12
102 142 84 12
30 411 84 2
413 367 84 1
474 453 84 7
52 211 84 9
157 436 84 13
141 420 84 14
353 472 84 13
330 86 84 15
137 83 84 12
14 184 84 5
30 214 84 9
236 79 84 9
437 67 84 4
300 180 84 7
344 336 84 3
341 477 84 14
428 344 84 17
353 189 84 13
347 325 84 15
397 400 84 1
104 429 84 13
220 117 84 6
280 6 84 11
184 367 84 8
421 163 84 1
485 18 84 15
483 445 84 3
468 313 84 12
53 112 84 15
205 509 84 3
56 65 84 7
120 346 84 12
262 141 84 7
532 324 84 13
435 197 84 8
126 197 84 2
355 194 84 14
442 176 84 3
109 228 84 7
161 433 84 6
66 488 84 16
460 123 84 18
424 384 84 19
455 431 84 3
367 380 84 20
442 20 84 13
535 436 84 3
40 330 84 1
466 438 84 17
518 114 84 8
532 241 84 14
124 215 84 20
124 91 84 3
264 60 84 12
242 489 84 19
479 383 84 20
364 432 84 13
505 533 84 20
275 513 84 6
272 484 84 4
216 468 84 5
162 44 84 11
293 230 84 11
260 8 84 1
110 250 84 19
401 243 84 12
226 59 84 8
424 79 84 6
466 353 84 14
461 139 84 12
22 416 84 5
432 92 84 1
510 384 84 4
193 96 84 16
544 267 84 8
290 182 84 11
418 407 84 10
492 345 84 6
5 326 84 12
31 239 84 12
539 323 84 17
483 269 84 16
470 231 84 14
201 485 84 19
1 544 84 4
51 286 84 9
342 218 84 3
269 162 84 16
212 229 84 5
22 259 84 11
32 312 84 12
519 247 84 20
4 231 84 19
419 493 84 5
506 494 84 4
313 544 84 6
302 400 84 10
212 122 84 16
528 333 84 20
76 417 84 16
471 510 84 3
94 482 84 11
532 485 84 18
231 418 84 9
353 376 84 10
532 142 84 1
450 505 84 20
37 231 84 9
395 211 84 5
434 348 84 6
246 271 84 19
370 426 84 17
193 473 84 11
370 156 84 14
431 508 84 13
500 8 84 6
18 519 84 2
483 8 84 3
521 465 84 12
469 413 84 11
224 112 84 16
4 481 84 20
326 188 84 5
101 10 84 5
292 441 84 10
374 393 84 2
112 411 84 19
354 408 84 10
341 443 84 3
54 365 84 17
176 41 84 18
21 106 84 13
354 494 84 20
65 47 84 8
541 400 84 18
430 227 84 7
388 338 84 18
317 207 84 19
315 62 84 10
231 177 84 16
74 352 84 14
28 435 84 1
462 241 84 7
536 368 84 2
134 361 84 20
173 305 84 4
57 207 84 3
475 523 84 19
144 290 84 2
317 35 84 6
308 108 84 3
401 135 84 19
114 49 84 5
321 99 84 6
88 233 84 6
317 405 84 14
163 523 84 15
471 450 84 19
437 108 84 4
465 424 84 15
185 246 84 2
194 99 84 20
152 213 84 11
412 48 84 8
493 197 84 16
448 514 84 16
223 191 84 2
141 114 84 3
97 66 84 1
404 45 84 2
198 229 84 8
100 484 84 2
199 88 84 15
408 15 84 14
230 507 84 12
223 469 84 1
134 144 84 12
83 347 84 10
480 443 84 3
438 361 84 4
334 11 84 17
475 173 84 18
230 433 84 15
321 355 84 14
397 37 84 12
185 321 84 3
485 517 84 3
429 52 84 16
2 531 84 12
248 483 84 14
539 269 84 1
450 197 84 13
359 488 84 10
417 262 84 2
490 173 84 20
521 357 84 9
536 357 84 7
148 238 84 4
105 301 84 14
20 64 84 19
356 55 84 10
156 19 84 8
252 439 84 2
233 309 84 9
21 251 84 10
517 286 84 10
239 275 84 20
477 422 84 11
343 41 84 14
192 60 84 2
524 416 84 6
93 86 84 20
404 338 84 7
171 23 84 7
199 106 84 13
400 75 84 17
472 313 84 4
353 304 84 13
533 99 84 15
529 290 84 7
41 329 84 17
217 421 84 5
411 339 84 4
496 510 84 11
405 161 84 2
78 13 84 5
99 546 84 8
394 351 84 13
78 399 84 19
350 380 84 3
196 421 84 12
457 90 84 19
318 15 84 20
94 510 84 7
377 429 84 8
342 507 84 6
381 58 84 20
247 514 84 11
416 44 84 20
136 455 84 12
207 103 84 1
122 12 84 12
456 392 84 4
35 485 84 16
185 376 84 1
434 232 84 5
272 65 84 12
170 311 84 20
419 241 84 17
519 376 84 3
514 97 84 2
443 218 84 4
524 127 84 12
9 223 84 10
128 408 84 20
67 356 84 3
26 142 84 15
105 311 84 11
150 183 84 19
301 216 84 1
359 244 84 15
519 202 84 10
206 178 84 7
284 248 84 13
423 376 84 19
390 504 84 20
103 529 84 5
427 149 84 14
29 360 84 8
418 113 84 6
88 533 84 1
464 505 84 16
25 163 84 15
321 509 84 9
230 384 84 6
62 289 84 10
310 391 84 2
91 271 84 4
244 299 84 7
32 170 84 1
159 319 84 6
468 297 84 9
493 321 84 1
148 94 84 8
113 386 84 15
452 509 84 6
201 271 84 3
540 361 84 11
542 119 84 8
294 212 84 5
283 371 84 14
258 291 84 8
189 299 84 10
345 508 84 4
524 73 84 4
478 40 84 12
234 240 84 4
381 232 84 7
251 288 84 16
482 96 84 8
334 379 84 2
443 151 84 14
364 401 84 6
120 261 84 20
516 237 84 14
266 167 84 8
523 463 84 12
19 358 84 15
423 62 84 12
460 58 84 1
161 391 84 15
233 349 84 19
110 165 84 14
347 346 84 11
544 376 84 17
329 94 84 20
91 132 84 16
216 150 84 7
25 87 84 16
183 61 84 10
375 222 84 6
459 516 84 8
147 78 84 16
297 424 84 11
98 420 84 4
197 264 84 4
463 416 84 9
221 85 84 6
275 171 84 11
451 354 84 1
200 181 84 5
339 154 84 8
217 362 84 19
383 111 84 19
347 270 84 16
201 529 84 14
149 506 84 12
228 180 84 2
519 454 84 2
411 419 84 18
301 71 84 15
475 409 84 15
69 140 84 2
350 37 84 15
506 445 84 6
112 99 84 6
466 309 84 10
204 537 84 6
25 23 84 12
17 433 84 4
362 248 84 10
402 175 84 9
111 306 84 6
181 108 84 14
423 128 84 17
450 240 84 4
458 220 84 6
487 423 84 2
85 448 84 18
261 464 84 4
308 341 84 20
487 257 84 16
43 367 84 6
348 62 84 13
204 485 84 15
504 449 84 16
356 422 84 13
31 361 84 8
304 507 84 12
52 220 84 10
294 42 84 18
236 44 84 18
477 148 84 18
476 10 84 1
35 213 84 7
331 170 84 9
380 40 84 7
102 132 84 15
247 435 84 6
353 486 84 17
438 294 84 9
316 44 84 1
451 521 84 5
467 449 84 13
544 546 84 4
74 391 84 1
52 223 84 4
513 325 84 6
302 86 84 20
535 438 84 15
18 329 84 2
90 159 84 12
266 62 84 13
43 43 84 10
439 40 84 14
500 175 84 12
245 288 84 11
91 253 84 12
6 7 84 18
417 56 84 17
281 74 84 13
376 225 84 11
29 490 84 2
265 48 84 1
402 1 84 10
537 500 84 19
30 259 84 8
292 349 84 19
394 354 84 2
33 285 84 3
172 18 84 5
154 455 84 13
233 545 84 3
435 262 84 16
194 116 84 12
540 167 84 6
512 258 84 18
225 65 84 3
189 458 84 18
284 5 84 14
434 239 84 13
172 392 84 20
134 77 84 19
100 26 84 13
176 220 84 9
189 212 84 14
279 176 84 9
17 400 84 7
166 104 84 16
182 449 84 9
483 335 84 11
253 21 84 6
540 216 84 15
277 377 84 1
275 5 84 11
451 256 84 11
247 534 84 19
362 65 84 4
541 230 84 15
145 412 84 14
362 409 84 15
209 114 84 2
509 168 84 19
400 444 84 12
317 172 84 14
515 75 84 19
439 383 84 5
539 259 84 17
6 314 84 3
185 458 84 7
327 335 84 7
256 543 84 15
205 19 84 12
431 418 84 18
1 250 84 15
61 217 84 3
438 109 84 14
316 162 84 14
197 229 84 3
369 475 84 2
467 254 84 18
426 509 84 14
13 228 84 15
253 173 84 19
514 173 84 15
398 296 84 5
419 186 84 2
338 502 84 13
30 213 84 13
35 96 84 16
498 15 84 15
263 502 84 16
23 514 84 20
410 282 84 5
183 248 84 6
142 160 84 5
380 94 84 4
241 493 84 14
201 522 84 8
451 9 84 4
19 22 84 12
449 284 84 18
355 369 84 20
488 231 84 18
246 413 84 1
301 70 84 8
41 511 84 16
29 205 84 15
33 405 84 6
249 371 84 11
75 389 84 8
462 353 84 10
318 160 84 13
141 163 84 3
244 470 84 20
110 223 84 17
197 264 84 14
315 292 84 9
502 325 84 18
116 88 84 12
347 163 84 18
53 139 84 11
104 519 84 10
461 112 84 1
78 417 84 20
170 41 84 14
331 237 84 18
456 66 84 3
237 20 84 3
485 197 84 1
71 544 84 7
46 49 84 4
434 152 84 10
435 127 84 16
113 204 84 8
261 374 84 1
22 219 84 12
170 127 84 14
62 364 84 7
341 363 84 2
160 434 84 3
265 541 84 9
508 427 84 17
176 315 84 3
16 489 84 2
335 202 84 12
210 285 84 1
321 454 84 4
12 516 84 20
332 371 84 14
240 530 84 2
205 309 84 9
219 269 84 18
445 506 84 9
189 37 84 2
260 433 84 10
157 95 84 8
334 477 84 11
91 489 84 4
211 273 84 10
209 27 84 1
154 294 84 3
31 27 84 19
396 471 84 12
43 112 84 16
116 433 84 10
453 104 84 8
528 438 84 7
24 528 84 6
35 254 84 19
416 462 84 2
294 68 84 19
480 160 84 6
449 70 84 12
315 112 84 10
279 290 84 3
67 195 84 12
11 237 84 19
493 260 84 11
370 294 84 14
34 224 84 6
271 517 84 8
317 511 84 2
388 413 84 3
445 242 84 5
67 521 84 16
121 102 84 9
340 174 84 1
450 119 84 4
540 488 84 19
398 521 84 9
232 307 84 12
195 76 84 8
318 525 84 1
26 423 84 10
392 4 84 13
15 124 84 8
379 525 84 14
433 427 84 17
262 419 84 16
446 331 84 15
368 15 84 1
260 210 84 12
178 42 84 14
507 67 84 17
46 520 84 11
167 534 84 10
327 366 84 5
175 313 84 8
142 89 84 19
49 49 84 13
538 417 84 17
240 129 84 20
78 306 84 3
441 328 84 11
194 435 84 18
12 117 84 9
500 505 84 6
481 133 84 17
279 336 84 16
72 446 84 7
134 498 84 13
335 190 84 17
197 268 84 12
101 223 84 17
134 479 84 13
139 490 84 5
192 505 84 8
64 438 84 18
310 231 84 12
97 302 84 9
480 498 84 11
185 285 84 12
81 481 84 6
344 97 84 14
449 230 84 5
503 430 84 9
127 136 84 6
255 261 84 13
30 23 84 17
202 182 84 4
272 176 84 3
292 423 84 6
502 18 84 17
9 423 84 5
224 324 84 13
369 279 84 18
519 467 84 8
79 174 84 2
76 265 84 6
365 466 84 9
471 252 84 5
526 544 84 9
381 13 84 6
169 22 84 11
115 245 84 20
290 128 84 9
471 100 84 4
178 240 84 6
146 316 84 10
261 195 84 13
9 180 84 5
542 221 84 15
403 54 84 18
281 284 84 16
34 460 84 6
172 264 84 13
104 187 84 4
502 364 84 16
41 25 84 14
454 347 84 14
239 355 84 18
275 350 84 14
369 267 84 15
537 1 84 17
180 96 84 20
66 330 84 12
204 495 84 2
441 511 84 10
371 4 84 16
130 520 84 6
208 211 84 20
404 547 84 11
396 430 84 3
442 419 84 4
285 51 84 20
41 179 84 11
59 382 84 5
326 338 84 17
471 161 84 5
93 352 84 17
61 13 84 18
507 478 84 20
147 326 84 1
177 220 84 10
207 505 84 12
332 60 84 15
364 118 84 3
280 505 84 8
222 490 84 17
167 35 84 4
146 157 84 9
335 117 84 6
38 325 84 16
170 501 84 15
173 222 84 18
227 6 84 1
521 431 84 19
103 164 84 3
83 447 84 8
224 128 84 3
293 273 84 19
374 122 84 1
385 159 84 19
236 328 84 15
431 500 84 4
36 242 84 18
247 215 84 6
29 379 84 6
439 524 84 14
244 262 84 6
84 7 84 10
143 380 84 11
317 279 84 12
393 514 84 13
421 460 84 4
124 495 84 15
441 195 84 4
94 285 84 15
520 176 84 14
359 419 84 2
264 18 84 18
502 160 84 14
377 538 84 7
409 383 84 12
346 257 84 16
235 442 84 4
427 335 84 7
286 490 84 16
101 524 84 13
439 336 84 9
491 114 84 15
2 68 84 1
501 506 84 12
184 368 84 1
443 228 84 8
66 462 84 4
184 341 84 18
11 141 84 16
60 242 84 10
346 195 84 19
504 139 84 16
193 202 84 3
42 218 84 9
428 463 84 19
102 358 84 5
157 486 84 2
43 184 84 12
388 195 84 15
128 316 84 12
453 115 84 8
20 133 84 5
308 325 84 4
117 366 84 5
494 308 84 10
143 472 84 8
82 81 84 9
481 185 84 4
127 25 84 8
522 214 84 20
126 182 84 3
533 201 84 14
532 23 84 11
185 202 84 16
117 148 84 18
511 290 84 11
231 371 84 14
436 367 84 19
402 493 84 6
499 529 84 20
427 169 84 5
469 216 84 16
96 200 84 20
110 384 84 12
4 15 84 20
267 526 84 15
393 271 84 20
113 222 84 18
80 76 84 12
72 27 84 16
339 516 84 1
240 437 84 15
465 48 84 13
103 219 84 12
490 284 84 14
538 3 84 2
391 457 84 3
68 85 84 16
172 164 84 17
222 297 84 9
376 150 84 20
152 451 84 16
205 368 84 5
395 533 84 14
546 537 84 10
165 527 84 2
370 371 84 10
299 500 84 18
449 124 84 16
127 345 84 11
441 236 84 20
175 387 84 13
346 44 84 11
79 500 84 15
92 14 84 8
388 240 84 10
140 62 84 18
348 361 84 20
155 262 84 5
125 451 84 18
454 344 84 13
448 518 84 3
407 379 84 2
186 519 84 2
498 64 84 11
251 451 84 10
46 43 84 13
273 452 84 5
390 59 84 1
146 246 84 18
308 152 84 16
158 114 84 7
394 520 84 13
250 159 84 10
58 109 84 12
427 421 84 12
487 529 84 18
124 254 84 1
183 159 84 8
504 366 84 20
242 126 84 3
324 345 84 7
376 253 84 10
259 502 84 17
113 12 84 7
93 438 84 7
523 440 84 7
25 78 84 8
464 261 84 16
477 279 84 20
187 520 84 9
111 296 84 15
211 124 84 4
283 444 84 13
28 10 84 19
490 164 84 10
278 201 84 10
110 225 84 19
195 142 84 6
438 133 84 19
14 319 84 8
262 492 84 11
369 155 84 4
181 499 84 17
9 526 84 13
395 468 84 3
187 260 84 2
418 431 84 4
242 78 84 12
325 30 84 14
140 43 84 1
536 366 84 16
133 249 84 13
463 429 84 5
143 437 84 20
502 347 84 4
416 533 84 4
44 466 84 1
506 222 84 8
15 546 84 14
265 200 84 8
349 250 84 16
376 383 84 18
73 360 84 15
267 502 84 1
440 457 84 5
109 387 84 4
523 492 84 4
398 451 84 11
288 527 84 3
331 245 84 17
417 108 84 2
384 483 84 7
52 8 84 19
148 337 84 20
258 291 84 17
167 399 84 13
124 437 84 17
545 287 84 17
156 27 84 12
374 357 84 18
244 289 84 8
426 125 84 13
443 176 84 3
273 385 84 1
119 96 84 11
421 324 84 12
139 447 84 12
348 507 84 11
461 115 84 8
68 3 84 17
528 246 84 4
1 187 84 9
18 82 84 17
105 354 84 18
528 472 84 9
147 407 84 10
165 545 84 19
71 408 84 5
264 383 84 10
59 512 84 16
211 492 84 12
104 7 84 18
183 24 84 4
499 129 84 6
106 109 84 17
416 256 84 3
503 482 84 18
5 5 84 20
497 330 84 9
134 389 84 4
319 52 84 6
265 218 84 10
397 462 84 13
64 414 84 16
84 34 84 19
90 449 84 17
18 467 84 1
6 471 84 19
400 482 84 16
83 68 84 17
276 449 84 2
476 166 84 1
196 16 84 14
487 79 84 10
421 224 84 14
526 375 84 19
400 455 84 1
209 460 84 11
84 312 84 17
288 456 84 18
334 247 84 20
8 175 84 6
384 432 84 18
189 372 84 7
470 307 84 18
236 347 84 20
451 200 84 18
100 470 84 6
219 6 84 19
273 355 84 15
456 203 84 8
55 210 84 4
366 108 84 12
146 359 84 17
65 281 84 14
270 516 84 20
302 482 84 17
241 34 84 13
92 315 84 10
316 40 84 12
449 10 84 6
343 64 84 7
473 429 84 1
426 89 84 7
326 154 84 14
533 423 84 20
55 177 84 2
322 417 84 8
27 23 84 17
345 338 84 9
471 302 84 17
253 159 84 8
244 85 84 20
342 25 84 9
314 350 84 15
18 398 84 3
238 452 84 8
454 288 84 15
219 376 84 9
297 236 84 1
477 159 84 4
180 411 84 5
494 169 84 12
204 26 84 4
64 339 84 2
78 356 84 6
513 109 84 20
155 77 84 20
212 357 84 12
354 107 84 4
348 98 84 11
96 277 84 8
64 285 84 15
117 3 84 10
255 67 84 3
196 144 84 8
49 171 84 3
353 325 84 13
522 52 84 15
519 467 84 16
204 267 84 5
171 424 84 2
2 2 84 16
2 180 84 12
88 435 84 12
513 83 84 10
261 194 84 1
179 546 84 11
173 35 84 20
524 6 84 4
11 271 84 7
142 442 84 12
3 443 84 4
210 506 84 5
481 47 84 20
210 12 84 2
81 334 84 15
185 512 84 10
67 137 84 8
546 176 84 10
460 186 84 1
154 328 84 18
272 392 84 4
391 116 84 3
142 49 84 7
390 320 84 15
235 401 84 18
211 38 84 10
309 166 84 19
442 165 84 16
34 139 84 4
505 292 84 6
385 16 84 20
222 406 84 9
503 63 84 4
407 452 84 18
260 201 84 19
508 473 84 11
173 234 84 18
37 191 84 14
75 286 84 11
361 305 84 11
489 142 84 11
523 363 84 20
125 381 84 4
385 240 84 6
417 15 84 7
364 37 84 13
410 272 84 6
75 308 84 12
513 444 84 13
542 320 84 9
378 323 84 9
229 299 84 16
62 485 84 5
443 384 84 2
304 315 84 12
304 193 84 12
290 118 84 4
510 192 84 18
373 220 84 18
36 276 84 10
3 168 84 7
173 458 84 13
159 520 84 16
101 415 84 6
283 233 84 6
56 536 84 20
351 341 84 4
431 303 84 15
334 191 84 5
133 288 84 8
251 291 84 4
206 463 84 13
460 136 84 16
166 237 84 8
317 34 84 15
236 90 84 14
348 502 84 19
29 447 84 7
26 233 84 8
180 365 84 14
187 130 84 18
299 336 84 8
383 248 84 18
378 475 84 18
363 244 84 17
519 480 84 9
241 342 84 14
302 432 84 19
119 458 84 3
250 152 84 5
60 338 84 4
221 151 84 9
422 534 84 1
150 426 84 15
175 241 84 20
296 275 84 10
506 515 84 4
185 331 84 10
249 512 84 9
60 214 84 5
235 335 84 11
55 71 84 16
210 492 84 18
127 94 84 20
33 331 84 2
183 141 84 9
388 100 84 7
388 284 84 6
272 47 84 1
128 106 84 11
197 403 84 20
119 519 84 7
130 244 84 19
250 432 84 4
187 465 84 1
426 162 84 6
392 64 84 18
387 451 84 10
165 237 84 2
455 426 84 18
473 76 84 4
216 194 84 15
92 385 84 6
459 150 84 9
372 336 84 11
131 276 84 11
92 120 84 19
152 21 84 1
10 185 84 16
524 92 84 2
112 17 84 17
163 295 84 11
186 386 84 10
452 297 84 13
118 183 84 11
247 375 84 17
115 466 84 19
531 132 84 15
365 204 84 11
498 180 84 18
510 353 84 16
111 516 84 19
515 154 84 10
210 121 84 3
115 238 84 1
418 546 84 6
510 113 84 9
175 158 84 5
406 38 84 18
