300 100
159 56 36 6
69 129 36 17
125 88 36 3
96 22 36 19
165 144 36 5
126 157 36 13
105 9 36 15
94 172 36 3
108 54 36 4
43 56 36 17
45 166 36 2
79 61 36 8
39 137 36 19
111 59 36 1
5 51 36 7
156 3 36 7
120 59 36 2
38 153 36 10
9 39 36 19
103 33 36 4
173 77 36 15
77 108 36 14
109 146 36 5
56 84 36 19
148 40 36 15
38 22 36 16
161 94 36 2
168 83 36 3
125 91 36 19
87 21 36 10
152 145 36 18
161 49 36 19
57 157 36 9
41 39 36 15
84 139 36 3
4 128 36 20
51 116 36 8
109 62 36 5
145 138 36 4
172 51 36 18
59 29 36 15
99 141 36 7
121 149 36 13
67 16 36 1
97 100 36 10
118 103 36 10
160 106 36 4
75 41 36 9
72 137 36 10
159 136 36 17
46 21 36 5
29 71 36 8
60 18 36 3
74 84 36 11
79 132 36 13
1 28 36 15
51 140 36 13
167 41 36 8
172 112 36 3
140 49 36 7
111 94 36 2
109 74 36 5
27 133 36 6
92 34 36 13
173 64 36 2
132 17 36 9
146 19 36 11
91 137 36 7
29 135 36 5
55 54 36 9
91 116 36 11
51 51 36 15
81 29 36 1
128 121 36 7
37 72 36 13
30 31 36 7
51 3 36 3
37 45 36 12
16 25 36 16
57 79 36 3
147 169 36 10
110 171 36 13
146 78 36 1
93 32 36 7
74 21 36 9
70 50 36 4
34 52 36 6
16 41 36 8
134 8 36 8
166 16 36 2
30 163 36 10
134 51 36 3
116 148 36 19
78 67 36 9
160 92 36 4
92 161 36 5
55 146 36 2
144 161 36 8
57 122 36 18
168 66 36 20
11 48 36 3
147 8 36 9
108 123 36 20
99 152 36 1
73 138 36 17
67 57 36 18
14 63 36 16
13 33 36 19
52 42 36 1
98 36 36 5
160 46 36 6
114 144 36 5
119 79 36 1
97 129 36 8
46 28 36 10
87 46 36 1
67 11 36 12
19 24 36 1
84 75 36 14
97 173 36 11
128 111 36 5
80 3 36 5
117 121 36 6
104 170 36 18
69 42 36 9
171 80 36 14
61 146 36 18
60 117 36 13
44 27 36 18
69 76 36 7
81 30 36 15
90 61 36 13
70 5 36 20
127 108 36 5
44 3 36 12
160 125 36 4
101 137 36 4
52 24 36 14
151 19 36 16
151 88 36 19
103 120 36 11
116 37 36 18
7 58 36 11
144 136 36 15
55 6 36 5
8 166 36 2
41 93 36 8
171 96 36 13
23 73 36 9
26 50 36 10
105 104 36 18
39 47 36 16
159 53 36 1
62 148 36 10
72 30 36 2
36 162 36 4
77 29 36 2
81 151 36 1
60 173 36 5
57 26 36 3
142 130 36 15
125 120 36 2
96 106 36 20
76 167 36 18
66 18 36 3
62 53 36 14
2 81 36 8
34 113 36 14
113 172 36 11
139 56 36 1
119 149 36 19
29 52 36 3
158 99 36 3
70 1 36 9
130 66 36 14
171 80 36 14
76 81 36 20
86 67 36 1
121 6 36 19
108 97 36 13
72 167 36 13
117 22 36 8
109 131 36 5
32 152 36 20
74 109 36 6
85 106 36 13
149 133 36 8
72 45 36 19
59 118 36 10
45 4 36 14
38 28 36 17
131 144 36 13
102 79 36 3
171 63 36 7
67 88 36 13
154 173 36 7
98 100 36 12
123 123 36 5
166 8 36 5
42 53 36 18
13 42 36 7
103 173 36 10
40 101 36 15
12 99 36 11
135 117 36 10
20 97 36 14
10 147 36 16
133 96 36 11
80 89 36 16
143 130 36 12
162 94 36 19
83 148 36 2
148 15 36 12
22 151 36 8
131 112 36 13
154 131 36 14
129 92 36 2
154 4 36 16
129 83 36 15
63 4 36 8
49 166 36 9
76 75 36 17
55 1 36 6
134 147 36 10
90 104 36 3
162 37 36 13
110 117 36 7
79 97 36 3
48 4 36 10
104 66 36 12
69 66 36 15
127 94 36 9
111 148 36 2
62 60 36 10
162 101 36 5
153 89 36 6
52 26 36 18
43 56 36 9
162 103 36 8
17 34 36 20
1 54 36 10
101 7 36 14
55 69 36 17
10 82 36 18
63 71 36 8
171 2 36 12
143 53 36 10
105 48 36 19
68 36 36 12
35 5 36 6
19 5 36 17
68 57 36 5
38 112 36 18
106 73 36 3
13 87 36 8
19 84 36 20
114 53 36 3
13 110 36 4
141 4 36 13
150 163 36 2
19 8 36 3
66 76 36 10
119 65 36 16
19 170 36 10
1 134 36 5
5 153 36 18
10 93 36 1
20 58 36 9
76 25 36 6
120 126 36 14
168 144 36 10
47 161 36 6
108 106 36 4
58 76 36 20
129 29 36 9
64 158 36 13
83 168 36 7
107 139 36 1
66 41 36 5
154 161 36 10
59 155 36 13
96 154 36 10
35 40 36 17
38 97 36 20
162 4 36 4
74 20 36 4
138 54 36 4
26 160 36 6
143 5 36 14
112 110 36 3
157 168 36 14
173 42 36 2
127 76 36 16
14 65 36 16
101 54 36 10
43 79 36 4
94 169 36 7
140 21 36 10
150 163 36 3
153 53 36 11
