300 42
18 16 85 14
135 24 85 3
37 100 85 14
41 85 85 19
107 104 85 19
162 39 85 18
92 144 85 7
132 110 85 1
15 169 85 4
162 121 85 1
42 138 85 4
97 100 85 1
39 88 85 15
128 128 85 17
138 61 85 6
37 1 85 1
10 45 85 11
144 128 85 16
14 142 85 17
120 82 85 9
17 123 85 19
103 46 85 10
38 36 85 6
150 116 85 13
172 80 85 12
125 68 85 4
68 78 85 17
106 48 85 17
81 14 85 2
3 133 85 14
45 149 85 17
3 78 85 18
138 68 85 17
61 44 85 1
112 167 85 8
1 119 85 15
16 13 85 5
27 71 85 20
117 151 85 15
3 153 85 10
95 149 85 1
11 103 85 1
50 67 85 1
125 128 85 16
141 18 85 14
16 18 85 1
7 159 85 9
26 137 85 7
45 81 85 3
77 35 85 13
20 129 85 5
64 91 85 9
12 93 85 8
152 44 85 14
66 11 85 20
21 27 85 9
47 158 85 5
37 135 85 4
97 132 85 5
134 160 85 10
102 7 85 12
170 70 85 19
167 33 85 9
58 136 85 10
28 28 85 7
140 173 85 6
97 46 85 14
163 82 85 15
145 130 85 9
34 90 85 2
82 143 85 14
162 139 85 6
160 85 85 18
76 142 85 2
161 122 85 5
35 88 85 8
108 136 85 17
69 126 85 18
164 97 85 11
45 83 85 8
37 116 85 3
160 105 85 18
6 91 85 15
9 166 85 13
147 153 85 12
139 14 85 15
82 73 85 20
71 141 85 10
94 84 85 12
25 128 85 19
45 116 85 12
160 102 85 13
20 59 85 17
136 67 85 4
125 40 85 9
110 5 85 16
87 38 85 4
74 109 85 4
138 29 85 12
77 53 85 8
147 49 85 13
111 36 85 4
6 7 85 14
116 94 85 4
45 46 85 3
127 107 85 19
127 20 85 20
26 93 85 13
142 9 85 12
44 86 85 3
24 11 85 13
72 73 85 13
47 30 85 20
33 145 85 13
36 141 85 11
127 95 85 5
125 173 85 3
161 150 85 14
132 118 85 1
83 161 85 14
38 12 85 12
42 35 85 2
32 33 85 12
154 17 85 2
23 53 85 15
62 131 85 12
159 82 85 20
151 70 85 10
140 28 85 18
89 63 85 6
123 100 85 11
167 141 85 17
14 173 85 20
63 105 85 4
35 127 85 14
147 140 85 4
8 125 85 5
165 55 85 15
78 146 85 6
108 61 85 2
125 10 85 17
106 128 85 2
72 141 85 3
71 155 85 19
135 16 85 14
29 162 85 6
54 121 85 4
112 113 85 9
66 142 85 15
172 76 85 6
168 27 85 3
90 84 85 17
104 156 85 13
118 5 85 2
62 139 85 9
85 120 85 16
25 125 85 20
42 63 85 19
113 80 85 3
108 78 85 13
163 24 85 10
6 65 85 2
101 169 85 12
115 113 85 11
110 126 85 16
120 162 85 11
71 139 85 20
17 7 85 11
152 72 85 6
130 6 85 2
135 169 85 2
118 126 85 8
137 6 85 15
138 120 85 17
96 57 85 13
19 128 85 3
13 25 85 10
83 166 85 13
167 144 85 3
157 52 85 6
3 138 85 4
46 83 85 15
154 46 85 2
35 136 85 1
29 58 85 14
100 28 85 1
111 165 85 4
88 74 85 8
23 67 85 1
29 2 85 15
40 4 85 12
172 50 85 15
35 155 85 5
76 16 85 12
63 44 85 11
11 95 85 5
86 158 85 16
137 24 85 15
56 46 85 12
23 74 85 4
89 65 85 4
119 63 85 6
136 49 85 5
25 124 85 8
49 14 85 2
82 149 85 1
94 61 85 6
145 24 85 19
173 32 85 4
94 54 85 3
141 94 85 1
66 164 85 7
118 126 85 13
25 150 85 14
121 150 85 1
165 10 85 8
130 103 85 7
79 26 85 1
3 25 85 10
145 70 85 14
139 37 85 7
24 55 85 5
49 172 85 17
171 23 85 13
22 96 85 10
11 87 85 12
23 43 85 1
172 73 85 18
171 75 85 11
154 46 85 9
141 11 85 9
1 159 85 12
24 35 85 19
172 157 85 19
76 5 85 6
82 140 85 14
145 114 85 15
89 112 85 2
59 61 85 5
6 41 85 19
22 134 85 2
26 86 85 10
85 109 85 6
141 59 85 18
172 87 85 7
77 168 85 5
68 91 85 11
101 6 85 11
158 65 85 10
116 22 85 12
119 43 85 12
84 20 85 20
35 104 85 20
144 24 85 17
16 147 85 14
64 51 85 13
79 70 85 13
158 171 85 6
3 107 85 2
81 2 85 11
151 120 85 13
134 156 85 17
28 142 85 5
31 64 85 5
92 79 85 7
18 143 85 7
111 173 85 10
121 157 85 19
136 111 85 7
120 18 85 1
172 121 85 19
171 81 85 3
64 108 85 6
12 138 85 2
109 8 85 19
6 25 85 17
78 87 85 8
46 34 85 7
137 122 85 3
161 68 85 19
138 18 85 13
61 140 85 1
92 30 85 10
90 167 85 5
152 102 85 20
72 59 85 10
133 136 85 5
146 8 85 11
94 144 85 20
152 83 85 18
55 47 85 15
30 60 85 5
85 151 85 14
27 19 85 16
106 123 85 19
144 21 85 9
159 105 85 4
40 77 85 6
127 170 85 8
162 101 85 14
