3000 300
403 84 120 10
24 225 120 17
460 441 120 18
81 436 120 1
472 216 120 18
333 519 120 17
357 270 120 20
78 87 120 11
538 131 120 12
224 469 120 9
152 324 120 20
534 348 120 2
148 322 120 4
210 403 120 15
485 327 120 7
496 174 120 17
252 46 120 5
417 123 120 8
484 113 120 19
220 336 120 6
265 2 120 9
331 535 120 19
136 197 120 12
381 407 120 5
515 344 120 17
318 292 120 9
216 58 120 9
321 474 120 2
513 410 120 4
350 145 120 13
170 409 120 14
314 254 120 6
320 389 120 7
101 222 120 5
345 190 120 9
431 22 120 12
205 237 120 18
509 10 120 18
450 37 120 18
19 448 120 6
533 71 120 6
501 446 120 13
518 219 120 4
185 381 120 7
258 240 120 7
127 123 120 19
411 389 120 11
143 350 120 19
472 315 120 12
55 395 120 14
452 380 120 16
102 395 120 14
66 366 120 9
481 3 120 13
23 261 120 18
301 449 120 6
115 313 120 3
165 517 120 11
224 442 120 18
382 11 120 11
503 462 120 16
146 78 120 4
297 206 120 14
181 139 120 16
445 161 120 9
464 523 120 17
58 90 120 20
102 254 120 15
496 539 120 2
110 436 120 19
181 391 120 19
84 51 120 5
381 410 120 4
12 105 120 4
254 3 120 11
209 528 120 11
65 38 120 14
296 139 120 14
11 88 120 17
229 259 120 19
457 439 120 1
114 37 120 11
396 480 120 1
336 491 120 15
476 197 120 2
291 405 120 11
143 531 120 7
84 279 120 17
278 351 120 18
526 32 120 19
176 488 120 20
217 117 120 10
370 512 120 10
447 363 120 5
81 353 120 14
327 159 120 5
5 301 120 7
330 385 120 14
308 177 120 10
373 217 120 10
211 393 120 18
3 124 120 11
379 8 120 5
201 454 120 12
452 49 120 7
475 375 120 19
418 442 120 18
344 286 120 2
63 46 120 4
133 480 120 11
297 205 120 3
463 208 120 20
198 101 120 4
444 301 120 15
506 267 120 12
435 257 120 19
460 127 120 4
300 532 120 1
40 109 120 18
503 304 120 4
212 53 120 18
314 30 120 10
538 227 120 10
285 185 120 7
484 143 120 7
185 92 120 18
261 4 120 13
354 366 120 18
124 405 120 2
547 422 120 11
356 86 120 6
369 399 120 20
104 452 120 19
486 189 120 4
198 125 120 9
177 310 120 10
412 85 120 7
288 438 120 15
210 76 120 7
241 138 120 14
27 493 120 11
475 376 120 15
404 479 120 11
75 479 120 2
477 129 120 7
536 306 120 12
140 232 120 20
357 520 120 6
391 244 120 12
283 484 120 14
110 26 120 20
23 15 120 7
397 418 120 8
65 7 120 12
531 483 120 13
89 534 120 14
441 126 120 20
392 482 120 14
295 326 120 13
274 123 120 12
390 232 120 20
513 255 120 3
526 104 120 12
470 230 120 7
407 275 120 9
535 363 120 4
482 318 120 5
52 224 120 13
265 519 120 4
175 245 120 4
83 150 120 19
16 177 120 10
25 156 120 12
451 140 120 7
337 62 120 18
221 49 120 13
90 45 120 5
147 159 120 11
139 423 120 2
517 50 120 17
471 194 120 8
171 209 120 18
125 295 120 2
244 199 120 7
169 535 120 7
307 270 120 3
385 360 120 20
295 506 120 10
428 159 120 6
533 129 120 3
397 114 120 14
472 284 120 8
176 408 120 9
98 166 120 19
221 334 120 20
405 156 120 10
152 55 120 7
5 349 120 15
502 229 120 4
389 276 120 20
325 125 120 11
517 111 120 7
433 287 120 13
34 446 120 16
442 181 120 10
352 100 120 13
47 313 120 13
101 317 120 2
176 271 120 3
409 174 120 16
285 499 120 11
212 530 120 13
484 415 120 13
131 510 120 12
5 466 120 16
212 333 120 3
90 379 120 15
21 480 120 4
363 170 120 6
448 31 120 20
323 315 120 19
323 41 120 16
496 39 120 4
407 169 120 9
279 235 120 19
392 446 120 8
58 535 120 1
35 71 120 9
329 495 120 18
409 457 120 7
177 232 120 11
443 70 120 8
206 18 120 8
384 424 120 19
102 217 120 4
223 124 120 17
191 181 120 5
52 277 120 10
455 121 120 5
479 44 120 12
49 220 120 19
479 177 120 3
465 382 120 9
488 281 120 1
195 382 120 12
135 119 120 16
36 371 120 20
472 484 120 10
430 391 120 18
398 385 120 1
274 433 120 18
382 364 120 19
74 343 120 12
268 284 120 7
463 540 120 17
327 127 120 8
376 163 120 19
120 149 120 2
140 93 120 19
343 490 120 14
526 279 120 6
444 175 120 17
475 249 120 16
403 31 120 1
126 493 120 11
230 334 120 9
514 224 120 16
74 405 120 4
56 545 120 15
5 402 120 4
276 380 120 16
494 276 120 17
528 266 120 12
420 183 120 17
48 309 120 18
215 53 120 4
24 20 120 12
541 93 120 3
175 210 120 8
448 214 120 4
178 4 120 4
187 497 120 4
370 540 120 4
378 412 120 7
416 460 120 10
462 189 120 17
295 212 120 20
413 268 120 5
388 504 120 16
423 404 120 5
311 34 120 3
32 220 120 5
153 104 120 2
476 481 120 17
497 412 120 11
279 326 120 14
176 135 120 17
91 547 120 5
161 388 120 5
441 325 120 3
387 88 120 11
398 182 120 7
421 334 120 17
498 262 120 14
440 274 120 16
355 67 120 4
521 242 120 8
352 395 120 13
511 8 120 4
80 448 120 1
51 349 120 15
118 200 120 6
405 135 120 13
310 148 120 4
210 40 120 4
460 456 120 14
65 430 120 4
289 296 120 20
28 321 120 18
154 400 120 19
119 451 120 13
234 83 120 4
529 487 120 12
126 311 120 5
531 521 120 12
177 495 120 11
374 12 120 20
390 300 120 15
191 328 120 1
62 543 120 5
380 177 120 19
499 472 120 5
333 453 120 8
363 31 120 10
478 76 120 15
209 252 120 7
333 141 120 1
464 530 120 4
404 236 120 13
56 297 120 11
232 129 120 5
310 142 120 14
471 474 120 3
87 289 120 6
13 281 120 4
459 489 120 14
305 337 120 12
162 253 120 17
380 171 120 13
441 289 120 9
497 520 120 11
244 282 120 12
400 206 120 6
38 354 120 18
254 366 120 2
546 277 120 3
57 96 120 18
255 319 120 19
497 151 120 16
428 44 120 6
107 55 120 5
524 298 120 12
535 212 120 2
534 250 120 3
275 18 120 16
235 78 120 7
198 134 120 10
12 450 120 17
78 462 120 3
314 342 120 2
292 510 120 2
241 1 120 1
534 535 120 2
485 37 120 1
304 311 120 11
488 60 120 6
401 319 120 13
471 330 120 1
312 407 120 8
366 174 120 10
463 465 120 4
129 220 120 11
31 207 120 4
207 206 120 19
146 510 120 1
103 450 120 17
138 366 120 7
368 289 120 10
500 116 120 14
62 481 120 8
511 458 120 13
438 39 120 18
366 132 120 5
343 400 120 3
356 545 120 19
132 163 120 16
30 300 120 3
185 120 120 1
184 134 120 19
42 195 120 7
74 221 120 2
22 111 120 2
252 538 120 2
203 333 120 12
298 203 120 16
416 397 120 5
499 426 120 16
400 125 120 5
105 308 120 1
471 350 120 2
286 423 120 3
10 506 120 15
382 273 120 19
338 475 120 4
208 225 120 6
76 156 120 15
167 169 120 19
11 84 120 7
520 188 120 6
69 111 120 4
422 396 120 17
447 468 120 17
160 302 120 6
349 155 120 20
447 362 120 8
200 437 120 10
350 119 120 17
440 129 120 18
169 101 120 6
206 232 120 11
45 168 120 1
430 129 120 16
165 289 120 1
233 152 120 6
229 113 120 14
512 312 120 11
464 176 120 3
100 130 120 17
304 299 120 10
210 504 120 1
227 64 120 12
154 493 120 9
63 172 120 15
335 467 120 8
153 210 120 15
394 174 120 2
524 153 120 2
226 252 120 15
117 71 120 10
171 280 120 12
456 21 120 5
423 236 120 9
519 360 120 7
479 148 120 2
44 300 120 9
205 146 120 6
255 184 120 4
481 409 120 3
351 41 120 19
519 211 120 5
158 182 120 9
470 57 120 5
242 90 120 14
185 22 120 15
48 65 120 6
120 331 120 8
427 101 120 15
402 34 120 11
143 384 120 3
501 417 120 8
106 27 120 11
279 11 120 15
141 252 120 15
424 437 120 11
245 484 120 10
427 118 120 7
269 59 120 18
294 460 120 9
243 55 120 10
232 70 120 18
494 176 120 16
389 516 120 2
341 109 120 10
445 532 120 4
22 291 120 13
273 232 120 5
369 15 120 18
18 309 120 6
309 66 120 13
498 298 120 15
494 306 120 2
93 147 120 10
250 488 120 14
174 385 120 9
533 468 120 7
344 255 120 19
333 76 120 18
319 155 120 4
342 525 120 7
419 475 120 8
18 483 120 19
464 29 120 2
269 340 120 8
244 513 120 7
266 14 120 10
94 419 120 13
153 204 120 8
226 38 120 10
123 379 120 9
147 250 120 16
468 329 120 18
485 245 120 13
225 28 120 2
453 272 120 4
32 52 120 17
79 145 120 10
443 359 120 19
335 38 120 6
505 222 120 12
44 368 120 13
182 288 120 4
193 287 120 13
356 26 120 7
311 478 120 2
294 510 120 2
290 103 120 11
219 545 120 9
290 394 120 15
459 352 120 12
522 457 120 6
286 153 120 16
441 345 120 12
356 215 120 16
298 526 120 6
26 334 120 14
352 139 120 17
338 357 120 10
74 161 120 10
517 135 120 9
88 109 120 15
149 456 120 5
498 412 120 6
100 220 120 12
275 32 120 15
443 119 120 18
25 470 120 10
319 323 120 12
64 458 120 9
264 427 120 20
330 29 120 8
305 178 120 14
495 128 120 12
483 289 120 7
200 17 120 5
442 521 120 7
532 60 120 6
214 441 120 13
252 504 120 8
450 282 120 18
298 64 120 1
253 430 120 16
117 378 120 10
454 313 120 3
525 27 120 1
80 468 120 10
362 452 120 7
20 118 120 17
61 369 120 1
498 334 120 8
329 84 120 10
250 336 120 10
349 515 120 15
27 483 120 7
56 461 120 5
101 55 120 7
181 417 120 6
321 436 120 13
415 496 120 5
466 508 120 8
312 351 120 17
222 54 120 4
14 402 120 1
245 490 120 19
303 546 120 17
387 161 120 11
453 342 120 6
423 177 120 20
26 44 120 5
60 509 120 10
488 274 120 2
453 10 120 15
206 85 120 12
535 391 120 19
314 146 120 13
492 47 120 18
239 14 120 4
402 498 120 1
453 39 120 2
514 98 120 10
51 100 120 14
486 5 120 3
426 272 120 18
283 321 120 13
82 88 120 6
426 32 120 1
445 332 120 4
259 186 120 13
248 91 120 11
281 119 120 11
400 232 120 12
244 170 120 4
98 110 120 20
35 392 120 14
425 473 120 19
412 413 120 16
508 373 120 15
131 84 120 13
252 331 120 1
411 127 120 11
182 526 120 9
53 222 120 12
537 381 120 19
198 416 120 12
180 293 120 19
249 219 120 10
411 241 120 20
419 372 120 8
3 138 120 7
348 64 120 1
265 245 120 8
412 359 120 9
182 410 120 12
123 61 120 13
455 302 120 5
228 66 120 5
476 538 120 3
1 410 120 5
219 474 120 3
220 275 120 20
347 539 120 6
514 465 120 11
417 99 120 12
154 283 120 7
368 253 120 9
327 542 120 9
20 532 120 2
15 48 120 13
381 266 120 2
399 485 120 2
481 284 120 7
322 312 120 14
521 181 120 5
160 397 120 12
406 217 120 13
407 59 120 18
534 78 120 10
43 154 120 7
85 49 120 9
539 447 120 10
234 380 120 14
530 216 120 8
134 252 120 20
507 411 120 14
69 270 120 14
492 191 120 15
301 177 120 2
156 282 120 9
58 366 120 8
287 357 120 13
391 106 120 9
355 88 120 19
83 283 120 7
53 242 120 16
482 373 120 7
518 317 120 13
127 132 120 2
422 349 120 20
323 468 120 15
272 207 120 11
120 112 120 11
472 466 120 13
493 63 120 14
217 178 120 7
352 112 120 2
271 82 120 15
380 270 120 5
119 144 120 19
138 528 120 1
523 252 120 13
233 433 120 2
47 358 120 15
11 365 120 17
256 34 120 2
258 448 120 16
147 171 120 4
353 4 120 20
267 122 120 9
467 259 120 7
165 297 120 13
8 529 120 7
86 90 120 2
20 162 120 16
79 480 120 8
377 252 120 4
177 399 120 2
120 266 120 3
394 532 120 4
326 513 120 13
176 131 120 3
339 200 120 17
450 285 120 5
370 366 120 13
170 507 120 1
3 336 120 7
221 513 120 5
186 147 120 17
155 56 120 11
244 381 120 6
169 72 120 9
328 410 120 9
45 374 120 3
461 197 120 9
491 366 120 16
515 368 120 1
243 103 120 2
370 288 120 2
276 504 120 1
229 201 120 19
147 369 120 5
195 212 120 7
504 318 120 5
65 231 120 19
538 236 120 9
424 203 120 2
160 446 120 1
408 330 120 11
317 58 120 16
344 286 120 10
204 432 120 5
135 141 120 4
537 159 120 19
219 285 120 1
159 276 120 4
464 214 120 10
104 373 120 7
455 295 120 11
547 126 120 7
110 469 120 20
420 125 120 5
128 321 120 20
533 311 120 3
285 44 120 18
267 203 120 7
547 181 120 13
545 285 120 8
440 254 120 17
242 315 120 18
39 424 120 2
245 358 120 13
336 486 120 13
145 533 120 6
50 270 120 12
301 51 120 4
281 51 120 6
473 48 120 16
6 2 120 6
441 243 120 17
393 343 120 18
329 103 120 16
451 500 120 5
346 97 120 4
67 208 120 19
378 509 120 11
406 242 120 6
67 229 120 14
75 296 120 13
398 190 120 15
426 97 120 16
455 425 120 17
295 328 120 14
134 189 120 17
21 255 120 18
176 147 120 5
444 5 120 17
277 133 120 6
157 269 120 13
101 181 120 1
349 122 120 11
454 29 120 18
177 323 120 20
399 519 120 15
170 539 120 20
149 167 120 14
151 126 120 4
456 402 120 16
443 12 120 12
240 174 120 3
288 37 120 16
432 490 120 4
454 181 120 8
319 32 120 11
371 202 120 9
131 412 120 12
98 78 120 11
132 48 120 3
298 490 120 12
247 244 120 19
377 46 120 10
81 478 120 20
361 446 120 7
478 217 120 6
81 103 120 3
160 295 120 7
529 454 120 1
415 38 120 5
217 335 120 6
30 35 120 14
78 411 120 3
162 7 120 10
250 367 120 8
457 359 120 6
273 439 120 9
289 113 120 1
232 94 120 3
314 23 120 12
382 239 120 1
516 330 120 7
408 407 120 12
346 83 120 10
276 333 120 17
105 304 120 20
274 29 120 17
483 318 120 12
16 64 120 4
487 378 120 5
449 274 120 19
261 242 120 7
168 102 120 9
486 510 120 16
325 238 120 18
45 404 120 13
123 130 120 20
154 127 120 16
359 142 120 11
111 144 120 18
432 107 120 9
506 367 120 1
425 50 120 12
204 50 120 3
127 437 120 11
320 481 120 1
331 57 120 4
371 272 120 10
243 84 120 1
179 194 120 1
491 140 120 9
530 160 120 8
324 38 120 6
220 303 120 6
140 429 120 8
360 263 120 8
498 46 120 18
218 479 120 6
127 174 120 10
240 414 120 18
495 358 120 14
310 402 120 4
7 178 120 7
299 460 120 15
156 114 120 19
387 535 120 20
67 485 120 3
411 156 120 14
542 282 120 12
147 521 120 9
69 531 120 1
130 293 120 9
351 361 120 5
123 113 120 9
198 330 120 15
215 232 120 4
433 298 120 18
273 223 120 11
529 218 120 12
473 426 120 15
284 495 120 19
514 139 120 12
51 4 120 7
313 127 120 4
486 386 120 20
226 53 120 15
16 547 120 8
290 272 120 9
172 315 120 10
397 241 120 16
111 39 120 13
417 68 120 14
469 118 120 13
334 430 120 10
373 431 120 19
194 171 120 19
247 186 120 8
173 475 120 14
322 99 120 16
203 11 120 19
510 183 120 11
340 53 120 11
309 521 120 19
282 307 120 13
380 132 120 8
441 387 120 10
7 148 120 4
119 321 120 9
80 157 120 5
294 360 120 2
324 384 120 6
393 176 120 8
529 547 120 7
298 281 120 1
11 175 120 5
92 68 120 7
405 74 120 4
357 255 120 1
237 334 120 10
339 142 120 11
389 528 120 20
136 373 120 9
483 417 120 4
317 229 120 9
458 239 120 6
182 392 120 12
355 249 120 19
129 59 120 1
284 357 120 15
49 148 120 18
235 51 120 7
257 248 120 4
517 245 120 20
228 15 120 13
282 472 120 19
510 168 120 13
258 38 120 9
80 166 120 9
218 511 120 14
143 13 120 8
271 247 120 12
441 504 120 7
436 535 120 18
363 277 120 14
32 73 120 16
487 35 120 8
300 293 120 1
362 372 120 18
59 43 120 20
112 247 120 19
374 32 120 13
201 472 120 6
276 360 120 6
110 237 120 5
505 269 120 14
401 270 120 12
402 22 120 17
503 446 120 11
283 19 120 15
512 131 120 3
330 504 120 4
333 220 120 16
415 495 120 11
485 119 120 7
346 138 120 2
279 538 120 14
247 454 120 16
22 471 120 15
169 207 120 3
481 233 120 14
431 16 120 3
473 410 120 12
440 277 120 20
343 276 120 4
420 74 120 9
343 415 120 2
534 176 120 18
262 198 120 15
497 428 120 5
204 423 120 3
40 306 120 4
504 294 120 16
31 248 120 1
114 43 120 19
377 524 120 4
230 319 120 20
73 368 120 10
432 144 120 3
167 94 120 9
170 359 120 3
405 460 120 18
171 417 120 11
345 509 120 5
311 138 120 14
6 514 120 13
383 197 120 6
142 331 120 8
76 277 120 2
208 505 120 5
343 127 120 20
292 47 120 4
124 217 120 16
248 76 120 11
73 387 120 19
63 392 120 19
515 289 120 16
316 430 120 11
483 505 120 20
247 227 120 11
166 85 120 18
505 376 120 13
210 499 120 3
392 200 120 12
536 334 120 11
270 396 120 11
33 426 120 3
538 194 120 10
404 129 120 1
485 438 120 12
38 118 120 10
326 138 120 9
52 347 120 16
55 253 120 4
196 304 120 18
114 26 120 11
547 120 120 16
112 173 120 2
230 29 120 13
306 28 120 5
123 127 120 18
86 453 120 16
424 504 120 2
167 73 120 4
233 269 120 11
147 444 120 13
457 444 120 10
97 8 120 8
540 300 120 17
79 58 120 10
55 242 120 7
210 389 120 7
503 265 120 14
109 494 120 19
515 179 120 16
130 326 120 3
380 235 120 3
202 393 120 10
196 385 120 12
280 525 120 2
392 32 120 11
84 304 120 8
227 321 120 1
327 429 120 18
14 397 120 14
516 41 120 5
429 420 120 2
177 136 120 12
56 393 120 14
172 126 120 6
469 517 120 10
460 115 120 14
354 342 120 18
450 183 120 3
8 196 120 5
353 226 120 2
538 169 120 5
472 407 120 9
251 462 120 15
477 148 120 13
134 69 120 16
431 43 120 9
546 396 120 4
372 361 120 2
141 430 120 5
307 297 120 8
28 287 120 14
168 211 120 16
444 523 120 5
19 453 120 14
327 39 120 2
120 531 120 13
28 529 120 12
276 353 120 14
160 8 120 5
362 376 120 2
243 403 120 1
292 24 120 3
262 529 120 19
147 547 120 15
180 327 120 8
343 446 120 15
1 473 120 1
117 264 120 15
46 485 120 20
466 299 120 3
88 56 120 15
543 409 120 19
238 124 120 19
394 270 120 15
516 511 120 14
130 306 120 11
273 307 120 8
398 423 120 7
451 469 120 14
512 449 120 9
402 537 120 17
209 47 120 5
101 285 120 2
521 131 120 16
456 99 120 7
170 290 120 10
392 16 120 16
116 475 120 20
41 440 120 4
512 405 120 4
249 259 120 12
42 529 120 12
244 82 120 3
83 117 120 7
254 26 120 19
389 257 120 5
220 101 120 13
419 216 120 3
8 318 120 10
66 344 120 4
25 108 120 20
35 149 120 12
91 454 120 18
432 52 120 16
479 367 120 5
78 208 120 6
29 489 120 20
541 422 120 16
496 430 120 18
405 495 120 5
171 519 120 12
195 6 120 7
262 158 120 16
472 42 120 11
313 521 120 7
180 113 120 16
303 141 120 13
41 135 120 19
57 145 120 12
453 2 120 8
160 172 120 18
459 428 120 5
483 204 120 20
414 190 120 19
520 502 120 15
384 196 120 2
32 13 120 2
106 116 120 10
117 234 120 17
495 139 120 16
397 360 120 10
270 271 120 18
210 269 120 15
308 197 120 14
509 170 120 14
198 68 120 1
546 99 120 6
3 266 120 2
141 383 120 16
423 392 120 20
283 242 120 16
314 511 120 13
287 236 120 19
463 58 120 13
343 19 120 20
240 278 120 3
332 338 120 13
498 341 120 6
233 481 120 13
201 419 120 13
369 154 120 16
350 530 120 7
117 269 120 11
151 247 120 19
382 104 120 9
235 405 120 7
279 251 120 3
359 202 120 1
220 496 120 18
524 149 120 11
64 517 120 19
454 382 120 18
323 498 120 9
488 101 120 7
102 483 120 5
404 232 120 19
437 511 120 11
322 384 120 17
547 118 120 19
220 95 120 12
374 158 120 19
196 127 120 16
485 511 120 19
72 451 120 15
453 67 120 19
390 471 120 18
246 422 120 7
353 196 120 2
114 257 120 15
370 538 120 12
289 426 120 17
240 74 120 12
24 11 120 16
306 83 120 11
141 50 120 5
520 501 120 9
98 199 120 10
187 5 120 10
112 180 120 1
154 3 120 8
291 353 120 7
100 45 120 14
97 69 120 20
57 436 120 12
467 29 120 17
459 63 120 11
436 222 120 4
287 408 120 7
457 519 120 16
336 188 120 20
206 540 120 10
16 92 120 10
446 250 120 2
340 306 120 9
440 287 120 5
42 199 120 8
82 149 120 7
445 498 120 18
264 407 120 4
263 196 120 1
388 463 120 8
257 540 120 13
294 438 120 7
337 293 120 9
330 185 120 18
413 227 120 1
73 370 120 6
501 267 120 7
305 46 120 9
81 308 120 15
167 149 120 1
184 467 120 17
353 213 120 8
225 64 120 2
463 455 120 14
503 382 120 7
194 454 120 15
96 469 120 15
494 227 120 20
205 369 120 17
235 535 120 6
118 233 120 8
55 39 120 20
492 325 120 19
64 302 120 13
430 258 120 6
537 513 120 9
467 61 120 9
116 8 120 10
419 274 120 12
482 509 120 3
271 141 120 12
525 258 120 2
507 202 120 8
66 327 120 10
80 272 120 18
536 261 120 20
352 180 120 4
213 357 120 6
300 228 120 6
208 225 120 5
227 10 120 19
417 534 120 13
160 8 120 18
289 74 120 4
173 153 120 15
313 203 120 9
481 69 120 2
225 281 120 6
37 33 120 6
123 302 120 17
232 529 120 5
482 460 120 9
503 73 120 10
241 423 120 17
243 48 120 15
31 423 120 1
141 418 120 13
431 95 120 9
46 132 120 12
435 254 120 3
78 1 120 18
215 482 120 16
400 499 120 9
108 192 120 4
436 496 120 4
431 41 120 17
82 182 120 14
348 127 120 12
409 172 120 15
441 59 120 8
290 136 120 8
119 412 120 13
470 327 120 12
346 434 120 17
98 385 120 17
444 268 120 16
180 411 120 16
333 211 120 6
34 135 120 2
537 28 120 3
200 379 120 11
409 13 120 8
68 482 120 17
225 343 120 11
26 440 120 7
385 398 120 3
176 92 120 6
209 424 120 2
431 520 120 18
216 509 120 17
121 161 120 15
223 85 120 8
190 152 120 11
545 438 120 13
302 463 120 17
442 301 120 10
303 538 120 16
90 261 120 1
149 145 120 19
342 422 120 20
15 542 120 17
191 279 120 16
379 469 120 10
17 528 120 10
543 282 120 12
477 239 120 17
260 541 120 20
197 145 120 5
10 355 120 20
342 149 120 15
150 164 120 12
181 354 120 17
296 248 120 14
77 264 120 11
357 321 120 1
6 250 120 12
501 25 120 18
17 221 120 15
340 230 120 6
260 86 120 18
54 297 120 1
451 478 120 9
32 288 120 8
144 427 120 9
298 236 120 16
248 241 120 19
375 257 120 14
72 273 120 1
460 65 120 20
109 386 120 1
516 501 120 3
538 404 120 15
429 497 120 16
20 155 120 10
483 514 120 10
173 215 120 17
112 104 120 2
137 175 120 13
382 87 120 6
433 258 120 20
22 226 120 1
454 278 120 12
332 160 120 9
497 241 120 15
541 177 120 2
335 349 120 4
432 522 120 20
238 111 120 19
440 7 120 8
159 439 120 11
263 522 120 6
382 428 120 13
357 212 120 13
344 223 120 1
547 216 120 16
169 66 120 18
6 12 120 13
7 312 120 18
183 204 120 1
507 363 120 5
541 140 120 18
377 37 120 14
428 393 120 9
154 251 120 16
120 250 120 18
324 481 120 11
391 1 120 15
370 7 120 12
521 189 120 6
193 210 120 17
303 203 120 20
449 32 120 4
475 522 120 12
290 190 120 19
266 371 120 5
519 209 120 2
352 52 120 2
134 421 120 8
290 456 120 20
102 101 120 15
338 465 120 17
228 366 120 17
93 355 120 5
474 98 120 9
11 425 120 13
345 396 120 20
189 200 120 19
518 395 120 14
431 199 120 10
532 362 120 11
295 152 120 1
323 380 120 17
445 534 120 13
55 460 120 20
402 470 120 2
24 330 120 8
402 518 120 8
345 4 120 8
224 434 120 1
10 480 120 2
444 227 120 1
371 65 120 16
117 509 120 3
217 16 120 1
538 417 120 4
189 503 120 17
235 419 120 1
542 216 120 16
211 501 120 14
141 511 120 2
433 407 120 6
391 230 120 11
181 408 120 17
19 77 120 17
378 129 120 14
174 317 120 10
300 4 120 8
520 60 120 15
196 333 120 15
305 473 120 11
408 420 120 13
190 263 120 6
99 443 120 13
515 523 120 20
462 415 120 16
279 42 120 12
112 403 120 17
364 375 120 8
346 23 120 15
343 389 120 6
242 311 120 16
61 500 120 15
110 113 120 12
82 81 120 7
192 542 120 2
430 335 120 3
500 447 120 7
27 325 120 14
222 185 120 11
264 527 120 3
231 221 120 11
133 282 120 12
236 453 120 18
358 49 120 4
517 302 120 10
544 247 120 19
127 199 120 3
112 287 120 18
48 23 120 2
6 286 120 17
414 32 120 15
38 164 120 7
286 461 120 14
37 333 120 10
415 303 120 12
364 299 120 9
39 426 120 4
222 52 120 12
244 100 120 14
512 167 120 2
213 34 120 3
196 133 120 4
522 418 120 2
268 454 120 18
63 383 120 1
222 200 120 20
79 300 120 14
135 522 120 9
55 280 120 5
544 245 120 16
286 457 120 5
60 167 120 2
59 141 120 5
518 408 120 17
278 471 120 19
340 145 120 2
216 223 120 4
31 420 120 18
445 474 120 1
473 532 120 19
121 270 120 4
348 329 120 6
223 449 120 7
31 482 120 17
292 212 120 20
512 5 120 4
385 220 120 17
10 312 120 15
218 210 120 9
220 135 120 12
467 317 120 6
137 180 120 4
521 402 120 11
12 494 120 19
458 238 120 17
342 265 120 2
432 102 120 9
260 111 120 12
506 390 120 10
194 124 120 7
474 43 120 12
415 242 120 20
262 277 120 12
10 288 120 14
177 261 120 12
70 55 120 6
30 2 120 17
208 261 120 20
213 219 120 12
427 474 120 14
291 463 120 15
533 330 120 20
345 106 120 18
73 115 120 4
295 353 120 13
332 485 120 8
23 514 120 13
363 236 120 16
389 511 120 4
258 390 120 12
250 195 120 17
346 180 120 4
199 524 120 7
327 112 120 6
258 468 120 1
511 252 120 10
272 337 120 6
33 152 120 6
117 55 120 4
419 312 120 9
162 76 120 17
368 484 120 1
418 135 120 10
26 523 120 6
296 296 120 10
434 321 120 19
508 45 120 5
64 140 120 17
402 256 120 14
156 189 120 1
299 350 120 17
152 170 120 10
247 102 120 11
318 128 120 18
15 485 120 13
241 433 120 8
172 394 120 4
501 519 120 12
434 373 120 16
484 528 120 15
298 279 120 16
249 493 120 13
137 192 120 7
158 24 120 18
279 100 120 19
148 340 120 13
400 27 120 3
211 527 120 14
161 476 120 15
428 474 120 17
336 224 120 13
46 534 120 10
50 123 120 17
156 343 120 19
388 74 120 17
11 284 120 4
129 198 120 7
154 408 120 14
151 21 120 20
519 448 120 19
383 236 120 11
525 343 120 16
127 455 120 17
529 63 120 11
407 450 120 7
446 523 120 2
277 166 120 11
197 381 120 9
96 46 120 7
532 80 120 4
347 462 120 10
447 501 120 17
533 142 120 4
195 123 120 10
261 44 120 4
339 4 120 13
276 342 120 5
349 538 120 11
281 86 120 7
296 132 120 1
210 540 120 5
422 501 120 7
429 487 120 12
405 196 120 20
443 457 120 9
383 310 120 15
361 38 120 14
503 386 120 11
541 182 120 13
78 539 120 17
240 201 120 11
379 137 120 7
470 80 120 14
156 484 120 8
25 379 120 6
547 215 120 11
39 90 120 20
420 107 120 9
245 101 120 5
217 240 120 15
320 479 120 14
478 310 120 13
43 295 120 18
155 450 120 6
463 536 120 12
133 50 120 5
174 89 120 9
315 23 120 17
356 267 120 10
31 483 120 11
306 318 120 4
234 310 120 11
361 352 120 5
506 507 120 10
164 484 120 13
200 70 120 16
451 305 120 4
367 134 120 2
328 489 120 10
451 519 120 14
266 277 120 20
75 26 120 14
193 386 120 17
120 406 120 20
496 22 120 18
375 222 120 7
304 187 120 17
383 6 120 9
485 396 120 13
306 299 120 11
186 80 120 11
384 154 120 8
344 408 120 2
170 527 120 5
503 537 120 20
287 364 120 13
202 183 120 9
421 18 120 16
289 502 120 11
99 322 120 7
489 508 120 1
123 406 120 9
330 202 120 13
437 371 120 9
402 388 120 6
451 189 120 16
174 390 120 7
207 326 120 6
246 129 120 9
132 227 120 3
379 230 120 8
220 353 120 16
214 197 120 12
6 86 120 20
448 487 120 17
332 453 120 6
157 141 120 19
101 348 120 19
125 46 120 18
166 177 120 10
43 71 120 3
427 352 120 1
184 19 120 3
142 86 120 2
532 534 120 11
216 380 120 20
151 536 120 13
475 152 120 19
30 338 120 13
322 503 120 18
294 60 120 19
11 1 120 16
17 184 120 10
282 387 120 5
84 372 120 20
435 102 120 20
206 252 120 2
56 179 120 11
252 270 120 4
9 45 120 3
4 400 120 8
69 410 120 20
547 489 120 4
497 285 120 1
532 368 120 13
68 318 120 4
530 523 120 13
496 93 120 16
128 407 120 5
36 415 120 8
23 480 120 14
69 63 120 15
54 62 120 6
347 73 120 18
417 57 120 4
373 124 120 15
430 169 120 18
254 117 120 20
257 307 120 17
467 342 120 5
298 426 120 1
528 494 120 15
136 63 120 3
294 409 120 17
127 278 120 15
452 165 120 14
546 109 120 15
131 363 120 11
356 134 120 11
439 115 120 19
452 412 120 13
396 454 120 16
465 105 120 12
533 398 120 16
188 40 120 16
509 491 120 4
407 4 120 8
472 135 120 7
169 5 120 9
172 505 120 10
31 471 120 9
315 320 120 7
61 299 120 3
415 284 120 14
84 533 120 4
153 495 120 1
325 416 120 19
182 340 120 16
401 24 120 11
268 195 120 13
249 288 120 17
94 117 120 9
392 177 120 11
310 107 120 1
140 252 120 8
494 404 120 9
368 243 120 18
245 424 120 5
381 339 120 17
458 121 120 8
8 369 120 3
29 462 120 10
430 369 120 10
36 193 120 5
533 332 120 19
531 340 120 19
538 160 120 2
413 466 120 5
143 299 120 16
442 272 120 1
451 341 120 3
200 369 120 20
128 314 120 20
294 411 120 5
19 396 120 20
57 442 120 20
498 432 120 17
88 360 120 10
102 502 120 13
31 396 120 18
18 362 120 1
436 14 120 17
284 203 120 16
499 11 120 12
360 29 120 10
66 147 120 4
112 98 120 10
378 185 120 6
16 348 120 8
15 378 120 5
346 458 120 3
471 346 120 16
418 144 120 15
192 96 120 3
377 517 120 10
472 97 120 20
461 208 120 9
458 39 120 2
206 116 120 14
516 192 120 14
128 538 120 9
163 461 120 13
212 393 120 3
525 38 120 1
301 476 120 8
168 400 120 11
182 375 120 15
354 285 120 3
164 490 120 20
260 521 120 16
310 101 120 11
208 326 120 5
513 52 120 16
415 29 120 10
474 391 120 11
502 74 120 20
80 317 120 8
474 123 120 8
421 287 120 15
545 61 120 7
314 370 120 20
73 92 120 17
355 57 120 5
482 534 120 10
161 460 120 15
315 415 120 20
321 9 120 13
216 544 120 6
457 479 120 9
94 476 120 11
313 305 120 13
86 377 120 3
245 246 120 18
456 242 120 7
147 402 120 14
353 231 120 15
85 66 120 20
195 281 120 7
428 253 120 18
461 346 120 13
8 112 120 18
532 259 120 3
116 503 120 18
303 411 120 12
538 73 120 8
138 425 120 10
215 25 120 15
361 281 120 12
19 161 120 10
154 75 120 3
280 144 120 20
163 190 120 9
485 305 120 18
505 122 120 17
219 112 120 2
397 250 120 11
259 526 120 4
186 339 120 13
455 357 120 2
430 26 120 5
265 305 120 12
273 468 120 4
539 405 120 6
213 424 120 5
298 95 120 9
455 7 120 9
5 327 120 15
187 512 120 15
165 481 120 6
242 425 120 7
516 204 120 10
387 476 120 3
509 529 120 9
388 195 120 5
389 492 120 14
17 400 120 16
502 466 120 8
481 167 120 16
251 332 120 20
439 88 120 12
106 118 120 16
139 19 120 9
92 527 120 13
26 430 120 16
321 333 120 14
287 411 120 1
260 428 120 7
11 361 120 16
336 64 120 19
109 17 120 10
368 184 120 13
284 322 120 5
191 475 120 3
79 500 120 10
161 335 120 6
249 75 120 10
190 334 120 4
172 406 120 2
321 256 120 10
316 364 120 2
522 185 120 7
237 468 120 12
94 173 120 1
477 251 120 16
196 473 120 7
247 175 120 1
161 426 120 5
18 50 120 7
172 433 120 9
514 263 120 4
325 238 120 6
319 536 120 18
88 82 120 10
394 11 120 12
105 206 120 5
212 452 120 17
394 128 120 5
361 145 120 3
311 378 120 7
455 344 120 19
477 121 120 3
136 440 120 16
386 42 120 14
200 435 120 7
327 54 120 10
379 266 120 14
120 112 120 10
286 534 120 5
16 298 120 9
241 205 120 14
181 134 120 11
358 331 120 17
38 169 120 15
408 431 120 19
179 210 120 10
280 41 120 8
286 160 120 17
480 507 120 10
272 522 120 4
503 215 120 20
530 395 120 1
193 267 120 12
233 366 120 14
377 226 120 17
470 467 120 20
69 199 120 11
419 546 120 6
456 479 120 9
418 265 120 15
130 282 120 17
170 264 120 19
343 457 120 1
361 204 120 20
1 95 120 11
132 17 120 10
535 86 120 10
430 19 120 11
62 536 120 8
137 407 120 13
249 51 120 10
91 221 120 17
389 16 120 19
406 377 120 20
304 439 120 12
490 85 120 19
532 134 120 4
350 79 120 6
105 140 120 2
461 338 120 20
535 40 120 7
342 192 120 19
475 33 120 20
517 500 120 20
278 319 120 5
133 261 120 19
66 307 120 19
209 110 120 10
369 276 120 10
518 189 120 19
41 176 120 12
162 33 120 17
17 507 120 12
435 477 120 18
197 207 120 9
459 401 120 12
321 528 120 20
316 189 120 3
389 11 120 15
116 43 120 20
180 84 120 5
346 307 120 9
155 323 120 20
59 273 120 7
524 531 120 18
213 443 120 20
162 278 120 7
479 108 120 16
359 11 120 3
513 126 120 17
371 367 120 2
405 165 120 4
532 320 120 10
72 440 120 14
88 416 120 11
372 81 120 6
509 304 120 13
80 235 120 6
386 46 120 6
279 12 120 14
152 382 120 9
233 301 120 5
72 286 120 16
296 357 120 17
245 507 120 17
178 331 120 20
67 293 120 13
296 372 120 12
84 272 120 14
430 3 120 3
353 216 120 18
158 510 120 18
128 97 120 1
478 392 120 18
174 152 120 14
284 391 120 18
537 519 120 2
545 329 120 20
303 413 120 7
107 295 120 9
530 162 120 3
303 320 120 9
377 509 120 4
312 439 120 9
57 127 120 16
308 411 120 16
405 462 120 14
246 521 120 8
521 277 120 14
34 445 120 6
97 427 120 13
499 183 120 12
316 74 120 7
168 447 120 18
535 504 120 20
506 264 120 3
382 183 120 6
291 429 120 14
529 402 120 9
85 435 120 13
544 46 120 8
71 59 120 16
525 375 120 14
456 57 120 3
278 44 120 19
226 64 120 7
100 507 120 6
496 250 120 8
257 294 120 9
418 378 120 11
414 437 120 4
352 22 120 8
471 61 120 5
241 516 120 10
395 308 120 3
20 534 120 7
517 148 120 9
103 96 120 15
117 415 120 11
47 285 120 2
412 152 120 6
399 18 120 3
382 488 120 17
255 243 120 5
183 152 120 14
155 171 120 14
251 203 120 16
307 305 120 17
65 422 120 15
178 530 120 14
121 394 120 9
78 245 120 8
540 142 120 18
31 396 120 14
100 93 120 8
414 247 120 12
229 498 120 11
253 257 120 2
372 383 120 5
359 13 120 8
145 195 120 12
82 272 120 2
98 327 120 4
54 357 120 7
315 518 120 20
119 384 120 19
155 127 120 9
455 441 120 11
512 266 120 19
444 139 120 7
420 283 120 16
242 426 120 1
433 523 120 19
156 91 120 14
398 406 120 4
186 39 120 12
220 193 120 1
328 162 120 20
145 126 120 15
406 84 120 20
194 503 120 12
176 260 120 19
492 145 120 8
40 363 120 17
7 275 120 10
6 460 120 7
388 194 120 19
412 36 120 8
330 180 120 3
27 100 120 14
472 293 120 18
104 469 120 8
286 475 120 13
442 515 120 11
142 36 120 8
309 41 120 5
514 490 120 10
426 355 120 13
499 199 120 14
213 225 120 5
10 211 120 18
309 377 120 14
383 115 120 13
116 9 120 12
273 213 120 9
157 36 120 15
16 3 120 1
193 490 120 20
343 504 120 3
249 169 120 5
255 178 120 4
7 1 120 5
350 445 120 6
12 13 120 7
250 347 120 3
523 504 120 3
351 34 120 18
184 288 120 6
308 83 120 17
146 394 120 10
208 101 120 14
480 169 120 6
97 519 120 3
374 530 120 7
113 295 120 6
126 270 120 2
175 136 120 11
349 319 120 4
466 141 120 11
539 286 120 3
295 8 120 8
290 488 120 6
286 99 120 12
179 472 120 10
146 38 120 10
460 225 120 12
245 461 120 11
126 263 120 7
294 181 120 20
59 235 120 15
218 529 120 6
539 272 120 7
419 10 120 3
333 250 120 11
291 395 120 10
543 308 120 2
517 67 120 16
204 192 120 15
208 547 120 4
353 121 120 10
299 338 120 10
314 329 120 14
269 262 120 15
384 109 120 15
361 399 120 13
500 394 120 5
378 426 120 20
169 82 120 2
223 289 120 20
34 157 120 10
79 517 120 14
167 283 120 19
42 66 120 3
472 449 120 16
120 324 120 13
162 276 120 1
511 168 120 13
441 337 120 3
16 74 120 6
200 107 120 20
503 247 120 4
50 475 120 19
533 516 120 15
308 503 120 6
130 75 120 10
474 236 120 2
117 261 120 1
248 216 120 16
521 294 120 5
536 493 120 19
222 448 120 7
424 12 120 3
423 60 120 11
487 367 120 15
452 11 120 1
194 484 120 5
273 54 120 11
519 363 120 11
70 336 120 13
240 387 120 1
32 61 120 4
131 485 120 17
158 422 120 9
154 362 120 14
104 328 120 17
191 36 120 20
512 308 120 17
124 342 120 20
498 473 120 16
133 227 120 17
260 258 120 6
411 451 120 15
512 61 120 14
187 214 120 20
229 318 120 6
343 508 120 15
331 534 120 6
497 172 120 1
477 184 120 15
246 316 120 5
463 90 120 8
194 501 120 4
470 465 120 3
136 167 120 18
163 457 120 13
33 252 120 20
485 97 120 4
212 46 120 10
281 523 120 6
336 283 120 14
71 199 120 8
126 454 120 2
83 438 120 8
163 27 120 3
457 251 120 16
97 345 120 7
245 344 120 4
441 9 120 6
261 351 120 2
265 201 120 3
100 272 120 20
24 459 120 15
448 541 120 18
304 219 120 7
327 190 120 9
320 286 120 4
80 530 120 16
483 423 120 13
384 137 120 16
323 463 120 19
544 77 120 11
478 100 120 19
380 62 120 7
110 366 120 12
476 207 120 8
60 41 120 19
535 120 120 6
322 117 120 14
117 16 120 2
386 338 120 15
247 396 120 1
440 388 120 17
545 220 120 2
158 391 120 9
536 319 120 8
71 440 120 11
376 490 120 11
117 264 120 5
343 443 120 9
281 281 120 17
73 527 120 11
66 482 120 2
158 479 120 4
373 151 120 14
407 201 120 12
161 271 120 4
503 99 120 7
480 278 120 8
88 135 120 6
258 415 120 20
280 3 120 18
212 68 120 9
531 287 120 4
37 112 120 9
480 518 120 19
210 132 120 17
442 149 120 5
68 143 120 9
505 292 120 10
290 2 120 14
480 343 120 2
102 7 120 19
205 537 120 9
301 88 120 17
62 83 120 9
85 354 120 7
378 248 120 1
222 316 120 11
406 273 120 15
238 78 120 19
485 72 120 13
249 173 120 1
80 377 120 10
259 192 120 5
3 315 120 10
326 461 120 8
295 291 120 20
412 512 120 7
187 432 120 4
254 185 120 9
322 122 120 1
247 371 120 17
179 512 120 17
163 286 120 4
296 350 120 18
511 128 120 17
532 422 120 1
316 286 120 11
477 473 120 10
364 241 120 17
451 15 120 17
63 323 120 10
393 17 120 14
6 241 120 14
480 51 120 2
237 14 120 18
391 60 120 12
413 376 120 1
337 367 120 10
269 245 120 2
386 149 120 7
77 211 120 9
200 56 120 9
349 123 120 4
237 118 120 14
473 354 120 4
290 259 120 6
42 124 120 10
142 522 120 2
229 244 120 19
9 82 120 20
350 158 120 6
44 419 120 13
300 220 120 15
312 456 120 2
373 382 120 4
448 186 120 9
97 289 120 11
183 493 120 6
88 174 120 9
238 245 120 16
51 47 120 11
74 152 120 19
153 452 120 10
478 216 120 8
311 41 120 8
12 3 120 15
456 161 120 5
54 405 120 17
112 8 120 20
536 245 120 8
495 296 120 7
125 431 120 8
174 36 120 1
442 28 120 17
71 338 120 14
206 349 120 14
525 320 120 16
39 373 120 7
169 546 120 14
473 535 120 7
473 482 120 4
35 59 120 10
296 232 120 11
460 188 120 19
355 321 120 9
352 526 120 10
351 503 120 16
88 57 120 9
168 225 120 13
316 150 120 6
224 76 120 7
427 110 120 7
29 467 120 3
213 380 120 6
486 249 120 14
3 53 120 7
478 465 120 7
177 6 120 3
249 235 120 3
444 3 120 1
16 289 120 10
194 168 120 16
492 258 120 17
474 532 120 7
159 471 120 2
164 535 120 7
147 465 120 20
86 95 120 11
142 405 120 11
423 301 120 5
369 379 120 20
389 25 120 11
96 516 120 18
208 504 120 1
213 116 120 9
467 279 120 2
287 488 120 3
25 26 120 14
377 229 120 19
354 167 120 8
458 50 120 1
302 500 120 13
376 49 120 10
161 256 120 10
477 530 120 15
231 511 120 14
519 251 120 20
178 337 120 12
540 167 120 4
275 35 120 19
310 492 120 17
176 309 120 20
128 199 120 14
110 359 120 4
48 350 120 16
164 95 120 5
73 67 120 8
469 306 120 12
343 361 120 20
22 150 120 14
415 459 120 17
371 87 120 6
218 214 120 19
175 385 120 4
449 432 120 11
221 110 120 2
441 182 120 16
426 103 120 11
200 507 120 19
141 44 120 19
178 458 120 10
97 281 120 4
449 14 120 9
390 250 120 2
266 214 120 16
492 434 120 15
266 389 120 18
167 329 120 18
374 528 120 4
518 183 120 5
202 360 120 19
406 519 120 3
149 482 120 15
167 324 120 20
22 104 120 14
371 49 120 8
282 314 120 10
436 480 120 19
208 369 120 3
2 339 120 20
385 56 120 9
194 461 120 5
283 63 120 6
385 229 120 18
251 251 120 16
331 74 120 3
358 417 120 20
227 367 120 15
423 90 120 1
115 153 120 12
52 537 120 11
410 183 120 19
192 527 120 14
32 364 120 20
195 130 120 15
461 460 120 10
229 332 120 19
309 11 120 8
384 434 120 17
280 1 120 18
30 52 120 19
381 461 120 20
99 167 120 1
488 198 120 10
12 392 120 5
394 306 120 12
365 49 120 18
266 419 120 6
534 256 120 5
344 50 120 13
368 141 120 7
382 37 120 1
93 197 120 17
330 138 120 6
508 211 120 7
206 119 120 14
487 483 120 10
6 202 120 6
82 250 120 9
44 47 120 19
68 414 120 18
144 310 120 18
196 402 120 9
476 247 120 15
406 207 120 4
243 475 120 14
447 476 120 8
214 481 120 3
400 77 120 18
293 120 120 2
298 250 120 12
506 393 120 5
264 103 120 2
157 31 120 6
311 437 120 2
66 194 120 11
2 156 120 12
482 369 120 5
69 221 120 17
514 29 120 2
459 388 120 14
332 408 120 19
29 125 120 20
66 343 120 7
411 107 120 12
478 234 120 13
533 297 120 12
517 231 120 2
435 361 120 7
491 390 120 9
119 301 120 14
544 147 120 10
329 237 120 8
216 303 120 16
134 228 120 7
3 220 120 4
128 268 120 18
469 237 120 10
147 186 120 20
46 129 120 12
34 248 120 20
472 306 120 15
224 87 120 1
161 302 120 12
441 436 120 1
342 500 120 4
539 142 120 1
485 126 120 7
176 272 120 13
228 379 120 9
184 475 120 7
440 461 120 9
419 137 120 5
26 298 120 18
543 191 120 3
256 48 120 11
251 39 120 17
512 523 120 14
463 151 120 11
53 441 120 9
380 77 120 6
469 517 120 15
254 388 120 16
187 475 120 2
421 533 120 16
59 241 120 3
258 6 120 19
113 518 120 13
94 433 120 2
408 547 120 10
68 441 120 8
203 362 120 6
313 68 120 18
497 316 120 6
9 252 120 12
258 310 120 8
7 82 120 19
403 256 120 8
227 411 120 9
263 271 120 8
131 401 120 11
137 56 120 18
112 368 120 7
536 379 120 4
341 449 120 17
193 159 120 9
286 227 120 2
446 144 120 12
91 370 120 6
168 86 120 4
369 278 120 16
402 414 120 19
311 40 120 7
287 90 120 16
94 493 120 10
152 138 120 6
34 485 120 4
544 445 120 4
278 535 120 8
422 218 120 19
351 39 120 6
134 502 120 20
518 265 120 6
238 67 120 10
398 160 120 8
459 374 120 11
194 407 120 12
156 466 120 15
261 258 120 13
312 194 120 13
449 544 120 2
377 192 120 12
234 163 120 10
129 462 120 16
176 374 120 5
106 285 120 12
236 479 120 17
303 149 120 6
329 471 120 18
405 235 120 2
213 198 120 2
60 28 120 16
408 323 120 4
535 451 120 12
182 80 120 15
535 247 120 7
229 482 120 12
267 299 120 14
286 143 120 8
14 62 120 13
545 275 120 17
525 396 120 16
149 318 120 6
483 305 120 8
307 1 120 12
443 535 120 1
440 216 120 12
368 545 120 10
506 345 120 20
20 420 120 14
315 417 120 9
261 394 120 6
296 543 120 4
168 540 120 17
491 299 120 19
345 256 120 8
23 210 120 1
183 92 120 12
156 50 120 2
395 131 120 13
86 446 120 1
176 221 120 5
113 32 120 7
368 199 120 7
442 142 120 12
31 2 120 14
155 86 120 5
10 268 120 10
408 485 120 12
119 332 120 20
249 480 120 17
310 108 120 19
218 282 120 14
183 164 120 15
140 120 120 12
458 151 120 18
484 305 120 13
234 376 120 7
76 237 120 15
30 417 120 2
114 180 120 3
158 489 120 10
422 222 120 17
233 404 120 10
304 544 120 3
31 516 120 5
307 514 120 15
121 200 120 15
264 338 120 7
345 429 120 13
273 542 120 9
194 152 120 3
285 88 120 20
110 382 120 18
98 138 120 14
206 169 120 20
526 537 120 1
57 110 120 13
510 373 120 18
229 233 120 7
364 20 120 11
131 213 120 10
448 497 120 11
440 121 120 18
350 219 120 19
256 424 120 4
192 403 120 3
94 521 120 4
195 545 120 9
149 226 120 1
45 42 120 13
421 234 120 20
524 134 120 10
106 88 120 13
132 437 120 17
357 207 120 16
265 398 120 15
162 491 120 8
230 201 120 13
123 411 120 12
249 455 120 13
455 390 120 12
327 367 120 4
273 472 120 15
339 118 120 16
14 536 120 2
236 253 120 10
376 476 120 14
488 158 120 16
51 281 120 17
447 44 120 20
338 498 120 18
523 340 120 2
295 65 120 14
155 465 120 2
513 540 120 18
530 228 120 3
398 56 120 1
334 59 120 17
469 109 120 17
468 8 120 17
374 407 120 6
184 383 120 18
361 192 120 11
524 346 120 9
319 311 120 20
103 356 120 19
202 206 120 6
291 54 120 7
537 523 120 7
32 443 120 17
116 331 120 11
213 514 120 3
102 389 120 4
117 365 120 2
49 137 120 10
520 239 120 11
187 502 120 6
518 245 120 7
360 235 120 3
310 266 120 2
391 443 120 11
332 109 120 12
108 210 120 5
138 327 120 9
513 437 120 4
166 472 120 7
237 173 120 2
513 143 120 19
357 17 120 8
115 388 120 5
438 231 120 7
483 16 120 2
71 185 120 3
47 322 120 5
388 349 120 4
380 30 120 2
188 266 120 6
435 293 120 5
441 102 120 5
197 278 120 4
217 169 120 10
195 166 120 2
281 236 120 6
92 282 120 16
228 185 120 3
316 79 120 19
328 266 120 11
27 153 120 20
415 109 120 8
334 305 120 3
93 36 120 17
83 293 120 9
87 26 120 14
338 179 120 16
364 407 120 4
253 237 120 13
171 80 120 8
416 106 120 4
468 36 120 10
12 431 120 14
443 524 120 20
10 59 120 11
227 207 120 4
256 60 120 12
20 485 120 1
514 190 120 10
55 422 120 15
409 352 120 13
368 334 120 13
12 407 120 7
507 303 120 1
5 374 120 1
343 54 120 4
221 309 120 4
277 390 120 20
255 357 120 10
469 411 120 8
215 272 120 4
128 154 120 17
139 165 120 7
33 186 120 7
450 191 120 13
440 48 120 6
151 268 120 19
407 59 120 6
176 375 120 4
135 296 120 13
514 25 120 15
275 215 120 3
368 353 120 8
321 447 120 13
91 349 120 20
235 241 120 8
493 391 120 20
513 312 120 11
438 488 120 11
171 137 120 19
377 103 120 19
370 439 120 18
516 260 120 17
279 95 120 14
290 186 120 9
491 420 120 6
192 365 120 8
222 393 120 12
311 345 120 16
289 30 120 2
15 407 120 9
375 291 120 2
464 259 120 20
358 537 120 1
151 342 120 20
354 285 120 5
312 539 120 2
176 275 120 8
351 100 120 5
43 388 120 12
356 465 120 6
348 354 120 1
232 271 120 11
437 81 120 16
190 294 120 19
189 100 120 15
61 474 120 8
359 102 120 5
17 452 120 19
81 9 120 18
112 426 120 15
65 226 120 16
307 458 120 11
323 347 120 16
390 536 120 7
251 178 120 20
458 300 120 13
110 173 120 5
98 251 120 19
185 331 120 10
175 442 120 11
82 21 120 3
405 390 120 14
388 165 120 19
514 69 120 8
386 319 120 11
420 229 120 13
441 400 120 19
17 12 120 4
43 259 120 4
140 495 120 2
114 92 120 13
376 496 120 20
486 336 120 2
520 365 120 6
542 265 120 10
318 199 120 12
393 93 120 1
93 109 120 11
43 213 120 2
385 414 120 11
136 43 120 3
455 418 120 14
69 419 120 6
456 391 120 15
364 447 120 19
105 217 120 16
137 62 120 12
83 154 120 19
40 258 120 12
318 157 120 7
58 354 120 20
374 262 120 5
153 392 120 2
267 301 120 2
261 179 120 16
519 346 120 10
428 482 120 12
430 17 120 8
54 118 120 13
500 497 120 10
204 7 120 16
11 442 120 20
298 109 120 17
394 438 120 11
395 151 120 3
295 184 120 11
473 64 120 18
165 8 120 8
134 62 120 12
360 14 120 18
257 279 120 2
508 352 120 12
534 102 120 19
405 11 120 3
91 405 120 11
503 215 120 17
165 140 120 12
371 367 120 5
45 500 120 1
446 375 120 3
312 84 120 19
184 106 120 3
12 93 120 7
496 497 120 13
323 41 120 14
362 58 120 8
37 222 120 12
385 45 120 18
193 152 120 17
124 112 120 20
130 423 120 4
477 121 120 10
143 195 120 8
458 143 120 2
235 528 120 15
479 404 120 9
390 503 120 7
503 340 120 13
496 47 120 12
504 232 120 11
