3000 750
275 535 48 13
298 12 48 1
399 123 48 12
247 90 48 4
542 361 48 11
101 538 48 5
389 408 48 17
82 432 48 4
241 59 48 2
531 465 48 18
539 254 48 15
241 66 48 4
296 526 48 16
381 287 48 17
73 281 48 6
493 443 48 18
57 347 48 16
228 428 48 16
26 121 48 10
44 104 48 7
99 157 48 13
204 398 48 3
320 208 48 14
73 42 48 18
462 114 48 18
118 59 48 6
373 177 48 17
3 466 48 8
65 492 48 1
185 535 48 10
222 149 48 6
89 352 48 8
507 186 48 20
419 258 48 14
70 172 48 5
63 352 48 4
499 239 48 14
249 242 48 17
365 306 48 11
116 490 48 13
32 226 48 1
105 314 48 17
90 336 48 8
283 269 48 1
516 400 48 1
316 462 48 12
298 476 48 7
456 177 48 18
533 56 48 16
7 171 48 6
140 265 48 10
420 369 48 17
20 521 48 4
351 256 48 13
393 224 48 13
121 54 48 13
262 351 48 7
94 260 48 15
230 245 48 11
123 314 48 1
21 515 48 13
143 449 48 4
94 468 48 2
442 334 48 10
449 179 48 10
370 361 48 9
206 137 48 12
31 292 48 15
33 36 48 10
153 159 48 4
443 241 48 17
512 445 48 2
402 54 48 14
328 495 48 18
508 397 48 18
427 219 48 10
400 486 48 5
114 517 48 10
149 2 48 1
490 154 48 15
51 111 48 13
125 75 48 1
163 539 48 18
122 381 48 7
413 403 48 13
398 283 48 8
257 135 48 3
253 310 48 18
55 520 48 19
501 524 48 15
12 27 48 20
309 214 48 4
19 376 48 12
267 497 48 1
525 425 48 17
146 275 48 12
533 531 48 15
374 298 48 9
183 414 48 8
56 368 48 1
145 379 48 13
344 140 48 3
132 221 48 8
521 487 48 19
257 526 48 12
334 125 48 13
270 172 48 15
402 60 48 16
358 243 48 3
286 360 48 18
191 504 48 19
122 300 48 7
390 494 48 13
486 529 48 6
47 238 48 14
32 87 48 12
291 356 48 15
534 273 48 3
42 83 48 8
510 369 48 4
190 12 48 19
371 195 48 18
145 37 48 6
139 522 48 18
135 22 48 7
171 115 48 16
331 406 48 20
177 454 48 14
83 495 48 18
293 457 48 10
316 161 48 19
295 47 48 17
88 191 48 10
437 392 48 5
219 41 48 13
239 211 48 5
345 541 48 12
322 232 48 13
85 315 48 19
478 122 48 8
145 499 48 19
432 246 48 9
428 396 48 16
460 347 48 1
44 80 48 1
257 319 48 1
523 178 48 8
162 14 48 5
254 99 48 9
355 29 48 19
428 236 48 4
114 120 48 20
455 63 48 6
439 37 48 19
330 80 48 17
198 337 48 5
339 374 48 2
534 51 48 5
414 304 48 10
123 174 48 14
16 54 48 19
407 229 48 11
496 136 48 17
11 27 48 18
418 418 48 20
358 69 48 18
131 469 48 16
82 517 48 6
108 446 48 12
294 83 48 11
23 98 48 15
535 504 48 10
134 515 48 16
342 40 48 20
39 457 48 4
425 330 48 19
115 522 48 6
179 56 48 12
354 225 48 6
286 518 48 12
453 56 48 19
126 43 48 16
27 176 48 1
125 517 48 12
250 70 48 3
307 10 48 7
432 124 48 16
540 364 48 2
132 171 48 3
170 456 48 6
290 424 48 18
22 2 48 17
320 29 48 13
100 153 48 14
466 464 48 6
257 223 48 3
376 169 48 18
532 223 48 12
197 355 48 1
210 39 48 4
193 390 48 4
232 473 48 15
312 246 48 17
83 407 48 5
369 326 48 12
240 97 48 19
120 534 48 6
186 519 48 8
68 230 48 10
182 439 48 5
204 84 48 16
165 377 48 6
127 142 48 5
117 286 48 1
383 169 48 2
81 471 48 2
2 43 48 20
91 290 48 2
464 419 48 18
98 53 48 14
378 319 48 3
439 483 48 4
487 62 48 4
295 240 48 16
24 75 48 5
79 218 48 9
229 219 48 10
428 309 48 16
51 287 48 20
512 384 48 4
317 215 48 1
330 168 48 6
110 169 48 5
155 525 48 6
485 1 48 6
374 79 48 15
249 370 48 4
228 250 48 6
11 363 48 20
151 327 48 9
468 159 48 4
493 488 48 17
454 112 48 9
537 328 48 20
313 265 48 6
225 153 48 14
354 463 48 4
154 143 48 3
324 216 48 9
295 428 48 15
103 348 48 9
187 294 48 2
438 262 48 9
372 251 48 13
283 78 48 13
195 302 48 1
309 108 48 11
245 323 48 2
492 99 48 3
8 456 48 1
459 11 48 10
36 198 48 4
100 150 48 16
337 522 48 15
416 319 48 5
212 513 48 17
160 336 48 11
86 33 48 16
217 525 48 15
15 47 48 1
241 20 48 18
330 55 48 4
164 154 48 15
260 5 48 20
183 420 48 18
121 84 48 5
423 305 48 16
348 453 48 4
48 122 48 13
393 198 48 11
162 501 48 16
3 283 48 16
103 446 48 4
352 220 48 16
91 402 48 16
148 523 48 8
232 460 48 1
167 322 48 20
135 369 48 15
141 277 48 8
194 500 48 12
327 502 48 16
515 119 48 16
308 532 48 14
106 75 48 18
384 284 48 3
199 31 48 13
380 197 48 4
466 393 48 1
188 534 48 8
169 242 48 17
104 21 48 17
320 535 48 11
435 358 48 6
223 463 48 20
412 299 48 12
91 12 48 5
291 453 48 2
266 371 48 12
63 73 48 6
197 304 48 3
222 407 48 2
324 179 48 8
483 67 48 7
141 351 48 15
482 215 48 7
13 367 48 12
183 172 48 12
65 500 48 8
339 77 48 12
52 273 48 13
6 9 48 6
104 333 48 15
128 330 48 18
24 470 48 17
444 466 48 1
69 479 48 12
314 176 48 14
464 240 48 11
438 31 48 7
62 144 48 6
535 211 48 19
321 315 48 12
347 504 48 15
439 43 48 17
396 486 48 18
82 69 48 20
134 382 48 15
481 361 48 10
172 313 48 2
62 374 48 14
163 362 48 2
397 197 48 1
415 543 48 2
278 496 48 18
62 406 48 7
374 487 48 5
70 135 48 5
489 68 48 20
177 301 48 9
380 363 48 2
304 525 48 17
377 436 48 7
278 304 48 10
136 34 48 3
36 157 48 2
484 531 48 19
515 115 48 17
380 118 48 10
59 294 48 19
50 189 48 12
476 492 48 6
232 321 48 18
121 114 48 13
130 249 48 5
86 347 48 11
448 345 48 11
201 312 48 12
151 206 48 2
106 264 48 8
423 375 48 5
494 366 48 6
119 50 48 3
179 232 48 18
543 361 48 4
516 509 48 17
37 409 48 12
212 124 48 17
440 274 48 16
300 441 48 18
391 317 48 1
186 325 48 8
472 443 48 7
46 74 48 17
219 131 48 18
217 100 48 2
14 198 48 2
217 410 48 5
246 364 48 10
480 116 48 8
493 21 48 16
396 268 48 6
178 192 48 7
495 238 48 16
11 518 48 7
496 249 48 7
396 262 48 6
156 540 48 3
102 238 48 5
384 232 48 1
12 240 48 11
18 88 48 18
410 327 48 13
212 274 48 17
149 346 48 20
217 357 48 5
384 205 48 20
264 360 48 16
67 462 48 13
296 298 48 14
92 371 48 9
518 450 48 18
180 374 48 9
95 38 48 19
309 186 48 18
493 465 48 2
440 301 48 5
101 79 48 8
301 146 48 20
315 503 48 10
498 47 48 17
436 80 48 4
460 321 48 12
326 477 48 3
466 238 48 9
466 183 48 15
275 75 48 19
350 237 48 16
237 52 48 11
39 366 48 9
261 316 48 2
307 266 48 1
316 179 48 3
152 504 48 4
86 484 48 20
268 402 48 2
367 191 48 14
220 55 48 15
213 292 48 12
413 392 48 9
21 105 48 16
222 473 48 16
18 242 48 8
195 393 48 20
240 478 48 9
36 199 48 6
77 18 48 10
191 299 48 7
57 26 48 7
520 438 48 18
255 458 48 13
367 195 48 18
135 274 48 7
206 468 48 4
233 222 48 19
258 258 48 17
200 334 48 12
333 39 48 13
35 157 48 17
28 130 48 16
474 384 48 20
477 203 48 1
406 399 48 8
91 119 48 15
168 413 48 19
238 124 48 10
20 323 48 10
367 170 48 4
43 266 48 8
291 355 48 4
429 281 48 13
540 273 48 18
360 193 48 10
515 284 48 6
529 513 48 15
279 265 48 19
348 285 48 3
265 166 48 15
220 208 48 7
394 498 48 3
88 442 48 14
227 496 48 19
83 371 48 7
338 338 48 17
226 381 48 12
464 174 48 9
403 36 48 10
117 300 48 6
547 35 48 8
211 428 48 6
230 516 48 14
44 257 48 15
68 402 48 6
346 192 48 6
423 479 48 12
527 457 48 12
348 312 48 17
454 428 48 10
240 490 48 1
357 153 48 9
425 444 48 10
449 487 48 4
422 69 48 11
217 477 48 1
412 352 48 11
441 393 48 3
158 193 48 9
395 99 48 1
509 400 48 3
48 210 48 5
15 149 48 8
73 51 48 11
326 472 48 10
495 203 48 13
370 68 48 20
176 23 48 2
439 180 48 20
528 89 48 14
497 51 48 19
471 98 48 5
50 174 48 17
134 247 48 17
220 87 48 11
375 97 48 17
458 466 48 11
470 157 48 13
264 110 48 6
251 90 48 10
461 101 48 11
523 24 48 13
247 135 48 11
181 269 48 20
228 3 48 11
198 377 48 17
309 350 48 10
64 272 48 9
326 535 48 20
282 301 48 7
327 214 48 7
483 189 48 17
190 497 48 19
133 192 48 15
321 481 48 3
49 132 48 18
482 502 48 15
349 19 48 6
371 344 48 8
503 79 48 17
238 467 48 14
74 402 48 9
543 45 48 18
52 177 48 18
438 12 48 4
279 61 48 20
497 57 48 14
32 405 48 15
385 229 48 7
241 184 48 16
458 421 48 11
342 10 48 7
537 5 48 3
135 56 48 10
533 493 48 11
379 224 48 17
295 236 48 16
227 329 48 4
177 167 48 7
470 469 48 12
419 441 48 18
286 235 48 10
8 225 48 17
383 421 48 9
449 468 48 8
527 299 48 20
179 46 48 3
435 334 48 11
64 510 48 20
467 495 48 10
22 366 48 17
59 104 48 8
167 174 48 10
217 71 48 1
384 520 48 10
11 14 48 20
470 192 48 4
71 80 48 13
62 205 48 7
219 124 48 19
359 207 48 17
392 327 48 15
175 493 48 20
244 224 48 2
248 60 48 13
172 132 48 4
333 55 48 3
116 187 48 18
232 248 48 12
311 528 48 4
337 339 48 4
243 245 48 19
315 482 48 8
12 240 48 1
389 488 48 4
191 112 48 18
6 506 48 1
75 136 48 16
222 368 48 17
89 131 48 11
79 530 48 19
337 287 48 5
437 116 48 9
483 190 48 12
143 31 48 9
533 284 48 5
508 289 48 1
52 363 48 18
391 100 48 2
492 250 48 11
511 390 48 10
383 241 48 11
500 131 48 18
65 66 48 13
417 270 48 13
224 255 48 7
205 278 48 2
144 391 48 15
218 297 48 5
113 241 48 3
262 205 48 4
331 102 48 12
263 116 48 16
311 243 48 12
1 174 48 16
331 460 48 19
396 117 48 19
265 260 48 20
12 539 48 4
404 166 48 11
499 427 48 20
497 210 48 9
189 535 48 5
11 298 48 6
507 361 48 15
178 206 48 11
166 116 48 11
492 381 48 3
115 392 48 4
96 248 48 9
318 261 48 6
320 273 48 18
424 523 48 14
97 534 48 15
11 8 48 14
161 248 48 15
223 475 48 13
401 419 48 20
415 49 48 15
359 144 48 10
468 523 48 9
518 358 48 10
231 234 48 12
540 330 48 3
115 403 48 6
111 78 48 3
313 301 48 5
83 216 48 10
233 84 48 2
351 504 48 12
169 486 48 1
248 456 48 10
176 202 48 19
18 256 48 3
516 370 48 17
475 543 48 19
134 308 48 10
329 390 48 20
396 137 48 12
510 487 48 9
283 108 48 3
94 418 48 16
323 108 48 20
177 187 48 16
423 156 48 4
38 145 48 16
278 341 48 7
271 122 48 1
57 517 48 17
472 542 48 9
359 277 48 6
183 432 48 17
525 208 48 7
521 446 48 2
288 321 48 18
486 421 48 4
70 151 48 17
23 484 48 13
427 540 48 7
420 526 48 7
414 337 48 16
92 35 48 4
126 12 48 11
391 48 48 19
233 397 48 16
293 335 48 5
497 466 48 20
494 3 48 7
127 429 48 13
277 363 48 10
421 291 48 9
357 382 48 2
239 22 48 8
328 412 48 5
315 160 48 9
138 452 48 7
381 401 48 14
290 409 48 16
134 535 48 17
95 327 48 13
519 262 48 12
309 71 48 7
134 371 48 12
517 151 48 19
524 466 48 11
380 118 48 9
23 499 48 4
193 241 48 12
427 436 48 10
542 530 48 11
534 16 48 13
331 387 48 13
24 520 48 4
348 4 48 6
52 527 48 20
399 421 48 1
166 443 48 6
456 150 48 14
546 29 48 4
200 23 48 7
180 71 48 6
359 463 48 8
186 1 48 7
384 349 48 14
247 462 48 1
90 313 48 8
535 540 48 13
509 449 48 17
175 509 48 7
401 161 48 11
63 340 48 1
349 213 48 16
474 461 48 18
86 297 48 7
248 58 48 13
513 147 48 7
42 196 48 20
137 157 48 5
319 394 48 13
44 247 48 17
400 309 48 7
279 110 48 8
135 98 48 11
538 183 48 12
258 492 48 16
438 519 48 6
446 75 48 10
509 211 48 19
472 44 48 13
459 87 48 7
120 486 48 1
121 279 48 6
396 413 48 11
99 466 48 4
98 176 48 20
216 128 48 17
480 89 48 16
392 50 48 19
523 36 48 12
15 9 48 3
301 129 48 4
348 311 48 13
19 159 48 11
397 319 48 2
473 416 48 5
493 84 48 20
546 78 48 10
65 531 48 10
466 22 48 1
301 36 48 2
346 336 48 3
330 198 48 2
46 279 48 6
298 128 48 5
468 53 48 2
266 545 48 12
253 544 48 20
329 123 48 8
515 103 48 5
190 403 48 19
483 202 48 14
294 46 48 16
478 91 48 4
272 450 48 20
447 370 48 14
489 150 48 11
130 403 48 6
394 246 48 6
157 275 48 11
488 527 48 2
370 462 48 11
102 208 48 5
31 138 48 15
177 472 48 5
27 371 48 2
476 312 48 8
376 441 48 17
396 350 48 15
539 21 48 19
299 24 48 2
461 455 48 17
340 9 48 3
202 39 48 16
278 277 48 3
319 303 48 16
183 294 48 1
196 122 48 16
126 33 48 14
301 24 48 2
265 322 48 7
209 297 48 16
66 89 48 6
193 290 48 12
458 83 48 19
223 401 48 8
297 98 48 14
259 293 48 19
114 418 48 7
381 233 48 16
183 498 48 16
8 221 48 8
349 286 48 16
151 541 48 14
53 513 48 10
294 188 48 8
353 546 48 20
95 257 48 15
83 371 48 19
103 266 48 12
146 510 48 7
87 32 48 14
263 380 48 5
42 45 48 15
110 97 48 11
323 453 48 8
513 258 48 8
191 414 48 5
162 497 48 5
66 52 48 2
202 260 48 17
350 346 48 8
233 123 48 2
401 164 48 12
78 336 48 9
266 173 48 16
95 138 48 12
532 328 48 19
69 5 48 6
100 70 48 3
458 333 48 6
231 197 48 18
520 429 48 1
218 282 48 8
445 359 48 7
283 78 48 4
27 234 48 18
27 218 48 20
441 348 48 13
319 509 48 19
249 419 48 9
499 102 48 9
63 136 48 4
359 353 48 11
271 250 48 3
518 48 48 4
390 74 48 13
461 100 48 4
312 541 48 7
230 374 48 16
278 75 48 6
112 89 48 11
141 213 48 20
114 24 48 16
430 294 48 20
72 326 48 11
339 230 48 17
354 143 48 1
101 517 48 18
196 261 48 9
253 538 48 15
181 102 48 3
272 305 48 2
14 480 48 11
171 362 48 11
92 495 48 6
545 286 48 13
39 154 48 19
179 317 48 13
375 512 48 11
335 217 48 4
493 459 48 15
255 184 48 10
229 259 48 20
350 491 48 19
218 35 48 10
474 32 48 7
350 132 48 4
430 311 48 3
542 138 48 14
366 534 48 2
181 541 48 14
160 310 48 2
504 538 48 17
234 403 48 13
324 73 48 3
424 546 48 7
325 410 48 15
441 355 48 2
326 349 48 2
175 229 48 3
241 472 48 11
281 84 48 10
503 102 48 11
499 335 48 6
501 174 48 17
537 112 48 8
57 498 48 13
318 391 48 1
404 169 48 17
142 344 48 11
475 99 48 19
255 379 48 7
406 397 48 5
547 410 48 15
59 363 48 17
190 352 48 20
381 471 48 13
497 303 48 1
358 222 48 8
144 363 48 17
97 353 48 1
35 122 48 12
119 527 48 13
304 41 48 12
276 161 48 12
484 412 48 5
318 308 48 12
40 257 48 3
215 130 48 4
74 273 48 8
275 431 48 8
152 466 48 3
408 99 48 6
27 402 48 7
541 130 48 13
448 128 48 10
159 445 48 7
340 547 48 8
338 214 48 20
496 287 48 3
46 77 48 9
495 228 48 15
33 150 48 20
97 177 48 20
263 232 48 9
43 132 48 9
297 290 48 13
248 144 48 19
33 482 48 19
494 492 48 7
134 537 48 17
266 546 48 17
378 31 48 17
41 127 48 3
105 389 48 18
360 494 48 12
258 243 48 15
539 5 48 16
333 100 48 7
341 46 48 15
151 241 48 19
98 506 48 14
273 398 48 14
51 500 48 16
4 119 48 15
189 541 48 2
21 251 48 11
204 304 48 8
530 90 48 1
244 492 48 13
510 157 48 13
219 255 48 3
534 527 48 3
271 30 48 18
257 96 48 1
85 346 48 6
468 428 48 13
61 84 48 1
268 129 48 2
26 434 48 18
377 396 48 2
422 129 48 4
487 116 48 12
464 448 48 9
394 157 48 19
505 242 48 11
546 224 48 19
353 285 48 15
526 5 48 9
240 30 48 4
446 469 48 6
262 343 48 19
393 344 48 11
19 322 48 20
222 231 48 1
519 188 48 1
130 248 48 1
231 116 48 14
353 94 48 16
118 333 48 3
378 232 48 16
424 8 48 19
176 462 48 14
528 481 48 4
295 155 48 17
157 188 48 14
383 380 48 4
286 63 48 16
473 477 48 2
117 109 48 8
400 486 48 18
118 424 48 14
179 53 48 15
97 95 48 9
399 390 48 8
322 61 48 11
494 443 48 19
367 182 48 11
354 107 48 1
497 286 48 1
487 200 48 2
161 317 48 9
451 10 48 5
108 169 48 8
308 20 48 8
114 342 48 18
232 288 48 10
182 169 48 5
256 38 48 4
321 534 48 17
9 535 48 3
182 148 48 1
294 51 48 19
457 158 48 1
230 465 48 10
330 94 48 15
5 325 48 9
185 22 48 14
545 339 48 11
527 175 48 17
247 183 48 7
166 365 48 2
526 111 48 19
286 82 48 5
276 312 48 7
285 156 48 14
89 223 48 20
242 407 48 2
78 466 48 18
499 446 48 13
420 145 48 19
329 373 48 4
446 351 48 17
5 151 48 18
392 426 48 11
149 163 48 19
547 313 48 6
299 69 48 6
72 209 48 11
245 160 48 9
531 94 48 12
29 484 48 17
438 383 48 1
472 449 48 18
40 293 48 4
529 441 48 4
79 502 48 2
460 315 48 16
153 386 48 13
373 146 48 3
492 129 48 15
270 219 48 2
420 109 48 19
435 33 48 8
53 72 48 9
158 115 48 13
425 193 48 12
458 167 48 19
75 381 48 1
446 207 48 9
430 213 48 7
84 482 48 13
159 416 48 10
132 303 48 18
5 417 48 3
233 27 48 6
416 451 48 19
68 424 48 5
35 13 48 15
512 458 48 6
524 402 48 7
180 485 48 13
115 159 48 8
97 290 48 16
234 356 48 14
443 103 48 13
282 33 48 20
313 101 48 17
25 197 48 19
118 161 48 3
479 138 48 10
20 379 48 16
42 493 48 1
541 104 48 8
310 400 48 4
495 295 48 19
221 29 48 7
460 403 48 1
27 428 48 3
216 60 48 8
377 54 48 10
392 73 48 15
407 177 48 16
95 232 48 1
72 542 48 5
467 489 48 14
417 225 48 8
461 137 48 15
59 163 48 2
400 440 48 3
416 269 48 12
85 114 48 19
131 35 48 15
185 130 48 7
405 263 48 3
476 182 48 8
357 113 48 13
267 27 48 10
94 147 48 7
348 546 48 16
176 476 48 5
120 13 48 9
198 206 48 11
452 452 48 14
390 309 48 13
323 300 48 13
321 171 48 14
481 437 48 12
292 45 48 19
327 454 48 9
255 145 48 10
514 264 48 14
338 461 48 5
259 365 48 10
309 269 48 20
75 44 48 1
84 426 48 6
267 359 48 13
477 165 48 18
347 7 48 4
278 261 48 11
137 289 48 2
8 80 48 19
147 338 48 4
128 162 48 4
541 236 48 12
160 381 48 17
496 100 48 1
298 91 48 7
83 438 48 20
384 168 48 7
343 304 48 14
19 373 48 20
154 519 48 15
231 161 48 13
29 155 48 18
417 314 48 2
199 324 48 11
340 74 48 7
160 219 48 2
48 117 48 4
196 459 48 14
148 477 48 6
179 146 48 7
63 376 48 16
169 404 48 3
511 335 48 9
200 534 48 3
474 388 48 13
354 62 48 13
123 109 48 2
122 366 48 3
547 514 48 20
189 207 48 13
412 331 48 13
248 500 48 19
238 525 48 3
56 177 48 20
197 166 48 11
473 519 48 6
421 156 48 12
484 339 48 15
521 339 48 13
3 42 48 5
176 453 48 12
240 215 48 12
221 514 48 10
537 84 48 12
416 342 48 15
73 268 48 10
462 203 48 6
412 139 48 12
243 175 48 16
39 239 48 19
166 476 48 13
15 168 48 7
424 451 48 13
326 440 48 17
404 309 48 15
162 443 48 10
438 420 48 3
384 284 48 7
122 526 48 17
260 80 48 12
440 245 48 17
40 321 48 15
463 260 48 6
306 38 48 4
233 503 48 7
16 117 48 5
66 7 48 8
318 452 48 7
223 89 48 15
365 348 48 18
259 302 48 8
20 403 48 11
11 319 48 16
451 77 48 4
299 371 48 18
32 386 48 4
146 513 48 19
193 283 48 1
39 21 48 12
411 385 48 19
376 158 48 2
101 178 48 11
147 250 48 6
513 215 48 11
308 514 48 1
119 545 48 20
109 205 48 11
104 460 48 2
4 498 48 14
54 423 48 8
514 314 48 3
181 414 48 20
250 75 48 17
153 41 48 20
194 410 48 11
58 43 48 16
370 151 48 13
101 255 48 20
176 320 48 3
271 436 48 18
265 402 48 13
416 35 48 7
198 346 48 20
290 498 48 10
50 144 48 9
385 202 48 10
171 24 48 14
285 186 48 2
311 361 48 2
349 84 48 2
325 348 48 16
67 217 48 9
223 476 48 20
515 218 48 5
300 330 48 20
9 167 48 12
307 399 48 12
209 198 48 12
489 508 48 3
542 372 48 12
482 211 48 12
277 278 48 19
167 500 48 16
465 467 48 16
105 281 48 5
12 289 48 9
120 48 48 1
313 319 48 19
207 260 48 4
462 254 48 1
253 189 48 7
391 527 48 3
261 208 48 19
58 126 48 14
135 292 48 17
541 303 48 8
82 484 48 9
21 311 48 20
157 33 48 6
316 494 48 10
361 199 48 12
70 104 48 8
55 364 48 10
117 484 48 14
97 133 48 20
420 189 48 15
483 332 48 10
47 352 48 1
538 23 48 6
257 401 48 20
229 214 48 6
451 345 48 3
167 462 48 15
90 31 48 16
201 189 48 13
55 61 48 19
274 544 48 6
490 43 48 14
532 96 48 10
544 352 48 12
17 33 48 16
297 545 48 6
134 226 48 19
334 377 48 6
47 30 48 12
439 147 48 7
535 482 48 5
352 424 48 18
36 471 48 6
351 529 48 18
519 546 48 11
415 357 48 8
109 490 48 16
264 276 48 17
511 384 48 15
400 276 48 19
349 263 48 15
294 129 48 5
405 226 48 8
3 91 48 1
75 62 48 16
180 539 48 18
343 162 48 12
185 488 48 2
465 451 48 13
227 303 48 11
136 166 48 2
40 459 48 8
368 317 48 17
134 381 48 4
429 455 48 18
236 149 48 8
338 492 48 7
445 191 48 4
342 108 48 16
137 334 48 4
208 531 48 16
55 24 48 18
31 453 48 6
295 40 48 6
102 530 48 19
517 218 48 5
501 71 48 2
37 515 48 14
122 371 48 9
110 22 48 13
463 229 48 6
435 284 48 9
380 376 48 10
94 123 48 9
250 224 48 6
375 256 48 1
40 209 48 18
258 307 48 1
181 428 48 11
211 537 48 20
90 515 48 20
499 402 48 15
384 234 48 20
236 389 48 17
190 91 48 7
125 465 48 1
278 20 48 14
501 339 48 8
206 520 48 2
343 245 48 16
502 334 48 12
404 285 48 10
42 183 48 15
117 419 48 16
377 123 48 10
314 247 48 3
20 525 48 4
544 540 48 6
279 199 48 17
504 56 48 13
171 72 48 4
352 475 48 17
449 31 48 10
294 210 48 15
527 39 48 1
303 414 48 17
543 496 48 12
318 7 48 3
431 285 48 9
31 241 48 4
484 473 48 5
115 339 48 1
155 302 48 12
377 48 48 4
470 27 48 17
200 329 48 19
238 387 48 17
254 219 48 9
262 164 48 2
530 256 48 19
306 192 48 13
154 369 48 9
539 523 48 14
469 352 48 16
61 336 48 16
238 50 48 9
344 287 48 16
460 540 48 1
520 254 48 1
380 298 48 4
57 57 48 14
144 272 48 3
85 325 48 11
266 308 48 7
9 368 48 5
387 121 48 9
547 464 48 16
61 377 48 8
402 411 48 17
297 305 48 1
509 361 48 5
428 20 48 17
105 104 48 16
429 431 48 15
9 439 48 7
472 341 48 2
498 402 48 18
202 525 48 10
23 379 48 18
97 191 48 13
468 152 48 15
411 94 48 6
78 199 48 18
193 80 48 11
7 88 48 14
189 74 48 1
5 25 48 12
347 288 48 3
518 310 48 14
68 406 48 16
531 389 48 4
322 252 48 13
71 391 48 16
47 36 48 4
391 43 48 3
142 293 48 19
233 359 48 3
241 159 48 18
163 129 48 17
526 258 48 2
532 241 48 15
143 78 48 12
456 148 48 1
482 256 48 10
40 99 48 8
356 241 48 18
137 535 48 9
66 228 48 3
283 453 48 17
262 431 48 7
223 416 48 11
511 73 48 2
17 43 48 18
461 524 48 16
393 78 48 6
429 433 48 14
272 85 48 20
473 150 48 14
286 494 48 20
289 270 48 15
2 493 48 13
80 518 48 10
173 534 48 18
537 509 48 16
547 354 48 15
171 297 48 1
96 21 48 1
9 494 48 1
212 232 48 17
381 520 48 11
434 36 48 19
479 178 48 20
49 350 48 17
270 402 48 12
467 401 48 4
256 86 48 2
540 182 48 13
298 190 48 11
330 463 48 6
309 297 48 14
10 245 48 2
203 177 48 15
428 225 48 18
154 495 48 5
327 476 48 11
369 185 48 20
160 239 48 11
33 536 48 19
462 381 48 12
27 142 48 19
174 213 48 14
418 477 48 20
292 357 48 18
30 510 48 6
170 352 48 19
225 173 48 14
303 394 48 12
140 488 48 5
104 402 48 6
107 491 48 19
407 179 48 10
404 111 48 13
92 402 48 19
66 493 48 9
535 115 48 1
447 401 48 11
58 157 48 20
454 296 48 20
353 461 48 7
86 82 48 5
21 488 48 16
169 406 48 5
245 12 48 6
193 78 48 16
103 127 48 5
426 88 48 1
374 145 48 17
230 113 48 3
88 465 48 9
410 3 48 19
128 24 48 6
86 254 48 9
154 498 48 9
76 143 48 1
6 307 48 6
112 247 48 10
71 73 48 18
249 364 48 17
236 514 48 8
199 438 48 19
243 81 48 18
227 166 48 10
132 320 48 12
49 457 48 17
104 524 48 15
286 88 48 4
7 221 48 8
482 531 48 4
521 219 48 13
540 417 48 17
15 174 48 15
121 463 48 14
481 47 48 3
306 157 48 15
335 323 48 20
124 123 48 12
160 129 48 2
392 125 48 11
440 161 48 13
517 153 48 18
484 167 48 2
531 350 48 4
258 283 48 4
305 41 48 9
323 375 48 1
317 14 48 17
523 235 48 7
340 79 48 19
202 518 48 19
283 2 48 18
295 485 48 1
542 530 48 19
96 241 48 13
305 60 48 2
247 382 48 19
450 213 48 5
289 189 48 16
319 43 48 11
474 245 48 1
303 42 48 12
285 398 48 18
11 392 48 7
23 2 48 3
380 368 48 17
291 68 48 15
92 32 48 20
453 320 48 12
501 92 48 12
80 80 48 13
239 382 48 8
399 182 48 2
11 254 48 20
91 276 48 7
473 170 48 12
429 523 48 9
219 129 48 6
222 35 48 4
474 535 48 8
284 68 48 17
400 368 48 13
10 219 48 14
79 291 48 20
55 382 48 2
32 369 48 11
438 251 48 2
365 469 48 13
384 205 48 19
238 194 48 7
183 539 48 20
269 392 48 18
252 463 48 20
415 542 48 16
347 49 48 11
69 142 48 11
507 32 48 1
436 458 48 7
493 357 48 19
99 47 48 18
239 292 48 19
509 13 48 5
51 326 48 11
421 256 48 3
534 55 48 20
543 123 48 8
435 144 48 3
93 32 48 12
219 39 48 2
64 199 48 8
165 438 48 20
257 399 48 10
193 511 48 8
106 384 48 6
14 432 48 16
93 489 48 7
314 377 48 13
19 469 48 17
305 202 48 9
339 265 48 9
481 491 48 6
367 200 48 8
327 454 48 8
66 13 48 11
60 88 48 6
108 242 48 13
340 8 48 13
169 88 48 11
91 393 48 1
51 246 48 13
272 179 48 6
383 60 48 8
407 448 48 9
395 514 48 14
281 26 48 2
51 196 48 20
310 535 48 1
460 156 48 13
531 246 48 1
256 359 48 18
308 83 48 3
303 466 48 15
12 387 48 4
175 234 48 20
412 514 48 16
251 18 48 4
332 327 48 6
420 302 48 9
110 285 48 11
131 56 48 19
458 363 48 5
479 180 48 3
11 253 48 12
53 490 48 18
61 416 48 5
157 120 48 9
447 451 48 10
240 385 48 13
189 494 48 8
507 139 48 18
89 112 48 12
300 43 48 7
492 115 48 10
38 230 48 14
302 290 48 20
48 508 48 20
358 470 48 18
25 162 48 14
477 412 48 8
182 371 48 18
489 459 48 20
126 274 48 5
4 280 48 3
197 317 48 6
331 133 48 5
334 243 48 14
518 53 48 10
58 77 48 10
44 69 48 1
39 250 48 3
234 192 48 8
540 379 48 2
403 383 48 15
380 32 48 10
102 362 48 9
113 211 48 3
146 181 48 12
102 239 48 7
219 344 48 19
262 444 48 19
191 130 48 13
94 184 48 12
269 39 48 13
239 481 48 14
524 35 48 12
395 147 48 7
508 354 48 6
251 455 48 9
70 188 48 9
504 512 48 15
155 217 48 6
60 310 48 3
405 94 48 16
38 332 48 5
311 308 48 11
398 218 48 2
273 240 48 12
266 490 48 1
74 12 48 12
225 30 48 4
335 247 48 11
90 368 48 14
28 225 48 13
66 262 48 11
38 25 48 13
43 484 48 8
319 271 48 6
339 536 48 9
328 62 48 17
443 349 48 14
37 136 48 12
395 287 48 3
515 314 48 10
243 380 48 13
364 479 48 17
307 521 48 6
468 354 48 5
321 145 48 1
178 473 48 4
47 430 48 4
8 467 48 15
152 376 48 13
179 405 48 2
491 162 48 20
518 525 48 20
83 346 48 4
194 328 48 15
29 101 48 14
461 341 48 11
469 449 48 13
279 456 48 18
286 123 48 5
94 301 48 3
154 306 48 16
170 276 48 6
117 421 48 5
100 67 48 14
374 157 48 16
369 132 48 13
228 54 48 9
31 394 48 8
362 194 48 15
521 287 48 4
52 503 48 5
229 187 48 1
507 304 48 18
36 403 48 13
440 291 48 17
398 112 48 8
272 401 48 16
533 493 48 5
218 369 48 13
24 404 48 20
131 455 48 20
58 198 48 12
260 157 48 18
398 193 48 10
55 85 48 18
477 544 48 11
484 269 48 17
121 316 48 2
151 533 48 1
374 10 48 12
461 202 48 11
502 259 48 3
245 33 48 7
291 492 48 14
192 546 48 1
507 538 48 17
325 536 48 5
58 110 48 1
345 260 48 6
454 149 48 17
482 62 48 6
355 78 48 1
487 323 48 10
229 66 48 16
225 320 48 9
244 279 48 19
321 118 48 1
119 237 48 13
294 97 48 19
393 3 48 12
78 484 48 15
449 353 48 16
46 355 48 9
285 36 48 7
468 261 48 16
164 19 48 9
398 401 48 11
73 34 48 16
466 327 48 8
86 235 48 7
464 312 48 6
355 214 48 5
386 321 48 8
254 58 48 13
126 40 48 12
440 204 48 6
486 54 48 7
103 126 48 15
18 106 48 2
514 253 48 18
42 231 48 7
54 101 48 1
543 1 48 16
229 255 48 11
13 442 48 11
181 334 48 18
367 273 48 10
406 437 48 19
540 454 48 17
392 482 48 3
54 523 48 7
28 92 48 9
277 87 48 12
300 377 48 15
504 452 48 17
138 85 48 13
523 514 48 16
475 372 48 4
68 365 48 16
374 271 48 19
386 386 48 20
144 414 48 3
1 143 48 17
406 504 48 9
33 460 48 12
39 113 48 5
441 150 48 20
20 77 48 7
98 206 48 17
143 33 48 19
123 480 48 7
140 76 48 10
310 139 48 4
81 544 48 6
228 30 48 4
342 130 48 10
55 23 48 13
281 105 48 15
393 264 48 13
323 468 48 9
37 43 48 13
137 244 48 14
165 6 48 10
398 148 48 12
40 438 48 17
203 232 48 1
541 348 48 6
480 143 48 2
496 50 48 13
233 372 48 14
63 471 48 17
311 122 48 7
150 349 48 12
126 199 48 6
161 300 48 11
287 502 48 18
543 10 48 3
274 490 48 13
233 438 48 19
455 185 48 16
112 248 48 16
359 73 48 5
303 284 48 11
314 410 48 10
534 85 48 19
36 372 48 1
377 367 48 7
34 155 48 12
441 387 48 18
351 356 48 11
148 467 48 2
414 341 48 11
317 96 48 5
21 471 48 12
532 457 48 3
248 7 48 19
466 446 48 16
208 541 48 15
439 434 48 5
75 300 48 18
505 447 48 12
150 313 48 10
353 145 48 11
354 165 48 6
279 212 48 20
288 459 48 5
122 439 48 9
383 99 48 7
252 52 48 7
21 189 48 16
208 146 48 5
314 296 48 14
275 163 48 14
393 31 48 7
434 309 48 3
446 49 48 4
465 232 48 17
444 68 48 2
416 319 48 20
337 339 48 10
9 61 48 14
190 374 48 12
136 163 48 15
226 8 48 11
57 441 48 3
38 340 48 13
54 319 48 1
446 278 48 13
390 208 48 16
448 59 48 10
146 130 48 10
52 319 48 5
253 454 48 18
131 194 48 5
39 250 48 5
317 349 48 8
97 402 48 18
108 363 48 16
248 267 48 8
159 229 48 19
470 437 48 18
233 488 48 9
494 256 48 17
370 386 48 15
315 487 48 10
154 256 48 15
394 352 48 3
468 521 48 5
271 221 48 18
344 379 48 7
538 302 48 12
251 49 48 6
345 57 48 5
406 488 48 11
114 256 48 5
195 409 48 13
77 256 48 17
423 176 48 15
37 508 48 5
465 367 48 8
27 357 48 7
25 122 48 3
25 528 48 19
281 387 48 18
437 15 48 19
47 209 48 2
459 347 48 15
253 223 48 7
506 259 48 14
9 238 48 6
437 264 48 10
197 350 48 3
5 375 48 19
478 170 48 5
345 121 48 16
529 229 48 9
90 140 48 14
452 455 48 10
505 413 48 5
33 483 48 3
536 434 48 12
301 83 48 5
249 87 48 17
178 18 48 12
493 424 48 4
399 406 48 5
513 495 48 20
427 461 48 4
15 480 48 4
471 512 48 4
71 15 48 3
543 315 48 9
270 17 48 14
434 256 48 18
281 264 48 18
249 115 48 15
444 81 48 11
294 507 48 20
51 36 48 2
344 507 48 20
510 92 48 1
78 87 48 4
213 418 48 1
11 366 48 18
374 100 48 14
66 348 48 16
287 306 48 5
455 115 48 6
536 165 48 17
3 24 48 1
44 533 48 5
161 63 48 8
45 337 48 14
8 348 48 13
226 174 48 15
160 301 48 16
208 40 48 8
399 494 48 3
1 544 48 4
186 547 48 13
392 105 48 5
142 327 48 4
102 371 48 16
418 378 48 20
5 118 48 1
300 277 48 8
395 547 48 3
310 460 48 20
340 522 48 7
534 223 48 16
266 67 48 7
530 271 48 20
372 372 48 10
66 304 48 19
106 370 48 2
382 122 48 6
472 31 48 5
117 403 48 4
316 195 48 12
512 181 48 2
160 508 48 18
36 490 48 3
238 377 48 12
264 442 48 16
182 547 48 1
279 443 48 7
168 430 48 7
56 61 48 10
465 376 48 10
302 341 48 2
422 15 48 18
62 113 48 15
34 350 48 3
440 128 48 2
55 371 48 7
39 103 48 16
269 270 48 3
530 388 48 11
160 367 48 11
470 121 48 14
536 543 48 3
16 119 48 19
47 153 48 17
454 45 48 12
208 161 48 20
23 199 48 16
281 530 48 5
483 27 48 10
198 186 48 18
351 170 48 2
358 159 48 2
380 236 48 7
514 282 48 16
451 188 48 16
515 395 48 10
464 479 48 11
516 213 48 4
352 210 48 8
90 470 48 12
194 335 48 19
481 145 48 1
216 525 48 8
132 491 48 2
261 394 48 1
435 423 48 14
221 340 48 19
268 370 48 4
297 236 48 19
414 325 48 17
108 518 48 17
33 452 48 4
178 182 48 13
11 375 48 2
187 89 48 18
65 38 48 2
337 258 48 16
55 41 48 16
48 399 48 14
188 266 48 11
374 435 48 8
285 529 48 15
340 159 48 9
435 231 48 3
411 417 48 2
295 481 48 17
117 332 48 14
340 448 48 2
385 495 48 16
118 197 48 16
237 23 48 1
327 369 48 13
382 162 48 4
72 49 48 9
199 521 48 13
475 330 48 4
304 509 48 11
390 301 48 1
516 139 48 20
8 256 48 16
313 493 48 7
19 334 48 19
254 168 48 6
99 302 48 1
237 500 48 5
243 489 48 19
183 307 48 13
30 149 48 14
325 179 48 16
21 187 48 4
522 499 48 9
498 517 48 18
358 223 48 18
379 384 48 8
510 73 48 11
129 315 48 20
78 12 48 13
49 42 48 13
259 366 48 11
122 448 48 13
241 422 48 7
428 435 48 1
340 307 48 5
481 139 48 9
376 163 48 6
223 354 48 4
135 493 48 4
354 541 48 11
175 253 48 1
174 436 48 15
421 191 48 6
72 72 48 2
239 411 48 5
206 344 48 19
9 234 48 4
431 456 48 5
74 105 48 12
399 459 48 10
156 148 48 7
402 383 48 6
64 256 48 8
148 327 48 12
180 80 48 16
519 286 48 1
449 356 48 14
119 240 48 17
79 375 48 1
47 226 48 19
8 443 48 3
283 297 48 15
446 361 48 19
253 23 48 17
193 202 48 14
543 174 48 5
204 137 48 18
36 255 48 11
447 396 48 15
478 442 48 5
419 511 48 15
23 308 48 14
8 268 48 15
249 521 48 20
330 228 48 6
429 224 48 2
390 427 48 10
160 525 48 8
168 424 48 6
66 416 48 7
188 288 48 20
206 310 48 11
35 379 48 18
286 80 48 7
12 410 48 9
486 353 48 4
102 258 48 20
401 417 48 13
469 99 48 11
324 164 48 16
196 414 48 17
94 72 48 17
236 168 48 2
161 453 48 12
59 526 48 6
247 526 48 5
110 142 48 18
462 542 48 14
244 464 48 4
450 302 48 1
39 12 48 3
524 105 48 4
224 403 48 1
302 16 48 16
522 137 48 8
57 445 48 7
7 69 48 1
213 531 48 1
289 289 48 17
40 191 48 15
501 291 48 13
282 267 48 12
195 490 48 1
276 307 48 1
323 281 48 19
411 400 48 3
477 406 48 1
137 133 48 19
401 421 48 1
96 522 48 11
154 476 48 2
224 210 48 16
460 404 48 15
66 194 48 2
234 32 48 12
54 442 48 9
379 371 48 18
288 22 48 8
180 423 48 6
423 33 48 13
309 187 48 11
547 410 48 14
505 384 48 14
530 449 48 6
313 197 48 3
439 312 48 4
417 206 48 7
315 493 48 13
346 188 48 1
312 63 48 19
252 433 48 6
183 432 48 2
322 452 48 18
380 496 48 18
85 261 48 11
429 153 48 18
121 22 48 11
244 399 48 14
389 197 48 4
471 23 48 2
101 274 48 18
463 518 48 17
203 293 48 15
325 125 48 6
473 271 48 4
270 153 48 11
378 273 48 7
207 516 48 18
43 420 48 3
66 343 48 15
213 443 48 19
307 421 48 4
285 76 48 5
230 462 48 19
184 387 48 18
337 109 48 18
157 2 48 6
61 208 48 9
362 312 48 18
313 377 48 5
285 104 48 18
46 410 48 17
325 147 48 8
410 438 48 4
73 137 48 20
7 473 48 20
154 145 48 3
89 267 48 7
539 81 48 1
376 393 48 8
8 193 48 17
145 300 48 17
155 139 48 17
302 2 48 10
364 136 48 3
265 204 48 11
398 420 48 15
533 508 48 2
389 14 48 1
10 389 48 8
6 458 48 4
168 56 48 19
129 272 48 18
361 27 48 16
484 390 48 19
257 169 48 18
503 81 48 1
408 66 48 6
32 517 48 1
346 526 48 3
505 46 48 16
309 213 48 2
474 404 48 5
231 217 48 3
536 215 48 12
492 534 48 19
42 489 48 19
73 412 48 20
126 505 48 3
192 303 48 1
161 322 48 9
102 83 48 9
99 72 48 4
367 302 48 14
176 291 48 10
374 297 48 13
255 400 48 5
216 472 48 1
305 112 48 10
363 365 48 15
399 525 48 13
481 141 48 17
290 239 48 19
17 58 48 4
22 295 48 10
242 183 48 16
448 499 48 11
173 168 48 7
308 534 48 9
463 350 48 9
374 201 48 9
121 196 48 4
12 485 48 9
522 16 48 14
239 38 48 15
370 279 48 13
188 242 48 20
467 476 48 13
123 236 48 3
499 152 48 1
145 40 48 11
377 222 48 8
202 233 48 14
266 207 48 10
450 507 48 15
443 391 48 6
9 93 48 14
136 12 48 20
492 196 48 8
288 209 48 4
494 415 48 2
354 244 48 14
410 508 48 1
465 288 48 8
50 190 48 12
220 147 48 20
183 218 48 1
449 353 48 15
96 360 48 18
40 100 48 12
198 46 48 15
394 462 48 17
327 324 48 3
492 303 48 13
378 414 48 19
348 86 48 9
100 330 48 2
491 293 48 1
470 388 48 19
36 490 48 10
420 140 48 15
186 533 48 3
195 374 48 2
227 318 48 9
546 211 48 1
507 11 48 14
192 172 48 15
32 177 48 7
287 100 48 19
353 197 48 20
34 69 48 5
369 316 48 8
133 511 48 1
158 190 48 18
62 188 48 5
317 209 48 13
173 401 48 3
421 432 48 17
352 233 48 7
185 101 48 14
508 134 48 8
484 17 48 5
446 211 48 20
297 430 48 20
465 491 48 5
420 260 48 9
385 495 48 17
37 368 48 14
413 172 48 7
340 418 48 20
526 440 48 6
234 377 48 15
319 337 48 9
367 148 48 17
57 127 48 19
543 546 48 8
143 384 48 16
206 482 48 2
215 347 48 20
456 202 48 20
251 242 48 11
240 475 48 20
308 308 48 14
38 127 48 15
198 245 48 10
362 240 48 5
239 445 48 3
125 165 48 6
440 379 48 4
379 349 48 2
251 52 48 13
77 354 48 18
279 114 48 19
332 213 48 1
48 410 48 9
376 225 48 13
217 525 48 8
441 165 48 7
114 57 48 11
196 498 48 18
479 201 48 1
457 277 48 4
424 70 48 6
151 463 48 3
67 511 48 13
290 401 48 17
205 70 48 2
79 25 48 4
117 200 48 8
48 396 48 20
389 327 48 12
235 236 48 2
434 112 48 5
261 325 48 10
363 453 48 16
265 195 48 20
515 399 48 10
257 477 48 16
164 108 48 20
127 155 48 20
102 59 48 9
277 293 48 13
243 242 48 15
340 17 48 15
290 379 48 17
328 158 48 4
218 187 48 14
178 444 48 12
223 60 48 6
468 248 48 16
76 411 48 13
496 202 48 13
181 444 48 2
524 236 48 17
98 40 48 18
248 429 48 11
530 100 48 2
241 277 48 3
429 499 48 2
239 482 48 6
265 10 48 6
350 20 48 1
242 200 48 4
375 177 48 3
524 336 48 7
20 36 48 13
221 80 48 11
61 321 48 3
406 264 48 4
263 17 48 14
491 343 48 16
35 207 48 5
327 448 48 19
30 337 48 19
30 314 48 12
131 333 48 2
114 6 48 8
196 128 48 12
7 533 48 17
379 310 48 20
199 253 48 9
91 349 48 3
3 190 48 20
114 281 48 11
463 310 48 10
177 503 48 10
411 69 48 8
301 265 48 7
27 333 48 19
15 226 48 19
144 425 48 2
68 30 48 15
198 32 48 4
353 145 48 18
298 122 48 9
70 298 48 17
175 223 48 2
348 39 48 9
163 65 48 8
448 79 48 16
11 222 48 17
374 351 48 6
53 64 48 1
530 416 48 10
194 228 48 13
230 360 48 7
220 534 48 11
341 396 48 19
179 11 48 7
412 521 48 19
261 531 48 8
111 419 48 20
475 533 48 11
386 516 48 12
442 224 48 20
196 453 48 2
247 188 48 11
521 528 48 9
348 160 48 12
239 86 48 17
333 346 48 6
101 518 48 10
219 445 48 5
401 346 48 12
28 302 48 16
429 497 48 20
96 196 48 6
358 232 48 7
468 32 48 18
166 333 48 19
384 118 48 5
39 280 48 8
174 498 48 9
294 413 48 1
445 440 48 5
272 322 48 13
66 417 48 16
48 227 48 11
10 209 48 8
193 375 48 18
461 273 48 7
42 311 48 2
140 546 48 15
197 293 48 15
53 190 48 3
271 523 48 13
439 41 48 15
255 88 48 19
302 159 48 9
442 351 48 5
368 326 48 15
534 367 48 15
433 21 48 16
344 218 48 1
120 332 48 6
398 55 48 14
450 493 48 8
433 262 48 15
157 16 48 19
90 458 48 11
458 340 48 15
5 388 48 1
534 273 48 2
452 69 48 20
115 251 48 3
91 101 48 20
42 4 48 2
95 436 48 6
236 46 48 12
51 197 48 17
216 107 48 14
221 174 48 18
46 160 48 1
439 126 48 3
16 302 48 17
534 392 48 13
74 495 48 8
168 42 48 12
462 278 48 18
287 390 48 15
83 120 48 15
219 340 48 5
195 386 48 7
505 339 48 12
399 416 48 16
543 464 48 16
303 537 48 9
65 220 48 15
325 134 48 15
145 482 48 20
161 80 48 12
346 298 48 17
218 7 48 4
312 26 48 14
530 487 48 11
503 544 48 16
381 299 48 10
207 364 48 5
74 203 48 18
342 348 48 10
390 508 48 12
72 368 48 14
93 39 48 5
15 412 48 5
336 456 48 1
41 473 48 1
210 307 48 12
430 28 48 7
384 163 48 17
471 504 48 2
493 408 48 12
171 479 48 19
146 86 48 10
189 162 48 20
320 13 48 16
389 53 48 7
455 324 48 19
273 268 48 1
30 104 48 19
475 28 48 19
297 35 48 8
18 206 48 1
168 413 48 14
418 55 48 20
47 436 48 7
69 277 48 1
79 185 48 15
395 519 48 12
253 1 48 2
273 538 48 17
249 287 48 2
147 366 48 5
38 48 48 3
77 527 48 19
277 26 48 18
489 157 48 4
268 235 48 14
371 145 48 3
257 397 48 10
246 123 48 10
324 433 48 12
436 95 48 5
269 194 48 1
514 270 48 15
328 546 48 16
515 487 48 9
8 208 48 4
171 93 48 6
366 349 48 19
77 109 48 10
325 432 48 13
375 383 48 14
243 104 48 13
220 132 48 17
177 459 48 15
160 488 48 7
360 495 48 12
248 118 48 4
280 546 48 8
224 137 48 7
351 462 48 7
426 289 48 8
48 46 48 19
411 265 48 2
11 442 48 7
156 116 48 3
241 475 48 13
48 176 48 4
10 517 48 9
320 255 48 17
191 59 48 10
9 546 48 7
271 47 48 8
89 519 48 2
38 529 48 14
507 137 48 20
307 440 48 12
117 2 48 10
44 11 48 15
93 392 48 20
216 36 48 20
316 106 48 7
218 377 48 13
228 527 48 15
502 18 48 17
247 39 48 5
45 346 48 6
379 524 48 15
404 82 48 2
398 174 48 8
161 451 48 10
530 219 48 2
350 499 48 16
278 179 48 18
177 195 48 20
181 441 48 8
321 547 48 17
416 440 48 19
512 296 48 9
133 208 48 15
208 369 48 6
318 351 48 10
534 215 48 15
93 492 48 12
241 183 48 2
406 363 48 6
63 198 48 7
126 66 48 17
228 30 48 16
348 225 48 20
157 432 48 7
354 265 48 5
346 313 48 16
290 467 48 20
411 161 48 3
242 19 48 1
27 143 48 18
297 331 48 13
521 11 48 10
8 420 48 20
250 29 48 14
375 444 48 20
365 243 48 8
22 532 48 5
294 457 48 1
201 213 48 3
532 240 48 17
514 51 48 5
76 24 48 13
214 31 48 10
92 281 48 13
401 170 48 17
4 535 48 14
404 9 48 7
238 365 48 3
233 18 48 1
308 3 48 17
40 31 48 10
103 106 48 8
237 381 48 14
306 472 48 12
404 387 48 16
398 390 48 1
149 246 48 14
493 546 48 15
199 231 48 18
118 538 48 10
338 30 48 9
61 194 48 11
354 431 48 13
131 251 48 20
311 107 48 11
114 19 48 19
451 229 48 1
250 236 48 3
474 435 48 17
231 67 48 1
537 467 48 8
388 527 48 1
406 334 48 10
196 526 48 12
34 351 48 2
196 465 48 14
263 368 48 7
91 132 48 9
463 59 48 13
519 351 48 19
79 341 48 4
278 243 48 9
124 102 48 12
461 359 48 7
502 392 48 5
165 102 48 14
455 427 48 6
426 517 48 5
86 494 48 19
242 527 48 5
527 59 48 3
245 398 48 1
490 521 48 2
521 497 48 10
45 451 48 4
529 130 48 19
320 37 48 20
479 525 48 12
285 63 48 17
148 367 48 5
424 408 48 7
493 105 48 10
258 48 48 8
185 83 48 9
409 190 48 16
538 171 48 12
222 490 48 12
394 484 48 12
535 221 48 12
76 430 48 11
143 307 48 12
392 252 48 6
429 24 48 14
502 209 48 7
524 132 48 14
27 184 48 16
206 468 48 10
421 314 48 2
129 302 48 16
446 439 48 11
97 96 48 2
155 487 48 3
441 368 48 4
228 385 48 9
159 423 48 8
279 449 48 4
84 107 48 8
440 43 48 19
186 171 48 19
213 131 48 5
185 227 48 9
463 443 48 9
446 336 48 6
514 16 48 8
305 174 48 11
227 514 48 1
332 50 48 15
358 490 48 11
212 190 48 13
429 464 48 4
537 164 48 6
255 79 48 18
459 524 48 9
483 5 48 10
407 309 48 1
268 535 48 5
515 382 48 19
446 192 48 14
357 465 48 3
438 408 48 10
164 397 48 20
116 104 48 10
25 15 48 8
270 12 48 15
45 480 48 5
540 262 48 11
517 230 48 18
59 190 48 5
89 547 48 10
433 499 48 15
146 116 48 4
22 293 48 5
523 318 48 18
31 40 48 9
29 84 48 8
459 138 48 15
329 170 48 1
34 228 48 20
538 378 48 15
475 263 48 6
271 408 48 19
464 491 48 7
274 467 48 20
161 497 48 6
121 40 48 18
13 13 48 17
229 342 48 6
189 437 48 8
277 489 48 4
425 478 48 2
40 202 48 9
317 180 48 6
340 515 48 13
132 128 48 17
26 310 48 6
2 385 48 2
178 66 48 9
38 255 48 4
125 46 48 20
105 532 48 1
409 25 48 11
26 341 48 13
196 133 48 4
285 327 48 20
386 352 48 11
103 415 48 15
317 108 48 18
388 145 48 9
409 332 48 3
434 436 48 11
452 297 48 9
123 322 48 15
36 33 48 9
401 317 48 17
408 217 48 9
240 319 48 10
456 151 48 9
191 538 48 3
241 461 48 6
337 410 48 14
417 376 48 12
36 498 48 16
542 48 48 4
87 448 48 20
20 371 48 7
304 125 48 16
518 34 48 15
291 224 48 5
209 464 48 9
520 315 48 19
172 246 48 15
120 281 48 20
452 276 48 5
330 424 48 7
525 444 48 4
452 262 48 6
150 232 48 20
60 523 48 15
22 246 48 20
444 281 48 16
306 452 48 19
480 25 48 11
182 538 48 4
479 320 48 6
191 360 48 20
273 264 48 10
541 475 48 3
296 49 48 2
273 70 48 9
229 513 48 10
15 271 48 10
46 266 48 11
419 509 48 9
36 502 48 7
76 145 48 5
74 479 48 13
333 473 48 14
