300 42
112 57 85 8
24 21 85 20
105 4 85 8
39 84 85 13
69 66 85 12
49 37 85 19
84 99 85 7
37 91 85 19
110 156 85 16
52 50 85 3
29 162 85 8
129 137 85 14
173 69 85 4
159 107 85 17
95 127 85 6
67 127 85 11
134 37 85 2
73 73 85 19
139 9 85 11
120 12 85 19
68 40 85 12
72 169 85 16
1 120 85 20
105 105 85 11
120 26 85 9
153 93 85 14
1 5 85 7
120 77 85 8
109 167 85 16
33 114 85 17
54 8 85 8
140 32 85 11
16 32 85 14
134 88 85 16
88 160 85 1
169 91 85 1
156 91 85 14
6 162 85 17
53 50 85 10
61 82 85 11
81 87 85 2
92 53 85 11
98 20 85 15
2 153 85 6
58 20 85 3
43 15 85 20
121 170 85 19
155 127 85 5
44 7 85 13
148 19 85 17
96 99 85 3
52 17 85 6
163 66 85 2
133 67 85 1
142 76 85 15
137 119 85 12
1 18 85 8
3 124 85 19
70 167 85 3
62 94 85 15
86 16 85 5
24 19 85 18
90 9 85 6
51 93 85 4
117 61 85 17
153 149 85 8
31 149 85 18
79 103 85 20
32 172 85 2
164 12 85 18
93 98 85 6
121 73 85 6
118 114 85 14
132 165 85 12
39 60 85 9
22 39 85 7
27 70 85 5
49 100 85 13
21 131 85 4
112 73 85 5
74 165 85 18
52 113 85 1
1 9 85 8
130 140 85 11
131 5 85 11
143 152 85 10
83 130 85 16
170 6 85 16
139 151 85 16
58 41 85 14
161 115 85 1
141 166 85 4
144 118 85 9
88 27 85 13
148 157 85 11
94 78 85 20
31 160 85 7
36 109 85 8
93 26 85 6
58 83 85 12
96 22 85 14
125 162 85 9
170 85 85 4
98 172 85 15
117 147 85 10
92 67 85 5
46 49 85 16
81 85 85 18
121 129 85 12
138 13 85 5
148 60 85 9
147 136 85 7
43 132 85 18
56 56 85 13
95 124 85 3
69 43 85 18
72 40 85 18
62 120 85 20
112 67 85 3
14 156 85 19
75 131 85 16
33 56 85 12
104 98 85 20
38 105 85 2
95 26 85 8
126 46 85 14
2 118 85 7
99 6 85 5
60 70 85 19
148 35 85 15
28 110 85 11
141 142 85 4
43 24 85 16
28 13 85 8
69 107 85 8
61 59 85 3
46 12 85 11
71 63 85 19
166 122 85 11
107 48 85 10
30 28 85 13
35 120 85 16
95 162 85 17
80 141 85 13
122 37 85 1
16 97 85 18
80 94 85 19
89 116 85 16
103 61 85 1
138 167 85 20
34 148 85 20
40 9 85 8
138 103 85 15
39 135 85 1
124 83 85 6
47 50 85 10
29 81 85 14
22 169 85 10
77 50 85 9
32 14 85 2
159 48 85 7
16 87 85 10
116 3 85 10
32 41 85 11
40 117 85 4
84 163 85 16
51 18 85 10
63 164 85 19
18 67 85 11
33 50 85 6
166 36 85 19
100 51 85 18
42 118 85 3
164 149 85 9
121 140 85 18
65 50 85 14
57 52 85 13
82 115 85 15
103 84 85 5
173 117 85 5
35 61 85 5
118 161 85 17
65 154 85 8
15 144 85 6
6 44 85 9
64 60 85 8
64 68 85 18
82 150 85 18
90 79 85 5
116 30 85 18
144 64 85 18
82 133 85 4
147 25 85 13
157 39 85 17
142 44 85 8
45 60 85 1
171 123 85 20
128 31 85 5
25 72 85 7
6 15 85 4
55 158 85 5
117 19 85 18
165 165 85 11
146 100 85 18
50 68 85 1
121 65 85 16
79 14 85 8
104 141 85 11
57 166 85 1
88 123 85 8
148 130 85 12
50 73 85 16
37 64 85 16
96 162 85 13
146 38 85 2
66 158 85 13
45 63 85 17
98 118 85 6
9 1 85 3
165 88 85 12
113 14 85 17
46 16 85 8
74 52 85 20
94 100 85 18
40 72 85 6
5 137 85 8
160 133 85 19
155 9 85 16
69 18 85 17
101 134 85 14
82 73 85 16
19 71 85 13
153 144 85 10
129 16 85 16
94 55 85 1
47 12 85 17
158 171 85 19
111 104 85 14
8 172 85 17
30 51 85 8
140 132 85 15
43 102 85 8
133 33 85 6
54 162 85 14
74 34 85 2
117 32 85 17
123 17 85 19
165 79 85 4
43 38 85 2
62 67 85 14
42 34 85 13
46 76 85 17
72 35 85 3
68 41 85 13
32 114 85 5
51 10 85 4
80 132 85 10
59 76 85 13
140 118 85 16
124 131 85 8
34 124 85 1
27 169 85 15
121 19 85 18
27 87 85 16
46 118 85 8
98 120 85 9
134 27 85 15
12 85 85 17
46 3 85 8
164 79 85 17
3 112 85 2
173 90 85 19
72 162 85 13
131 16 85 3
56 61 85 2
95 111 85 2
95 71 85 1
6 34 85 9
164 79 85 10
46 70 85 4
58 24 85 17
145 24 85 13
55 95 85 16
157 52 85 13
75 108 85 16
111 154 85 8
94 28 85 5
54 33 85 20
99 23 85 15
50 68 85 12
79 77 85 14
46 49 85 18
54 55 85 2
2 163 85 10
139 65 85 3
115 2 85 16
28 47 85 12
136 101 85 2
56 151 85 14
55 27 85 9
