3000 1000
77 196 36 10
377 392 36 18
110 91 36 1
71 210 36 1
333 25 36 4
413 526 36 1
128 157 36 15
396 439 36 10
461 318 36 4
324 311 36 16
140 387 36 12
385 217 36 16
113 388 36 14
94 459 36 6
207 306 36 16
214 171 36 20
226 361 36 15
377 209 36 8
523 184 36 17
11 22 36 20
21 223 36 15
165 123 36 6
216 235 36 2
418 390 36 11
283 49 36 3
296 324 36 3
225 64 36 19
372 441 36 3
473 416 36 12
344 488 36 10
41 508 36 15
186 188 36 17
547 465 36 17
325 335 36 15
15 132 36 3
9 427 36 5
236 166 36 20
276 53 36 16
524 525 36 2
532 384 36 13
76 424 36 5
390 62 36 8
278 123 36 14
525 509 36 4
66 523 36 5
203 532 36 14
240 282 36 12
278 11 36 12
334 49 36 5
257 34 36 8
245 109 36 4
193 498 36 7
390 291 36 14
504 330 36 7
467 395 36 7
77 112 36 10
114 351 36 18
440 144 36 20
209 477 36 10
79 248 36 12
333 7 36 3
462 199 36 20
168 41 36 1
119 544 36 2
517 526 36 2
344 55 36 10
216 230 36 4
432 122 36 6
49 330 36 20
262 409 36 19
22 256 36 17
500 170 36 16
444 399 36 9
130 518 36 15
208 487 36 19
133 345 36 17
169 76 36 13
71 507 36 20
178 9 36 19
214 332 36 16
75 415 36 10
427 430 36 17
492 326 36 10
51 517 36 8
216 177 36 5
420 371 36 18
70 55 36 6
12 187 36 18
75 365 36 4
467 93 36 14
298 167 36 19
321 108 36 2
91 53 36 6
260 165 36 20
398 442 36 8
53 315 36 13
53 384 36 11
127 457 36 1
223 531 36 17
389 513 36 18
401 263 36 5
281 98 36 16
104 189 36 13
253 448 36 20
433 360 36 9
304 413 36 9
546 465 36 8
357 44 36 20
355 329 36 14
231 232 36 2
262 86 36 11
522 428 36 19
342 531 36 13
276 298 36 7
374 183 36 16
367 2 36 17
127 547 36 19
395 357 36 16
510 226 36 16
123 456 36 6
249 233 36 12
89 207 36 20
27 1 36 4
215 276 36 20
365 102 36 1
266 531 36 13
93 172 36 20
447 19 36 1
297 43 36 12
537 166 36 14
399 414 36 11
409 502 36 4
298 44 36 20
233 320 36 15
466 138 36 16
396 465 36 12
265 10 36 3
195 456 36 7
544 267 36 13
23 256 36 5
20 170 36 9
249 93 36 3
199 390 36 6
149 138 36 6
374 56 36 4
278 451 36 20
102 230 36 2
160 486 36 10
237 544 36 9
418 82 36 4
155 163 36 3
367 474 36 18
110 125 36 8
382 336 36 9
488 162 36 8
246 501 36 1
468 56 36 20
214 277 36 5
478 28 36 7
462 445 36 7
154 114 36 14
77 542 36 13
30 105 36 11
496 1 36 8
6 3 36 10
179 248 36 11
318 230 36 16
200 443 36 7
21 374 36 13
448 288 36 4
470 503 36 18
108 94 36 1
281 185 36 6
32 133 36 3
117 200 36 13
426 379 36 11
142 211 36 20
521 410 36 13
145 493 36 8
344 455 36 17
502 439 36 3
226 547 36 8
7 342 36 1
377 373 36 2
324 490 36 6
211 368 36 6
407 24 36 14
285 545 36 18
59 204 36 17
267 547 36 14
216 501 36 19
243 242 36 6
364 248 36 7
121 140 36 3
11 463 36 19
163 127 36 8
207 533 36 19
462 271 36 5
94 391 36 20
218 110 36 19
311 387 36 3
233 83 36 16
279 446 36 10
119 19 36 3
331 92 36 9
1 316 36 15
100 522 36 7
222 436 36 5
404 529 36 1
242 261 36 15
141 24 36 14
541 319 36 2
150 112 36 10
492 230 36 19
487 75 36 1
398 137 36 2
497 236 36 11
35 520 36 19
451 438 36 17
226 132 36 3
48 334 36 16
256 328 36 12
62 539 36 4
374 483 36 2
220 485 36 17
157 397 36 2
471 347 36 14
213 443 36 10
452 408 36 11
125 86 36 20
183 195 36 3
203 451 36 7
55 27 36 3
81 462 36 19
335 135 36 11
179 353 36 15
160 277 36 8
500 489 36 17
265 393 36 14
467 32 36 5
315 215 36 10
496 479 36 16
520 48 36 16
535 128 36 20
547 525 36 17
497 156 36 11
358 377 36 20
80 391 36 18
244 108 36 3
330 27 36 4
502 403 36 2
384 352 36 13
230 386 36 12
103 373 36 12
437 434 36 13
420 445 36 15
208 255 36 1
335 334 36 2
402 30 36 13
377 422 36 10
507 376 36 6
304 274 36 14
32 504 36 13
478 59 36 5
505 10 36 20
24 491 36 2
246 213 36 15
421 547 36 16
439 402 36 3
18 293 36 11
295 314 36 16
365 70 36 6
363 163 36 2
199 93 36 15
469 51 36 20
140 74 36 1
194 381 36 1
18 316 36 18
237 208 36 3
547 287 36 18
185 34 36 6
198 460 36 20
546 337 36 20
304 535 36 10
181 518 36 12
68 111 36 18
506 366 36 16
63 445 36 4
105 196 36 17
124 196 36 11
498 380 36 10
90 92 36 17
299 152 36 11
122 517 36 18
100 151 36 8
128 280 36 6
292 238 36 13
413 301 36 10
240 467 36 18
337 105 36 18
173 117 36 5
104 207 36 14
495 505 36 10
191 141 36 8
421 241 36 13
136 430 36 13
509 236 36 12
215 101 36 19
427 403 36 7
226 192 36 7
282 426 36 19
170 44 36 2
273 539 36 3
466 244 36 2
143 117 36 11
517 252 36 1
138 275 36 19
543 4 36 10
155 431 36 11
356 171 36 10
115 453 36 5
538 137 36 10
72 410 36 20
173 390 36 18
476 47 36 17
534 16 36 20
474 153 36 14
103 210 36 9
442 364 36 16
88 235 36 12
535 349 36 5
250 339 36 3
71 411 36 8
492 98 36 9
62 88 36 17
357 136 36 4
419 124 36 2
208 289 36 3
124 245 36 16
471 332 36 1
441 319 36 12
378 84 36 10
451 216 36 10
449 223 36 14
350 346 36 15
298 156 36 15
322 89 36 3
14 358 36 8
462 481 36 12
241 404 36 17
255 359 36 14
70 189 36 18
285 155 36 18
426 118 36 10
178 529 36 7
80 341 36 8
116 116 36 13
276 191 36 7
239 105 36 10
384 345 36 15
438 114 36 7
263 245 36 20
233 45 36 15
480 470 36 4
403 100 36 3
186 179 36 6
124 357 36 11
212 85 36 16
48 386 36 15
488 284 36 3
238 174 36 2
347 436 36 5
159 183 36 11
187 178 36 1
394 33 36 13
35 280 36 20
17 403 36 18
176 129 36 1
463 176 36 15
431 178 36 3
197 416 36 3
138 215 36 18
323 435 36 7
6 136 36 6
219 529 36 17
532 78 36 6
54 95 36 12
416 270 36 7
378 248 36 9
240 131 36 7
324 389 36 8
96 526 36 10
303 364 36 12
208 431 36 20
352 102 36 17
528 149 36 18
436 264 36 7
261 132 36 18
214 25 36 7
404 264 36 8
287 102 36 2
522 197 36 16
2 15 36 13
462 284 36 12
88 89 36 17
241 69 36 1
472 505 36 3
312 280 36 13
484 9 36 18
355 412 36 16
419 151 36 11
387 188 36 11
333 251 36 19
157 227 36 13
473 314 36 13
343 8 36 7
424 479 36 13
220 244 36 2
210 180 36 7
286 49 36 8
141 468 36 13
97 369 36 20
311 154 36 19
540 372 36 13
505 359 36 3
11 154 36 4
194 92 36 13
397 374 36 1
332 98 36 5
337 384 36 12
206 39 36 20
288 197 36 11
72 507 36 12
106 499 36 15
429 518 36 11
456 528 36 8
490 237 36 16
517 86 36 8
303 479 36 16
329 268 36 10
404 473 36 17
461 276 36 15
277 409 36 7
370 30 36 14
287 458 36 10
77 366 36 13
21 370 36 3
56 401 36 4
526 156 36 9
484 547 36 16
403 403 36 9
359 317 36 15
512 108 36 9
139 478 36 2
326 279 36 18
484 418 36 7
138 438 36 12
27 8 36 2
64 533 36 4
31 531 36 16
266 386 36 1
488 198 36 1
438 224 36 14
249 424 36 16
152 202 36 1
511 139 36 18
204 338 36 7
327 426 36 11
366 489 36 9
14 35 36 20
207 362 36 11
318 302 36 1
260 192 36 5
248 502 36 9
289 168 36 18
124 194 36 14
376 459 36 9
518 238 36 14
182 119 36 15
378 132 36 14
11 400 36 14
29 233 36 15
368 492 36 3
383 254 36 7
274 543 36 7
428 181 36 14
236 10 36 6
442 527 36 3
465 224 36 17
7 54 36 12
129 64 36 15
66 154 36 11
365 521 36 16
309 356 36 6
331 144 36 10
458 87 36 8
294 384 36 8
40 278 36 8
86 258 36 11
312 264 36 13
60 454 36 4
270 519 36 8
164 399 36 3
3 222 36 7
158 5 36 6
307 524 36 11
152 332 36 15
6 372 36 11
449 519 36 19
20 284 36 18
192 405 36 1
428 127 36 11
332 353 36 13
209 417 36 2
442 27 36 4
396 396 36 9
435 547 36 20
373 68 36 13
41 516 36 10
28 535 36 16
340 180 36 18
11 122 36 17
263 515 36 5
366 176 36 1
205 133 36 5
48 528 36 4
415 477 36 13
81 302 36 10
118 404 36 15
188 493 36 10
57 285 36 16
330 358 36 8
306 135 36 13
88 16 36 6
286 220 36 4
25 268 36 5
160 197 36 19
418 277 36 2
134 456 36 2
427 96 36 15
160 214 36 4
135 58 36 11
354 364 36 18
479 451 36 16
294 251 36 18
179 275 36 8
168 496 36 6
86 366 36 11
368 499 36 15
22 440 36 20
230 53 36 20
175 249 36 18
540 55 36 17
492 533 36 14
397 279 36 9
98 519 36 10
67 201 36 10
293 349 36 3
311 231 36 8
298 252 36 9
381 481 36 9
193 171 36 11
62 163 36 7
356 107 36 4
68 18 36 5
92 115 36 11
390 243 36 20
152 51 36 17
342 423 36 15
483 173 36 9
31 69 36 11
179 261 36 6
27 384 36 16
54 254 36 2
5 383 36 7
358 474 36 13
197 378 36 6
237 45 36 1
78 386 36 12
212 321 36 10
50 351 36 9
430 44 36 5
434 133 36 11
114 186 36 19
510 252 36 6
375 62 36 16
355 321 36 14
155 72 36 18
4 150 36 2
276 423 36 5
235 472 36 16
262 416 36 2
2 364 36 19
249 540 36 9
140 502 36 18
537 329 36 4
313 199 36 16
466 353 36 5
179 418 36 8
276 146 36 11
147 380 36 18
492 94 36 16
333 157 36 5
307 405 36 6
528 59 36 20
391 48 36 18
378 360 36 19
200 341 36 13
94 519 36 20
198 247 36 5
178 455 36 3
143 461 36 16
39 309 36 10
237 68 36 13
488 48 36 5
147 500 36 5
134 393 36 6
381 107 36 3
495 262 36 17
479 460 36 18
62 152 36 5
25 356 36 3
143 395 36 8
417 146 36 3
64 86 36 12
317 232 36 12
70 427 36 15
306 260 36 12
274 269 36 14
274 201 36 2
36 262 36 10
253 348 36 16
445 490 36 14
398 422 36 9
480 547 36 10
124 316 36 18
267 447 36 8
318 206 36 4
475 541 36 16
346 267 36 17
192 365 36 3
250 70 36 3
117 29 36 18
440 488 36 4
423 482 36 17
492 58 36 15
307 386 36 20
63 156 36 7
79 145 36 2
426 491 36 2
363 197 36 3
77 446 36 2
201 78 36 13
267 517 36 3
269 393 36 14
270 399 36 9
40 220 36 3
319 282 36 8
317 423 36 17
309 301 36 5
20 178 36 13
157 317 36 15
425 517 36 13
174 236 36 12
472 504 36 1
219 288 36 9
508 328 36 5
150 161 36 9
10 477 36 11
15 238 36 19
24 319 36 13
230 475 36 12
334 414 36 10
30 102 36 16
242 26 36 13
362 244 36 10
394 266 36 12
99 478 36 7
85 2 36 13
493 16 36 17
169 40 36 18
22 331 36 20
192 117 36 14
392 208 36 6
281 449 36 16
249 263 36 19
443 172 36 13
479 270 36 10
190 354 36 1
378 361 36 13
256 529 36 12
514 65 36 2
215 318 36 9
392 163 36 5
61 505 36 2
426 206 36 11
488 164 36 2
331 95 36 11
165 285 36 18
1 115 36 1
462 432 36 2
414 460 36 2
150 190 36 3
125 34 36 8
246 156 36 20
330 34 36 16
191 37 36 12
224 429 36 11
525 108 36 20
86 109 36 3
68 23 36 8
32 498 36 1
122 162 36 12
529 287 36 7
5 47 36 11
46 438 36 7
355 81 36 10
280 366 36 20
300 344 36 7
180 491 36 14
237 73 36 2
177 104 36 18
30 287 36 1
134 269 36 10
333 335 36 14
140 380 36 2
43 250 36 8
528 529 36 15
410 343 36 16
461 523 36 17
73 212 36 14
316 388 36 14
509 480 36 4
317 66 36 4
473 461 36 5
128 53 36 19
220 95 36 20
455 138 36 11
23 62 36 8
481 37 36 5
397 109 36 1
385 424 36 11
539 385 36 16
433 217 36 11
109 142 36 1
58 270 36 8
510 4 36 20
117 458 36 17
252 542 36 19
183 475 36 12
89 386 36 9
330 224 36 15
412 215 36 15
425 162 36 10
81 271 36 1
197 390 36 12
366 352 36 12
206 530 36 2
183 234 36 14
283 417 36 17
419 505 36 5
178 350 36 13
422 214 36 18
503 153 36 2
316 296 36 18
270 492 36 6
493 372 36 12
234 30 36 7
433 212 36 14
80 9 36 19
263 489 36 18
284 181 36 12
44 55 36 11
80 73 36 15
277 388 36 1
198 110 36 1
84 55 36 8
322 350 36 15
541 236 36 4
447 377 36 19
284 154 36 5
79 499 36 12
284 542 36 12
94 74 36 2
180 351 36 4
499 63 36 6
277 146 36 3
427 529 36 6
122 523 36 9
28 484 36 13
489 283 36 6
407 361 36 13
506 97 36 17
174 252 36 5
461 431 36 1
41 444 36 3
339 236 36 16
206 177 36 13
422 298 36 11
327 325 36 3
122 329 36 8
71 250 36 3
456 208 36 4
412 443 36 20
380 418 36 7
275 458 36 3
232 311 36 6
397 31 36 19
58 453 36 7
241 294 36 15
422 415 36 4
339 485 36 6
130 455 36 6
18 320 36 13
220 214 36 14
367 4 36 10
472 235 36 20
266 146 36 4
298 203 36 13
18 443 36 15
125 318 36 11
13 171 36 1
151 300 36 19
73 380 36 8
437 114 36 8
63 480 36 8
271 466 36 2
304 246 36 12
367 543 36 4
336 14 36 18
112 200 36 6
365 213 36 15
71 425 36 12
231 12 36 7
225 448 36 12
432 26 36 13
158 296 36 4
118 114 36 20
223 480 36 9
46 330 36 11
374 504 36 12
471 383 36 10
254 453 36 7
398 198 36 16
312 422 36 13
401 369 36 20
422 526 36 10
423 158 36 2
185 442 36 4
490 488 36 15
260 376 36 15
292 361 36 2
51 67 36 19
296 526 36 14
5 290 36 16
162 205 36 2
343 141 36 3
397 79 36 8
501 263 36 1
115 205 36 16
59 527 36 11
505 333 36 3
302 446 36 20
5 194 36 3
514 261 36 8
350 484 36 16
70 341 36 13
314 190 36 13
231 206 36 11
42 320 36 13
340 378 36 8
528 336 36 15
529 152 36 8
112 156 36 5
221 122 36 20
134 534 36 18
313 56 36 10
24 431 36 3
422 114 36 1
51 155 36 7
431 9 36 1
305 536 36 4
26 518 36 9
131 144 36 16
491 364 36 20
79 12 36 6
150 325 36 19
14 410 36 10
68 285 36 9
389 397 36 6
483 342 36 18
407 161 36 9
243 186 36 20
168 378 36 2
311 383 36 11
29 461 36 20
341 125 36 18
224 139 36 1
475 268 36 4
354 172 36 6
450 107 36 15
8 28 36 10
101 270 36 17
288 437 36 13
9 263 36 12
218 291 36 7
377 146 36 13
374 369 36 13
234 358 36 17
440 227 36 8
10 191 36 5
406 198 36 8
477 360 36 8
187 100 36 17
336 171 36 11
320 388 36 1
218 279 36 5
303 168 36 20
525 463 36 17
530 418 36 7
159 427 36 3
503 348 36 8
327 277 36 8
482 525 36 12
42 313 36 16
348 148 36 18
522 427 36 11
294 182 36 11
11 222 36 2
86 266 36 16
387 425 36 2
394 442 36 1
51 222 36 14
129 156 36 3
369 197 36 6
294 60 36 8
60 96 36 7
166 451 36 6
501 461 36 19
266 547 36 2
449 448 36 5
511 294 36 12
373 406 36 11
26 50 36 13
266 418 36 13
272 227 36 15
424 286 36 19
518 513 36 1
247 528 36 1
320 308 36 18
50 209 36 6
266 172 36 13
439 59 36 12
285 147 36 4
287 412 36 12
63 136 36 10
444 75 36 8
374 107 36 16
268 353 36 4
14 126 36 9
430 237 36 4
138 18 36 12
263 456 36 15
184 255 36 5
217 542 36 8
120 119 36 19
311 15 36 16
240 450 36 5
196 171 36 5
194 246 36 13
499 129 36 10
466 328 36 5
182 43 36 5
503 226 36 17
485 504 36 12
393 76 36 15
437 386 36 16
70 140 36 19
419 397 36 3
26 43 36 20
367 57 36 20
459 37 36 16
22 218 36 4
101 173 36 4
435 172 36 10
278 18 36 15
239 516 36 10
215 101 36 4
155 519 36 18
265 544 36 9
73 425 36 8
10 336 36 14
335 419 36 12
156 520 36 6
264 407 36 2
328 138 36 10
530 376 36 16
86 105 36 8
328 321 36 10
419 100 36 18
68 173 36 4
320 244 36 18
124 31 36 3
83 248 36 17
338 26 36 20
218 354 36 10
115 398 36 5
43 545 36 2
8 387 36 17
7 259 36 10
63 388 36 15
544 223 36 16
390 346 36 20
45 490 36 12
282 280 36 1
378 498 36 10
126 127 36 5
249 169 36 14
54 239 36 14
180 245 36 1
405 369 36 15
255 427 36 12
410 269 36 9
110 314 36 5
58 110 36 10
94 487 36 4
482 65 36 16
236 375 36 7
535 429 36 11
188 61 36 2
99 465 36 9
459 234 36 5
10 158 36 17
452 329 36 1
352 449 36 13
531 542 36 4
175 476 36 11
7 227 36 15
70 276 36 4
371 463 36 15
369 14 36 1
251 534 36 16
12 543 36 7
103 510 36 13
508 314 36 18
536 359 36 2
504 533 36 7
50 54 36 4
33 124 36 11
444 494 36 17
430 378 36 6
395 143 36 20
46 216 36 16
525 318 36 1
177 340 36 8
338 329 36 10
494 347 36 10
93 458 36 15
465 491 36 12
18 387 36 11
33 270 36 8
185 117 36 8
323 225 36 19
519 264 36 13
130 502 36 8
54 293 36 3
398 301 36 14
242 393 36 11
140 372 36 1
222 389 36 7
313 483 36 6
296 182 36 18
421 504 36 19
214 476 36 19
387 58 36 9
414 174 36 20
222 86 36 5
438 328 36 10
17 529 36 10
87 265 36 7
58 93 36 5
298 388 36 13
169 262 36 3
327 537 36 17
201 376 36 19
29 242 36 5
212 525 36 8
147 415 36 8
537 494 36 8
203 95 36 3
320 152 36 12
433 511 36 14
181 194 36 19
432 520 36 5
126 235 36 14
424 264 36 7
411 475 36 16
483 74 36 4
397 63 36 3
230 328 36 1
451 100 36 8
156 47 36 9
310 227 36 10
178 111 36 12
97 298 36 15
454 237 36 18
21 162 36 5
112 97 36 16
132 8 36 6
99 299 36 11
221 202 36 10
10 357 36 7
370 119 36 8
315 358 36 5
357 517 36 8
24 485 36 2
16 505 36 16
482 131 36 9
536 263 36 8
168 423 36 12
65 158 36 3
185 229 36 6
352 52 36 20
136 428 36 1
154 237 36 20
470 322 36 10
537 399 36 3
156 395 36 12
542 384 36 6
388 4 36 15
470 131 36 16
269 377 36 3
424 181 36 18
212 316 36 2
358 532 36 17
50 516 36 19
165 506 36 3
299 176 36 7
78 233 36 17
120 73 36 6
98 58 36 1
234 326 36 19
52 264 36 17
467 475 36 16
278 348 36 11
388 397 36 17
272 76 36 20
69 436 36 3
199 514 36 17
289 86 36 1
383 245 36 15
59 479 36 13
174 530 36 12
470 511 36 4
49 304 36 8
159 144 36 3
299 477 36 20
398 60 36 11
187 259 36 9
208 62 36 11
301 444 36 12
514 503 36 18
442 191 36 8
149 113 36 15
392 161 36 9
435 381 36 10
451 133 36 16
481 45 36 10
400 293 36 9
346 15 36 9
378 315 36 9
169 281 36 20
438 238 36 20
204 448 36 11
542 354 36 6
28 303 36 17
327 206 36 3
71 140 36 4
359 54 36 2
482 399 36 9
119 291 36 9
200 521 36 14
236 473 36 15
525 191 36 16
441 186 36 20
517 275 36 18
489 54 36 8
108 186 36 2
318 59 36 14
335 540 36 9
366 174 36 12
227 373 36 4
430 124 36 4
385 163 36 9
240 56 36 4
510 25 36 10
535 29 36 8
218 136 36 15
103 516 36 10
102 365 36 15
438 246 36 17
95 472 36 16
272 416 36 16
374 253 36 4
120 7 36 2
51 31 36 8
256 80 36 17
30 359 36 15
51 461 36 14
68 78 36 19
140 30 36 17
447 124 36 9
33 395 36 20
288 222 36 4
159 341 36 8
84 454 36 11
158 162 36 2
198 253 36 8
436 365 36 4
156 433 36 2
179 87 36 2
509 49 36 17
278 81 36 12
524 368 36 8
475 41 36 17
494 187 36 9
543 344 36 5
186 57 36 14
126 492 36 8
103 100 36 10
95 341 36 2
178 364 36 3
323 157 36 1
378 133 36 19
168 61 36 2
361 7 36 2
398 65 36 18
174 312 36 15
202 437 36 7
47 539 36 12
449 148 36 7
328 326 36 8
317 163 36 20
386 55 36 18
337 223 36 16
391 98 36 13
22 496 36 20
59 184 36 18
213 385 36 5
250 493 36 6
510 394 36 20
16 236 36 14
494 67 36 12
35 514 36 16
317 304 36 7
50 209 36 1
460 293 36 17
450 351 36 20
142 78 36 15
394 327 36 9
91 351 36 1
545 428 36 6
229 437 36 16
76 533 36 1
525 302 36 1
225 413 36 17
508 325 36 1
316 289 36 11
245 492 36 1
73 339 36 11
456 429 36 2
200 426 36 10
241 170 36 5
287 245 36 19
362 284 36 5
192 509 36 2
293 531 36 14
77 300 36 2
335 59 36 13
62 194 36 13
239 164 36 19
219 363 36 9
80 118 36 18
439 405 36 17
236 219 36 4
396 472 36 3
359 218 36 10
162 356 36 16
315 144 36 4
350 205 36 9
239 505 36 19
9 176 36 6
328 318 36 16
208 271 36 15
394 22 36 4
316 417 36 3
262 229 36 13
191 452 36 2
481 219 36 11
282 21 36 13
277 321 36 18
372 329 36 19
407 172 36 14
12 379 36 11
21 287 36 19
372 117 36 18
38 378 36 2
46 83 36 8
347 78 36 13
244 360 36 14
469 89 36 2
104 522 36 9
461 443 36 14
42 454 36 11
502 536 36 4
436 360 36 12
239 460 36 3
333 505 36 12
392 366 36 20
61 124 36 1
421 45 36 12
7 148 36 7
531 61 36 1
132 164 36 19
173 180 36 1
500 68 36 16
459 369 36 8
248 216 36 13
181 60 36 20
130 182 36 11
15 117 36 10
473 186 36 2
421 169 36 10
326 363 36 6
137 50 36 2
484 3 36 14
159 523 36 5
354 223 36 4
22 403 36 11
539 48 36 1
148 62 36 17
347 50 36 3
209 532 36 19
193 310 36 7
340 446 36 13
120 445 36 15
30 56 36 17
307 471 36 1
253 492 36 2
320 546 36 8
83 146 36 11
448 7 36 13
513 215 36 1
200 469 36 7
310 262 36 17
470 443 36 16
147 472 36 19
346 294 36 14
282 61 36 16
74 380 36 14
459 524 36 2
421 425 36 18
432 452 36 6
365 104 36 17
122 476 36 7
387 398 36 5
486 60 36 10
218 467 36 13
420 264 36 10
19 337 36 3
226 310 36 4
30 246 36 6
388 130 36 7
476 495 36 4
547 131 36 5
394 32 36 14
74 33 36 4
350 250 36 19
372 122 36 16
454 202 36 20
430 427 36 15
383 457 36 18
212 359 36 13
8 349 36 13
517 348 36 4
406 194 36 1
208 330 36 13
69 194 36 18
459 19 36 13
17 472 36 2
521 355 36 1
240 190 36 9
266 463 36 19
359 533 36 11
524 502 36 15
272 360 36 19
113 21 36 9
472 151 36 14
47 62 36 17
291 141 36 11
251 114 36 19
90 415 36 12
448 133 36 12
70 6 36 12
40 529 36 20
420 315 36 20
509 428 36 18
379 414 36 17
443 460 36 18
40 265 36 6
171 30 36 4
108 120 36 14
235 82 36 17
401 213 36 14
5 314 36 20
110 187 36 8
151 210 36 1
213 41 36 20
487 546 36 14
337 38 36 1
328 270 36 8
431 378 36 9
464 127 36 12
143 527 36 7
313 531 36 17
42 155 36 3
85 305 36 16
8 517 36 4
406 518 36 5
107 308 36 3
135 88 36 19
255 518 36 13
493 496 36 8
266 92 36 15
312 466 36 9
125 507 36 17
186 106 36 11
456 113 36 19
282 518 36 19
105 140 36 19
28 336 36 9
221 43 36 20
305 536 36 19
454 316 36 13
96 142 36 19
269 267 36 14
48 514 36 11
194 485 36 16
310 281 36 2
458 385 36 4
366 475 36 10
361 210 36 10
388 514 36 2
426 482 36 17
493 31 36 6
56 299 36 4
125 408 36 13
299 117 36 17
39 488 36 3
421 398 36 16
394 216 36 5
218 91 36 13
147 478 36 8
63 357 36 3
357 364 36 3
245 419 36 5
461 58 36 17
96 357 36 10
216 457 36 14
130 330 36 19
429 239 36 3
170 518 36 14
120 117 36 4
99 242 36 10
12 51 36 16
17 357 36 2
320 270 36 11
545 365 36 15
340 95 36 1
136 225 36 1
330 168 36 8
315 338 36 7
329 519 36 2
397 70 36 12
274 143 36 9
91 159 36 6
327 478 36 2
74 538 36 2
238 330 36 5
250 527 36 11
169 371 36 19
263 139 36 12
390 467 36 6
149 378 36 18
148 104 36 20
260 256 36 20
180 36 36 8
432 171 36 2
501 408 36 3
117 173 36 5
505 341 36 9
28 118 36 15
435 23 36 20
266 171 36 7
229 380 36 17
397 92 36 6
176 334 36 6
9 280 36 16
318 233 36 14
470 349 36 1
117 368 36 17
135 395 36 2
352 344 36 9
489 63 36 4
517 353 36 18
102 202 36 9
4 439 36 17
488 448 36 12
110 218 36 19
201 202 36 18
527 381 36 17
98 30 36 20
458 381 36 12
231 384 36 17
298 354 36 4
198 517 36 6
251 520 36 8
152 522 36 11
332 84 36 8
197 284 36 2
410 263 36 16
21 423 36 3
27 333 36 5
376 79 36 3
302 376 36 6
33 88 36 19
513 400 36 11
400 4 36 15
186 335 36 18
190 531 36 17
519 456 36 14
72 476 36 16
325 502 36 12
411 392 36 7
334 146 36 12
125 179 36 3
494 144 36 14
288 58 36 11
56 244 36 15
516 433 36 6
228 466 36 11
202 52 36 18
113 376 36 17
418 239 36 9
255 88 36 20
44 274 36 19
467 221 36 19
134 23 36 18
476 79 36 20
543 109 36 4
108 336 36 11
191 52 36 8
140 226 36 9
167 97 36 15
39 413 36 3
57 518 36 6
252 437 36 3
106 86 36 4
18 14 36 14
234 9 36 10
336 178 36 14
417 368 36 5
3 22 36 12
510 251 36 17
224 289 36 7
25 345 36 13
162 112 36 1
33 217 36 13
536 296 36 11
23 530 36 1
228 380 36 9
283 311 36 4
389 313 36 17
174 276 36 3
55 499 36 14
472 39 36 19
312 262 36 11
42 356 36 12
465 407 36 17
293 491 36 12
252 171 36 13
389 515 36 10
471 357 36 4
27 530 36 14
380 100 36 14
51 24 36 19
5 398 36 14
194 501 36 10
538 418 36 13
207 225 36 16
405 477 36 2
497 380 36 2
414 303 36 14
97 329 36 1
117 223 36 2
89 274 36 19
222 340 36 13
70 534 36 20
335 39 36 5
397 245 36 1
464 164 36 6
217 113 36 4
485 41 36 13
14 138 36 15
73 254 36 18
231 404 36 9
413 79 36 10
21 148 36 6
68 482 36 5
47 393 36 19
250 371 36 3
445 103 36 9
472 40 36 6
316 53 36 10
489 126 36 18
338 356 36 10
521 283 36 18
12 304 36 7
36 433 36 6
98 479 36 19
466 243 36 2
388 140 36 11
546 126 36 4
136 442 36 10
471 383 36 18
28 235 36 13
474 271 36 12
512 282 36 9
151 318 36 3
394 477 36 2
483 396 36 15
457 236 36 10
533 297 36 20
101 432 36 20
392 417 36 12
200 445 36 15
487 433 36 12
24 397 36 8
412 62 36 5
137 456 36 15
465 391 36 7
426 300 36 15
41 347 36 8
391 447 36 3
88 353 36 2
292 67 36 9
121 6 36 10
344 30 36 18
239 503 36 17
29 154 36 7
295 71 36 11
409 496 36 10
211 52 36 14
372 504 36 18
416 45 36 11
392 336 36 4
327 518 36 19
209 314 36 17
488 67 36 2
281 157 36 13
529 451 36 2
197 312 36 17
164 38 36 14
477 409 36 16
204 339 36 3
283 246 36 6
429 87 36 11
96 296 36 17
400 236 36 8
175 516 36 7
41 12 36 18
524 208 36 1
471 371 36 12
531 362 36 6
486 18 36 2
61 362 36 16
519 306 36 12
461 463 36 16
232 377 36 1
131 4 36 11
186 44 36 12
207 83 36 18
540 6 36 6
424 52 36 9
232 52 36 4
378 112 36 6
284 145 36 13
276 59 36 16
17 352 36 3
116 482 36 17
184 120 36 8
262 327 36 3
125 381 36 14
357 257 36 5
466 3 36 4
529 380 36 5
531 178 36 3
229 454 36 7
389 532 36 10
441 100 36 15
434 283 36 20
532 60 36 7
166 184 36 4
414 55 36 15
228 520 36 4
31 17 36 6
7 547 36 14
128 229 36 1
369 132 36 14
414 25 36 6
455 520 36 2
7 505 36 11
8 185 36 18
390 51 36 1
481 278 36 15
27 370 36 1
77 438 36 12
243 19 36 19
376 449 36 17
494 378 36 14
164 285 36 12
178 353 36 4
314 361 36 20
85 203 36 5
520 198 36 3
443 286 36 17
443 363 36 4
443 120 36 5
186 495 36 18
123 441 36 1
84 119 36 12
17 297 36 17
517 63 36 8
168 209 36 8
417 244 36 11
457 201 36 5
382 96 36 2
197 539 36 16
92 239 36 11
435 361 36 10
124 444 36 12
97 523 36 8
484 7 36 20
200 174 36 6
117 105 36 9
294 77 36 12
209 520 36 7
63 169 36 18
521 260 36 11
441 209 36 5
317 394 36 11
312 490 36 15
117 489 36 17
47 141 36 20
247 257 36 18
143 65 36 16
239 335 36 19
492 397 36 2
190 432 36 13
188 326 36 9
546 157 36 12
316 468 36 3
61 100 36 20
421 146 36 14
408 454 36 1
14 49 36 2
243 287 36 7
444 293 36 11
328 482 36 15
533 184 36 8
399 245 36 19
174 75 36 13
439 136 36 4
159 71 36 4
20 478 36 10
261 6 36 6
504 248 36 7
50 206 36 19
55 533 36 13
491 33 36 9
158 432 36 1
43 120 36 3
458 73 36 8
425 232 36 4
537 313 36 8
132 26 36 11
260 44 36 10
251 94 36 9
535 210 36 15
206 153 36 18
184 372 36 20
345 476 36 12
95 387 36 7
42 264 36 18
59 316 36 6
69 447 36 15
85 222 36 15
348 472 36 3
331 459 36 10
300 179 36 14
364 363 36 10
311 160 36 12
378 316 36 9
33 357 36 8
465 477 36 15
178 546 36 15
462 83 36 18
243 492 36 2
241 275 36 12
448 90 36 18
260 453 36 3
505 216 36 12
132 109 36 7
144 141 36 19
482 58 36 19
103 297 36 19
109 212 36 17
397 516 36 6
125 210 36 7
250 110 36 1
68 432 36 18
310 389 36 9
164 520 36 14
395 179 36 3
435 175 36 2
466 278 36 7
496 448 36 14
122 297 36 1
178 484 36 5
85 186 36 11
19 315 36 1
467 139 36 16
98 302 36 18
323 149 36 17
264 98 36 20
263 78 36 12
74 26 36 12
95 210 36 5
85 449 36 5
284 533 36 15
108 66 36 12
362 532 36 18
520 82 36 4
104 466 36 20
474 183 36 4
534 507 36 15
324 33 36 2
14 190 36 3
63 274 36 15
47 11 36 16
341 180 36 14
401 56 36 10
53 29 36 13
5 132 36 15
230 120 36 4
4 107 36 1
465 430 36 11
467 506 36 1
68 21 36 11
180 129 36 4
338 469 36 15
500 323 36 20
160 375 36 7
511 441 36 5
296 185 36 11
324 251 36 11
312 168 36 12
395 87 36 14
181 217 36 13
179 458 36 14
249 248 36 18
498 262 36 2
318 484 36 11
103 509 36 1
144 257 36 10
304 34 36 15
85 407 36 2
357 316 36 19
41 497 36 6
291 128 36 5
247 439 36 16
63 451 36 19
324 221 36 17
475 324 36 2
519 529 36 7
262 285 36 1
194 369 36 4
417 240 36 13
179 280 36 2
158 24 36 13
108 332 36 20
306 394 36 5
219 233 36 1
67 160 36 5
486 193 36 2
68 454 36 2
229 162 36 19
312 31 36 16
226 210 36 16
26 429 36 14
78 536 36 3
21 295 36 14
415 28 36 7
544 94 36 17
449 95 36 12
335 162 36 5
20 390 36 20
135 217 36 20
489 442 36 13
29 529 36 8
263 60 36 2
220 142 36 5
85 71 36 20
244 67 36 3
77 515 36 16
40 364 36 17
33 445 36 19
126 32 36 4
312 36 36 13
221 126 36 3
12 389 36 15
338 123 36 8
411 207 36 17
26 512 36 16
343 41 36 3
146 142 36 5
171 174 36 5
39 362 36 11
247 126 36 17
349 408 36 2
433 419 36 8
152 271 36 17
13 196 36 14
492 221 36 5
490 79 36 10
455 224 36 8
299 456 36 16
41 495 36 4
423 256 36 12
355 58 36 4
412 490 36 9
435 94 36 6
517 107 36 5
321 51 36 11
150 55 36 20
20 509 36 7
92 323 36 13
276 425 36 15
336 362 36 16
36 169 36 1
144 95 36 4
247 529 36 20
73 14 36 7
95 396 36 14
400 545 36 16
235 79 36 7
356 171 36 12
385 508 36 19
423 297 36 14
169 394 36 17
520 52 36 10
265 298 36 19
228 371 36 2
297 527 36 4
478 379 36 2
166 129 36 12
425 484 36 7
520 321 36 10
493 196 36 7
341 364 36 9
358 336 36 5
531 116 36 9
200 343 36 8
492 93 36 2
84 85 36 4
221 251 36 19
499 190 36 5
399 162 36 2
260 169 36 20
479 510 36 15
60 320 36 6
239 365 36 14
230 79 36 14
107 23 36 15
510 107 36 18
259 389 36 11
137 340 36 8
497 254 36 5
146 513 36 19
536 507 36 13
258 81 36 7
378 319 36 18
65 63 36 9
157 231 36 16
403 255 36 20
125 514 36 2
158 165 36 12
443 176 36 18
404 321 36 1
533 372 36 6
78 144 36 2
65 521 36 5
417 101 36 11
300 319 36 5
267 175 36 2
403 361 36 11
380 33 36 2
211 475 36 8
296 393 36 13
408 379 36 6
56 518 36 13
269 35 36 10
315 513 36 12
485 265 36 4
339 47 36 19
510 449 36 15
99 281 36 14
462 491 36 17
515 301 36 6
341 223 36 1
54 278 36 18
457 546 36 20
348 375 36 11
340 375 36 5
227 166 36 4
288 190 36 4
224 351 36 18
130 327 36 9
88 294 36 4
377 87 36 13
11 140 36 3
163 49 36 5
411 397 36 13
77 251 36 20
70 539 36 10
109 279 36 18
111 502 36 1
331 146 36 13
10 234 36 1
51 125 36 9
314 135 36 12
246 359 36 16
301 284 36 12
121 423 36 11
377 7 36 20
313 178 36 17
439 288 36 16
430 134 36 11
138 205 36 1
139 255 36 20
351 21 36 12
155 329 36 16
7 82 36 9
318 264 36 7
393 155 36 2
460 529 36 8
319 421 36 20
133 303 36 4
92 503 36 20
346 156 36 3
239 506 36 6
266 113 36 10
167 182 36 4
414 499 36 8
535 406 36 17
116 380 36 8
483 152 36 11
44 284 36 14
346 437 36 12
306 235 36 17
519 473 36 15
268 253 36 19
407 420 36 18
80 286 36 3
78 335 36 17
230 451 36 18
426 448 36 16
494 6 36 18
318 352 36 2
159 172 36 20
156 143 36 19
173 473 36 7
240 332 36 2
4 474 36 9
327 4 36 2
509 296 36 15
39 174 36 7
204 120 36 4
230 500 36 15
82 173 36 19
293 390 36 11
428 15 36 3
269 317 36 8
44 382 36 10
104 161 36 16
14 185 36 1
435 223 36 17
210 488 36 2
538 170 36 10
246 314 36 8
64 59 36 19
86 486 36 19
95 208 36 17
497 251 36 11
279 417 36 7
188 430 36 10
392 317 36 9
222 42 36 12
233 32 36 15
259 277 36 13
519 402 36 17
74 2 36 14
315 158 36 13
325 108 36 15
169 448 36 1
236 88 36 20
1 479 36 3
474 215 36 3
340 509 36 16
437 282 36 16
301 253 36 3
222 389 36 17
144 156 36 14
335 481 36 12
230 164 36 1
55 461 36 16
372 462 36 9
520 388 36 16
162 242 36 2
382 131 36 6
455 431 36 17
321 168 36 3
251 311 36 14
338 161 36 17
532 390 36 10
203 506 36 13
508 392 36 14
259 364 36 14
286 40 36 12
274 483 36 14
544 391 36 18
35 226 36 7
460 538 36 18
9 328 36 4
100 374 36 11
355 29 36 8
461 536 36 9
543 309 36 6
527 47 36 11
143 321 36 13
498 317 36 18
190 413 36 8
111 388 36 1
343 396 36 20
187 11 36 10
545 365 36 1
314 340 36 18
474 397 36 7
513 376 36 17
107 518 36 20
183 530 36 17
102 173 36 2
308 345 36 12
505 140 36 4
545 389 36 15
411 386 36 6
305 152 36 1
312 140 36 5
19 106 36 3
381 274 36 2
516 456 36 4
482 72 36 1
314 379 36 11
533 399 36 13
116 458 36 13
255 321 36 18
274 140 36 11
84 452 36 20
291 532 36 7
325 365 36 18
392 395 36 17
441 391 36 9
177 158 36 14
257 205 36 19
539 382 36 20
115 152 36 2
138 425 36 9
374 23 36 11
203 313 36 2
198 91 36 10
467 482 36 18
96 437 36 11
344 66 36 1
485 384 36 7
539 376 36 6
503 5 36 11
240 205 36 20
178 31 36 13
21 233 36 8
394 431 36 6
100 350 36 13
261 507 36 12
204 303 36 11
366 302 36 20
186 293 36 16
449 310 36 11
254 64 36 1
545 242 36 8
311 324 36 5
452 232 36 17
136 331 36 2
363 107 36 20
479 310 36 1
175 191 36 4
317 438 36 13
348 339 36 13
384 45 36 19
139 104 36 10
472 476 36 5
490 381 36 17
453 516 36 9
280 332 36 17
66 325 36 11
217 500 36 16
61 331 36 14
259 193 36 2
281 92 36 2
305 230 36 13
85 154 36 16
250 158 36 1
38 125 36 1
218 466 36 5
19 47 36 4
129 263 36 3
430 385 36 10
73 158 36 8
117 439 36 20
204 258 36 18
457 343 36 8
153 107 36 16
229 144 36 20
335 423 36 11
288 503 36 11
18 85 36 12
309 514 36 7
383 101 36 18
164 217 36 19
37 421 36 12
139 392 36 1
518 544 36 2
508 287 36 13
76 74 36 4
171 361 36 1
312 378 36 17
168 201 36 4
409 36 36 11
323 262 36 17
127 298 36 6
189 498 36 11
108 530 36 15
134 491 36 2
365 81 36 4
533 251 36 7
48 77 36 12
318 244 36 15
7 168 36 15
344 490 36 1
412 69 36 16
353 258 36 17
262 427 36 4
167 13 36 19
358 377 36 18
75 425 36 19
215 534 36 4
248 305 36 16
543 311 36 10
326 169 36 7
433 33 36 6
351 447 36 5
282 161 36 20
195 327 36 18
113 137 36 5
111 274 36 6
421 488 36 13
322 250 36 13
466 307 36 17
293 86 36 1
61 33 36 11
507 383 36 2
178 117 36 14
276 311 36 7
448 423 36 20
449 48 36 18
390 530 36 19
317 304 36 1
1 285 36 16
542 30 36 1
220 90 36 13
478 112 36 19
150 289 36 5
529 79 36 16
141 526 36 12
499 490 36 8
97 332 36 8
183 101 36 9
34 163 36 12
191 157 36 6
433 439 36 10
222 431 36 16
393 33 36 12
196 14 36 7
310 217 36 20
423 168 36 5
36 326 36 19
179 509 36 18
141 542 36 2
324 247 36 20
52 194 36 3
478 415 36 10
468 322 36 14
199 33 36 12
71 404 36 19
469 279 36 6
323 314 36 11
509 8 36 11
247 148 36 11
210 533 36 14
391 37 36 12
463 514 36 9
480 434 36 3
467 148 36 19
44 280 36 4
323 201 36 1
283 524 36 6
22 547 36 1
331 308 36 11
87 517 36 11
151 422 36 20
408 337 36 13
47 331 36 3
8 312 36 20
547 356 36 10
458 131 36 6
99 475 36 11
116 497 36 16
140 280 36 10
373 429 36 8
530 94 36 7
238 502 36 3
521 1 36 3
206 8 36 14
38 70 36 18
150 42 36 10
39 202 36 19
451 318 36 16
315 519 36 11
1 345 36 5
204 327 36 11
282 79 36 5
273 52 36 3
47 320 36 10
133 357 36 6
27 21 36 14
113 59 36 19
65 509 36 1
89 338 36 16
393 339 36 11
155 57 36 20
496 338 36 2
305 125 36 10
177 172 36 17
57 304 36 2
129 331 36 20
181 505 36 10
496 22 36 8
96 173 36 15
276 80 36 6
192 235 36 16
10 245 36 2
454 2 36 20
464 241 36 19
246 297 36 8
446 425 36 13
120 120 36 15
400 130 36 3
218 287 36 14
373 16 36 10
382 269 36 6
385 278 36 1
302 246 36 11
344 224 36 19
10 469 36 6
104 430 36 18
527 2 36 19
361 463 36 9
279 133 36 6
430 21 36 11
114 402 36 2
32 239 36 3
256 55 36 14
482 399 36 14
400 470 36 9
192 26 36 2
408 68 36 4
258 490 36 11
300 221 36 16
144 166 36 4
2 279 36 9
191 373 36 10
172 81 36 8
398 77 36 15
301 539 36 17
250 183 36 4
18 43 36 10
459 362 36 17
269 177 36 18
273 382 36 8
297 383 36 20
175 88 36 6
415 259 36 10
100 110 36 12
308 472 36 1
438 174 36 3
108 254 36 7
393 165 36 11
73 495 36 12
35 220 36 19
163 516 36 3
84 205 36 4
439 72 36 10
327 234 36 9
292 541 36 10
310 493 36 11
448 53 36 12
205 445 36 20
324 517 36 19
133 5 36 10
324 229 36 10
412 374 36 17
525 265 36 14
474 106 36 15
532 460 36 19
515 222 36 2
186 185 36 19
172 389 36 13
384 227 36 14
544 360 36 5
439 198 36 1
240 62 36 13
307 101 36 18
508 28 36 6
395 12 36 15
275 41 36 9
162 288 36 11
102 459 36 15
486 358 36 6
292 416 36 5
165 307 36 2
327 61 36 11
254 430 36 8
21 452 36 1
441 300 36 2
288 27 36 10
357 251 36 5
186 352 36 12
342 290 36 1
302 96 36 10
73 260 36 18
42 102 36 8
71 355 36 18
263 437 36 1
482 331 36 2
166 71 36 11
499 489 36 2
25 128 36 1
72 531 36 4
476 285 36 13
264 358 36 3
420 461 36 16
151 46 36 4
312 309 36 9
439 243 36 15
318 470 36 16
223 483 36 2
441 508 36 6
524 32 36 10
350 23 36 5
271 286 36 10
28 220 36 3
372 370 36 10
37 196 36 11
139 87 36 10
24 404 36 7
42 142 36 13
63 97 36 3
211 135 36 20
404 484 36 17
335 269 36 3
138 297 36 15
401 121 36 5
163 219 36 9
294 358 36 9
121 443 36 16
480 484 36 2
227 61 36 12
543 271 36 15
281 128 36 5
104 524 36 4
273 115 36 17
115 515 36 8
326 192 36 12
309 486 36 10
379 121 36 8
368 115 36 20
12 341 36 1
300 398 36 10
237 194 36 14
110 297 36 5
314 22 36 15
329 198 36 2
464 523 36 1
333 347 36 13
496 178 36 15
70 60 36 7
190 72 36 19
432 433 36 15
335 122 36 5
490 293 36 18
74 122 36 16
319 450 36 7
46 429 36 5
512 214 36 20
369 224 36 12
409 356 36 3
501 60 36 20
510 491 36 2
308 340 36 7
361 344 36 20
163 417 36 3
111 250 36 16
194 296 36 7
314 260 36 15
234 144 36 6
455 5 36 6
126 20 36 15
478 529 36 5
229 352 36 9
102 227 36 10
329 452 36 2
192 15 36 5
19 208 36 15
337 521 36 8
320 269 36 5
527 176 36 4
57 364 36 19
255 294 36 13
396 37 36 7
330 138 36 1
60 528 36 9
268 234 36 18
179 315 36 14
447 104 36 14
428 423 36 16
66 403 36 1
256 521 36 6
526 229 36 7
231 77 36 17
349 468 36 4
147 527 36 9
395 310 36 4
173 3 36 7
157 450 36 5
115 392 36 4
466 519 36 2
445 227 36 4
240 268 36 11
390 498 36 3
29 300 36 18
415 508 36 15
235 417 36 9
350 42 36 12
170 199 36 1
155 375 36 12
15 293 36 5
340 190 36 9
91 491 36 17
132 333 36 1
249 362 36 8
349 291 36 18
491 525 36 12
394 327 36 18
362 11 36 19
232 227 36 4
8 304 36 15
303 96 36 6
339 248 36 20
95 379 36 5
348 80 36 8
416 491 36 12
443 434 36 19
402 280 36 10
403 95 36 5
116 388 36 6
204 396 36 2
100 213 36 6
247 4 36 9
399 98 36 13
337 445 36 13
89 375 36 5
194 271 36 16
338 187 36 6
323 42 36 7
319 220 36 19
542 423 36 4
35 37 36 11
233 345 36 4
130 197 36 3
344 533 36 20
214 137 36 12
512 392 36 7
211 244 36 8
251 19 36 2
386 338 36 18
361 394 36 11
246 490 36 17
343 237 36 7
443 367 36 6
155 163 36 18
373 438 36 1
419 402 36 19
250 127 36 10
268 377 36 7
451 277 36 3
244 90 36 3
521 335 36 5
350 192 36 1
39 87 36 13
532 303 36 5
464 129 36 9
109 62 36 1
145 312 36 8
486 94 36 4
299 544 36 10
510 240 36 10
83 275 36 1
145 140 36 3
505 240 36 9
76 224 36 3
417 203 36 7
102 311 36 4
311 456 36 9
100 456 36 5
327 207 36 9
283 232 36 2
391 314 36 15
287 520 36 3
436 477 36 13
124 5 36 2
177 484 36 20
420 100 36 7
178 410 36 12
308 24 36 4
532 350 36 3
266 86 36 18
302 476 36 16
127 277 36 9
91 165 36 1
294 289 36 14
235 527 36 3
379 400 36 5
286 30 36 4
101 337 36 17
433 383 36 9
487 102 36 7
163 465 36 16
276 44 36 3
361 134 36 16
376 489 36 10
519 176 36 19
51 7 36 2
291 292 36 14
393 454 36 12
34 402 36 15
25 341 36 9
162 19 36 3
228 294 36 7
86 108 36 15
170 545 36 3
542 31 36 9
346 81 36 7
65 371 36 5
359 278 36 4
505 312 36 9
487 398 36 14
84 12 36 7
146 302 36 15
250 449 36 7
3 71 36 3
243 65 36 12
174 472 36 20
112 536 36 15
465 410 36 5
177 367 36 1
291 306 36 16
198 390 36 8
185 535 36 1
465 299 36 1
368 363 36 3
329 59 36 8
321 294 36 3
454 467 36 12
411 384 36 18
98 14 36 4
158 366 36 3
6 78 36 9
474 262 36 12
212 241 36 19
335 123 36 7
44 514 36 20
363 287 36 6
122 255 36 2
417 118 36 6
26 215 36 16
64 372 36 17
346 439 36 18
46 428 36 17
281 92 36 12
329 488 36 7
192 46 36 7
114 409 36 4
391 530 36 17
40 461 36 6
73 487 36 1
181 3 36 16
107 410 36 4
110 518 36 18
436 251 36 6
456 32 36 9
113 223 36 12
283 398 36 4
192 303 36 7
417 343 36 11
213 415 36 7
286 111 36 18
245 217 36 17
157 389 36 14
497 339 36 12
504 309 36 9
390 421 36 12
384 156 36 15
300 409 36 13
261 279 36 10
136 6 36 7
496 291 36 8
436 50 36 5
301 207 36 14
73 218 36 7
220 174 36 13
397 79 36 20
312 524 36 4
78 276 36 2
208 537 36 20
133 125 36 3
534 135 36 10
499 86 36 10
195 386 36 17
341 520 36 17
278 192 36 19
524 104 36 20
221 415 36 15
11 7 36 20
333 214 36 8
387 408 36 6
446 395 36 20
310 408 36 20
224 117 36 10
344 457 36 20
196 249 36 8
222 288 36 4
325 508 36 11
467 33 36 6
337 365 36 19
258 266 36 1
365 164 36 12
59 474 36 7
510 212 36 14
189 9 36 2
512 204 36 14
480 487 36 17
65 265 36 3
65 246 36 19
72 35 36 2
292 292 36 9
434 109 36 4
486 229 36 14
397 191 36 8
425 442 36 13
423 406 36 5
123 400 36 4
172 465 36 20
181 529 36 8
222 53 36 7
143 406 36 8
329 355 36 4
131 293 36 18
531 142 36 11
48 81 36 3
120 504 36 5
457 141 36 14
249 313 36 16
367 493 36 1
183 168 36 4
518 310 36 17
112 153 36 10
423 345 36 18
354 328 36 8
537 375 36 12
67 9 36 17
2 528 36 4
399 291 36 12
166 111 36 11
524 293 36 4
449 326 36 12
294 499 36 3
432 375 36 13
438 243 36 14
39 232 36 19
330 298 36 18
29 361 36 5
478 213 36 19
145 378 36 14
367 416 36 13
208 379 36 11
421 126 36 19
238 10 36 7
400 509 36 13
405 1 36 11
299 392 36 3
201 482 36 13
146 413 36 19
381 72 36 4
241 500 36 7
393 161 36 17
386 96 36 9
330 333 36 5
163 248 36 14
300 105 36 20
121 403 36 10
363 118 36 13
418 263 36 7
139 158 36 19
299 398 36 9
389 244 36 11
311 144 36 5
358 535 36 13
414 150 36 12
494 511 36 3
88 146 36 4
74 508 36 9
541 378 36 17
388 31 36 12
368 329 36 17
301 171 36 2
394 481 36 5
35 292 36 20
71 220 36 5
353 228 36 12
255 378 36 3
73 513 36 12
9 506 36 20
270 408 36 20
141 290 36 1
409 44 36 4
436 437 36 5
58 534 36 5
277 57 36 20
97 471 36 10
428 240 36 12
418 375 36 3
369 445 36 7
212 229 36 2
85 369 36 7
349 293 36 1
298 181 36 14
181 300 36 15
416 29 36 4
386 188 36 13
99 130 36 7
250 547 36 11
305 430 36 1
441 156 36 16
438 303 36 1
177 166 36 19
506 464 36 16
239 97 36 4
21 27 36 8
405 475 36 19
228 26 36 13
291 275 36 20
304 94 36 13
215 535 36 5
293 425 36 13
316 116 36 1
84 136 36 11
32 374 36 20
341 394 36 20
194 314 36 3
234 541 36 10
403 346 36 13
87 103 36 13
262 317 36 2
45 124 36 9
193 439 36 20
444 37 36 7
126 68 36 16
451 471 36 20
317 117 36 4
49 351 36 12
476 268 36 13
84 354 36 15
395 130 36 14
207 175 36 12
444 367 36 15
310 325 36 19
312 450 36 13
202 415 36 19
547 184 36 16
50 294 36 7
155 223 36 4
120 368 36 1
126 277 36 8
510 484 36 8
532 442 36 14
446 204 36 6
459 30 36 18
539 293 36 17
542 293 36 6
176 404 36 9
223 73 36 14
537 192 36 5
172 317 36 16
422 341 36 19
423 326 36 15
243 286 36 15
387 197 36 19
495 188 36 20
532 244 36 11
268 420 36 19
297 95 36 3
125 146 36 8
320 317 36 19
245 254 36 19
168 129 36 2
532 372 36 2
68 273 36 19
180 283 36 3
99 329 36 14
311 49 36 10
378 407 36 18
518 46 36 1
364 366 36 11
526 63 36 8
544 293 36 19
340 277 36 8
546 344 36 20
401 38 36 1
505 137 36 3
306 447 36 18
103 339 36 8
541 371 36 4
30 187 36 12
383 166 36 19
503 162 36 2
143 17 36 7
278 15 36 14
201 415 36 7
343 434 36 19
391 255 36 4
488 357 36 9
506 351 36 7
22 442 36 7
513 277 36 18
519 295 36 6
332 499 36 17
421 230 36 4
307 430 36 1
231 287 36 7
352 131 36 10
373 133 36 11
247 153 36 20
