300 75
8 139 48 19
35 160 48 11
32 56 48 2
7 29 48 3
161 76 48 4
36 140 48 12
44 123 48 17
171 116 48 12
36 49 48 7
140 8 48 9
152 140 48 19
137 1 48 20
5 157 48 1
128 163 48 4
135 102 48 3
166 137 48 11
128 132 48 9
166 130 48 9
149 117 48 9
27 84 48 16
8 62 48 9
2 150 48 19
59 154 48 18
172 108 48 19
91 69 48 15
86 61 48 13
172 140 48 5
159 84 48 18
40 11 48 16
143 163 48 14
79 170 48 1
155 124 48 5
9 9 48 6
20 7 48 19
144 98 48 16
149 135 48 18
117 86 48 10
168 23 48 10
128 63 48 7
31 32 48 13
142 62 48 16
141 43 48 5
117 52 48 11
26 71 48 12
90 166 48 6
126 141 48 3
50 84 48 18
114 31 48 7
40 158 48 9
101 140 48 17
27 108 48 6
74 75 48 18
71 144 48 18
76 169 48 8
40 37 48 6
101 162 48 8
76 39 48 12
135 104 48 20
169 143 48 5
92 70 48 2
171 48 48 8
139 121 48 20
149 143 48 17
162 46 48 1
24 37 48 6
51 138 48 3
171 165 48 6
154 78 48 12
118 26 48 2
67 117 48 3
154 115 48 6
128 80 48 12
128 55 48 15
50 168 48 15
140 18 48 15
93 20 48 11
159 143 48 6
91 123 48 1
77 67 48 11
158 85 48 16
135 66 48 15
111 145 48 14
35 99 48 10
6 100 48 12
21 66 48 19
73 158 48 20
41 95 48 19
125 12 48 11
66 41 48 4
79 25 48 5
161 111 48 17
136 48 48 15
17 35 48 2
77 40 48 14
131 60 48 15
154 133 48 6
24 125 48 6
160 29 48 19
73 94 48 10
4 124 48 20
19 64 48 11
100 26 48 1
103 43 48 4
157 119 48 11
136 29 48 8
8 134 48 2
161 157 48 3
63 96 48 15
102 168 48 3
7 171 48 5
14 16 48 1
5 67 48 17
169 170 48 1
21 105 48 6
37 67 48 4
113 26 48 13
147 14 48 3
37 28 48 14
128 129 48 8
139 88 48 16
53 101 48 7
29 57 48 20
31 5 48 7
27 25 48 17
94 62 48 20
15 1 48 5
22 99 48 15
138 88 48 3
2 42 48 2
34 133 48 19
62 137 48 1
58 165 48 19
121 23 48 16
131 1 48 15
73 94 48 7
33 61 48 11
18 34 48 1
142 171 48 18
120 173 48 20
5 33 48 10
151 46 48 12
2 104 48 19
35 51 48 18
72 133 48 9
86 32 48 3
160 16 48 10
14 34 48 6
43 2 48 7
159 121 48 13
143 125 48 16
164 54 48 19
22 8 48 1
170 42 48 13
167 114 48 14
117 26 48 7
160 137 48 5
42 102 48 11
130 144 48 4
43 129 48 14
80 51 48 14
101 41 48 4
43 62 48 15
39 59 48 17
38 4 48 6
169 120 48 8
110 58 48 10
67 51 48 13
9 133 48 11
77 127 48 7
44 34 48 18
136 86 48 9
60 128 48 16
164 167 48 4
136 31 48 6
1 151 48 20
15 87 48 18
118 106 48 11
25 66 48 7
152 143 48 12
109 138 48 11
69 100 48 19
20 159 48 5
33 101 48 11
56 64 48 9
83 16 48 8
8 30 48 19
67 100 48 1
52 124 48 12
121 54 48 20
144 162 48 18
26 9 48 10
119 154 48 1
167 13 48 15
159 69 48 10
134 103 48 3
85 62 48 2
75 128 48 15
170 132 48 7
110 79 48 20
143 49 48 16
16 27 48 10
114 97 48 17
149 42 48 4
63 28 48 15
89 113 48 15
81 149 48 7
55 3 48 5
128 172 48 2
103 60 48 16
131 30 48 8
100 45 48 3
29 110 48 7
111 37 48 18
32 100 48 5
147 140 48 9
142 47 48 5
26 54 48 16
37 8 48 2
131 63 48 13
130 20 48 2
130 71 48 18
108 99 48 9
58 36 48 5
1 68 48 3
144 166 48 1
130 86 48 5
139 111 48 17
103 99 48 15
17 56 48 4
38 138 48 15
41 46 48 5
40 154 48 13
148 163 48 1
72 163 48 19
95 85 48 2
84 41 48 8
72 131 48 5
64 60 48 3
64 76 48 9
78 66 48 17
112 58 48 6
168 97 48 7
24 71 48 10
166 95 48 4
29 16 48 1
9 52 48 13
75 75 48 13
78 138 48 19
131 154 48 14
19 58 48 9
44 121 48 2
67 115 48 6
21 91 48 13
138 35 48 8
70 64 48 5
39 72 48 11
47 146 48 3
138 2 48 17
116 133 48 12
121 151 48 7
143 147 48 11
49 165 48 18
51 12 48 11
27 101 48 10
146 123 48 6
59 161 48 8
23 159 48 18
13 124 48 10
15 18 48 17
123 138 48 11
67 107 48 17
83 155 48 12
166 157 48 15
166 10 48 14
153 107 48 6
29 117 48 3
150 91 48 18
23 103 48 2
22 70 48 14
28 144 48 7
136 37 48 13
170 71 48 9
21 64 48 16
57 8 48 2
146 160 48 12
58 141 48 4
35 117 48 2
170 91 48 6
34 112 48 6
88 91 48 5
58 6 48 17
134 2 48 5
143 22 48 9
135 31 48 7
88 3 48 14
148 12 48 2
152 171 48 10
25 167 48 17
173 152 48 10
45 18 48 7
