300 75
170 96 48 5
51 170 48 6
107 139 48 17
109 162 48 4
133 142 48 13
78 51 48 1
8 13 48 10
148 121 48 20
5 70 48 18
167 163 48 4
101 111 48 5
92 161 48 14
8 47 48 17
20 107 48 10
129 19 48 11
99 96 48 19
118 55 48 19
159 29 48 16
169 159 48 7
6 152 48 17
119 31 48 2
106 74 48 8
89 33 48 3
163 52 48 17
53 7 48 16
84 105 48 16
69 2 48 19
115 160 48 6
60 107 48 20
75 65 48 3
31 135 48 1
97 67 48 14
103 107 48 15
107 49 48 12
170 101 48 20
125 136 48 13
128 31 48 10
59 98 48 4
96 157 48 16
166 58 48 2
166 40 48 18
148 137 48 20
30 18 48 9
117 77 48 6
34 73 48 12
131 149 48 17
111 103 48 20
44 114 48 18
88 36 48 10
66 154 48 12
60 98 48 10
15 25 48 7
36 54 48 14
164 123 48 8
118 108 48 10
125 65 48 3
93 127 48 8
44 122 48 10
44 37 48 18
28 54 48 12
146 114 48 2
5 80 48 3
126 116 48 12
91 58 48 20
84 2 48 18
101 78 48 12
93 171 48 16
15 166 48 13
2 162 48 16
25 141 48 20
152 113 48 9
156 117 48 20
11 69 48 5
45 111 48 20
152 146 48 15
21 73 48 20
80 166 48 5
44 132 48 17
129 134 48 8
30 158 48 4
109 88 48 20
128 23 48 13
5 33 48 11
171 29 48 1
172 8 48 20
2 153 48 7
83 59 48 10
112 102 48 4
86 10 48 9
48 39 48 15
102 147 48 1
95 53 48 13
157 9 48 13
66 131 48 11
37 130 48 12
29 131 48 1
46 165 48 8
54 104 48 14
21 141 48 18
121 16 48 8
109 69 48 3
60 116 48 3
157 51 48 7
66 116 48 5
4 152 48 11
121 133 48 11
170 5 48 18
105 58 48 15
93 31 48 18
90 103 48 7
125 39 48 5
37 50 48 2
1 158 48 3
98 51 48 14
153 6 48 11
116 78 48 14
85 75 48 17
170 6 48 14
12 98 48 7
119 14 48 12
69 90 48 16
39 126 48 3
124 78 48 14
86 127 48 4
115 59 48 4
74 126 48 17
166 162 48 4
40 158 48 16
97 121 48 6
11 19 48 3
28 87 48 14
34 77 48 5
90 27 48 18
130 64 48 12
172 5 48 10
46 78 48 2
122 22 48 12
148 62 48 15
82 110 48 11
114 121 48 4
110 148 48 13
148 8 48 2
89 49 48 16
108 5 48 5
157 128 48 6
91 173 48 9
150 74 48 1
25 48 48 5
10 81 48 2
67 21 48 3
17 83 48 3
130 57 48 18
146 145 48 9
15 31 48 11
72 14 48 9
85 104 48 4
2 33 48 3
66 9 48 10
143 18 48 4
157 36 48 12
69 4 48 3
129 133 48 15
148 105 48 20
42 71 48 13
66 142 48 19
45 53 48 13
148 7 48 3
151 24 48 12
153 119 48 8
62 102 48 19
117 122 48 2
129 77 48 19
101 3 48 1
45 45 48 5
19 62 48 9
131 106 48 4
1 32 48 16
76 134 48 1
112 113 48 6
165 127 48 13
80 70 48 4
124 151 48 15
128 78 48 9
15 122 48 8
20 92 48 2
119 50 48 10
50 50 48 17
159 78 48 11
71 16 48 7
149 7 48 7
59 38 48 6
91 162 48 15
26 68 48 12
136 82 48 15
22 53 48 18
17 172 48 10
21 173 48 3
57 158 48 12
54 56 48 20
67 156 48 10
33 42 48 5
68 132 48 17
33 109 48 5
75 23 48 17
17 44 48 1
51 60 48 6
86 81 48 15
171 137 48 16
159 142 48 16
163 35 48 16
172 67 48 17
171 87 48 14
110 119 48 1
116 145 48 19
155 161 48 14
122 164 48 1
163 28 48 8
79 25 48 11
104 11 48 2
136 125 48 9
150 123 48 20
110 73 48 19
27 9 48 5
53 77 48 17
101 58 48 1
144 131 48 15
74 121 48 8
161 151 48 5
39 33 48 19
58 168 48 9
15 96 48 17
39 32 48 6
101 59 48 16
60 63 48 12
38 115 48 18
81 85 48 9
65 111 48 20
77 98 48 5
114 136 48 11
64 145 48 5
14 112 48 3
163 102 48 20
38 30 48 11
94 89 48 16
6 79 48 5
100 111 48 4
151 2 48 20
102 79 48 4
154 144 48 4
66 34 48 15
96 172 48 15
1 161 48 15
111 25 48 4
9 71 48 14
18 28 48 18
92 127 48 16
78 56 48 11
126 109 48 5
99 42 48 11
159 107 48 19
17 29 48 11
160 30 48 13
10 92 48 20
62 100 48 2
154 69 48 7
152 161 48 16
38 17 48 17
51 95 48 19
142 20 48 9
30 130 48 10
77 146 48 6
122 84 48 12
154 93 48 7
163 106 48 6
69 87 48 11
2 17 48 12
138 6 48 20
157 57 48 17
111 25 48 7
58 7 48 13
63 83 48 1
96 156 48 7
111 136 48 3
168 78 48 14
152 146 48 4
32 100 48 15
23 64 48 18
156 47 48 16
37 109 48 5
110 118 48 2
91 7 48 10
170 55 48 19
159 165 48 13
144 159 48 12
110 138 48 17
114 121 48 17
134 143 48 3
160 126 48 17
20 114 48 15
78 51 48 19
