300 75
32 113 48 6
142 143 48 20
94 14 48 10
67 95 48 3
156 119 48 7
101 140 48 13
141 65 48 10
98 117 48 12
164 44 48 18
25 5 48 4
154 37 48 6
119 5 48 19
99 50 48 8
74 68 48 5
127 2 48 19
10 102 48 6
6 22 48 14
53 71 48 13
65 61 48 14
116 38 48 2
6 143 48 13
8 88 48 19
153 14 48 9
138 39 48 15
170 165 48 7
146 126 48 4
41 132 48 15
124 11 48 3
151 27 48 1
173 94 48 13
26 51 48 3
41 58 48 18
59 163 48 8
79 79 48 11
117 75 48 13
32 48 48 10
1 40 48 17
115 115 48 20
127 92 48 6
26 43 48 8
87 21 48 13
165 61 48 18
110 71 48 10
68 101 48 8
16 45 48 7
81 28 48 15
146 28 48 17
73 95 48 11
10 48 48 8
146 25 48 15
154 111 48 20
87 102 48 8
154 164 48 9
38 10 48 5
173 151 48 5
36 58 48 19
72 155 48 12
98 54 48 17
66 63 48 1
126 160 48 12
7 140 48 14
33 5 48 1
167 158 48 11
150 147 48 3
61 146 48 10
16 134 48 1
124 32 48 1
86 81 48 2
94 147 48 19
149 51 48 5
55 9 48 19
71 41 48 5
140 159 48 12
152 135 48 11
173 148 48 19
171 115 48 16
53 65 48 16
166 102 48 8
34 22 48 9
41 170 48 3
82 51 48 12
41 73 48 15
52 40 48 19
172 143 48 16
93 142 48 19
112 139 48 16
90 143 48 20
100 135 48 8
94 120 48 14
61 160 48 12
78 68 48 19
7 108 48 10
149 111 48 16
55 61 48 8
95 106 48 20
62 44 48 13
95 85 48 15
67 136 48 10
93 56 48 7
16 116 48 16
12 145 48 13
58 151 48 16
4 126 48 1
66 132 48 7
97 6 48 9
144 19 48 1
60 113 48 7
166 6 48 17
12 99 48 12
102 66 48 2
5 29 48 19
100 86 48 4
129 42 48 5
172 107 48 18
103 31 48 4
138 126 48 9
169 13 48 20
111 130 48 9
140 94 48 2
100 22 48 13
80 27 48 17
79 126 48 12
7 34 48 16
61 32 48 8
26 86 48 14
168 51 48 13
156 46 48 2
34 108 48 3
91 74 48 16
25 126 48 19
24 32 48 16
3 110 48 15
68 116 48 18
125 129 48 9
116 106 48 16
89 100 48 18
140 34 48 4
29 68 48 4
173 158 48 6
64 10 48 10
150 158 48 9
40 113 48 13
56 132 48 6
57 83 48 11
42 151 48 10
112 18 48 6
59 157 48 17
3 138 48 13
54 89 48 2
5 105 48 18
82 81 48 13
141 72 48 2
137 128 48 9
27 136 48 1
170 4 48 6
72 115 48 5
73 125 48 13
108 127 48 13
162 7 48 7
28 137 48 13
75 45 48 10
59 12 48 5
107 100 48 1
161 78 48 7
29 74 48 14
46 145 48 19
33 170 48 17
4 104 48 5
15 45 48 8
163 72 48 1
21 98 48 5
84 109 48 9
46 42 48 4
86 155 48 9
41 10 48 4
173 7 48 20
25 40 48 1
1 168 48 15
56 9 48 15
70 124 48 14
94 96 48 14
115 7 48 2
51 4 48 11
134 41 48 2
74 82 48 7
40 33 48 12
150 57 48 8
83 9 48 4
71 17 48 8
104 86 48 11
159 131 48 9
139 24 48 6
6 74 48 3
136 160 48 16
25 12 48 16
49 51 48 4
79 27 48 10
100 109 48 11
115 132 48 10
138 14 48 19
64 124 48 6
85 42 48 1
64 47 48 6
171 9 48 2
145 159 48 5
28 34 48 9
67 112 48 7
115 163 48 5
171 104 48 19
70 20 48 7
131 35 48 11
24 71 48 15
18 86 48 20
134 83 48 10
139 55 48 17
31 34 48 16
99 52 48 2
20 166 48 2
126 163 48 11
18 11 48 4
95 141 48 17
75 117 48 16
144 134 48 20
39 46 48 1
67 12 48 16
32 167 48 12
78 44 48 13
139 15 48 19
16 141 48 14
169 158 48 5
168 79 48 20
154 106 48 19
38 28 48 10
7 66 48 12
58 84 48 5
68 115 48 13
110 144 48 2
31 61 48 12
70 76 48 1
50 71 48 19
40 18 48 5
123 123 48 8
149 160 48 14
40 118 48 16
149 128 48 13
173 22 48 3
17 131 48 11
78 114 48 20
154 135 48 13
23 11 48 10
2 50 48 5
59 173 48 14
173 100 48 18
141 91 48 14
127 18 48 16
24 17 48 19
112 34 48 7
170 111 48 19
68 91 48 18
42 66 48 9
38 67 48 12
128 77 48 3
42 76 48 20
68 168 48 11
164 122 48 13
88 97 48 4
159 35 48 2
14 156 48 20
107 51 48 4
161 44 48 20
52 33 48 18
117 160 48 10
9 153 48 7
77 173 48 3
62 163 48 16
65 29 48 19
85 14 48 2
89 152 48 11
31 37 48 14
16 24 48 3
65 75 48 11
8 19 48 18
151 152 48 14
24 55 48 11
16 68 48 15
81 133 48 13
69 169 48 17
43 84 48 11
124 115 48 15
83 82 48 8
36 146 48 16
22 105 48 5
118 83 48 18
21 58 48 2
48 25 48 3
112 105 48 14
157 125 48 6
42 167 48 13
155 69 48 5
7 151 48 18
