300 42
82 35 85 4
75 132 85 10
113 106 85 15
52 91 85 20
71 115 85 17
150 104 85 10
64 123 85 13
28 131 85 2
139 73 85 4
67 19 85 12
73 100 85 10
44 126 85 18
152 66 85 11
103 69 85 17
158 92 85 13
69 68 85 19
64 83 85 4
38 63 85 17
10 28 85 8
8 46 85 9
53 70 85 4
83 65 85 15
120 44 85 20
41 98 85 15
52 82 85 4
82 102 85 3
90 165 85 1
47 154 85 14
86 163 85 18
149 171 85 10
57 2 85 17
17 84 85 2
103 156 85 7
32 148 85 18
30 152 85 5
71 60 85 6
132 149 85 12
150 147 85 5
9 11 85 8
20 159 85 2
28 167 85 14
105 11 85 2
73 113 85 14
37 96 85 20
146 78 85 9
67 148 85 5
90 106 85 14
105 34 85 19
52 167 85 8
161 13 85 20
47 40 85 12
58 96 85 10
105 169 85 9
134 32 85 20
90 129 85 10
23 22 85 14
16 112 85 13
108 168 85 1
1 171 85 9
28 110 85 20
166 156 85 1
172 166 85 10
92 97 85 19
124 58 85 15
30 147 85 15
62 169 85 7
145 136 85 17
160 71 85 8
113 23 85 16
108 2 85 17
19 167 85 15
142 165 85 5
15 83 85 20
133 158 85 4
109 15 85 17
165 28 85 19
22 172 85 16
162 110 85 12
28 50 85 14
63 109 85 13
160 127 85 2
67 95 85 6
90 62 85 12
37 21 85 6
41 130 85 17
95 121 85 10
145 142 85 6
109 83 85 18
95 62 85 9
103 76 85 16
160 63 85 10
115 81 85 3
110 170 85 13
91 34 85 10
8 26 85 7
113 121 85 2
71 44 85 3
153 104 85 17
123 25 85 4
142 127 85 7
96 65 85 7
128 7 85 6
81 68 85 1
96 110 85 2
83 117 85 4
26 56 85 16
89 79 85 4
25 58 85 19
168 7 85 8
26 100 85 8
133 22 85 4
80 101 85 8
108 8 85 14
84 103 85 17
93 12 85 2
127 162 85 11
109 78 85 20
85 54 85 15
165 49 85 17
95 74 85 2
104 158 85 17
4 65 85 11
83 124 85 18
56 159 85 20
90 78 85 16
67 31 85 6
100 91 85 10
38 3 85 6
158 119 85 7
63 40 85 8
67 95 85 18
92 98 85 9
169 7 85 2
81 14 85 5
47 103 85 11
101 170 85 8
19 96 85 18
139 86 85 18
140 22 85 18
15 85 85 6
89 151 85 8
148 22 85 13
49 17 85 2
26 49 85 6
35 47 85 15
74 148 85 8
143 166 85 3
129 132 85 18
70 98 85 11
128 64 85 11
5 105 85 7
150 31 85 18
46 79 85 6
73 104 85 10
114 91 85 15
37 164 85 2
128 85 85 12
94 165 85 9
97 61 85 7
122 141 85 12
57 145 85 8
95 73 85 8
154 118 85 13
57 18 85 7
85 83 85 4
34 119 85 18
35 26 85 4
28 71 85 12
152 120 85 10
152 68 85 17
167 76 85 2
66 171 85 11
42 151 85 18
97 159 85 7
160 70 85 11
14 56 85 10
109 90 85 18
162 117 85 9
34 47 85 13
92 150 85 12
68 95 85 5
16 160 85 1
162 29 85 17
127 77 85 12
13 63 85 1
154 29 85 16
68 137 85 14
7 77 85 2
142 63 85 16
49 106 85 14
24 173 85 20
26 141 85 20
150 129 85 3
78 34 85 5
117 46 85 7
5 151 85 10
120 46 85 19
104 4 85 18
30 97 85 9
3 146 85 2
76 121 85 5
71 146 85 20
101 74 85 5
110 151 85 13
23 47 85 18
124 51 85 3
31 122 85 16
75 52 85 18
147 34 85 7
156 161 85 6
49 63 85 11
66 134 85 2
51 13 85 7
115 74 85 6
40 97 85 7
86 172 85 18
158 29 85 7
54 55 85 14
127 28 85 18
75 135 85 10
43 135 85 8
83 28 85 10
47 30 85 16
84 96 85 12
50 87 85 3
15 173 85 7
29 109 85 2
69 163 85 9
36 68 85 19
112 142 85 6
51 136 85 17
129 170 85 7
167 168 85 16
169 30 85 8
71 31 85 9
70 45 85 15
143 26 85 12
120 94 85 12
104 81 85 8
115 20 85 14
39 22 85 15
146 102 85 5
11 95 85 13
78 42 85 17
68 112 85 15
96 133 85 12
123 103 85 11
85 1 85 14
162 56 85 9
132 170 85 11
148 161 85 5
173 85 85 6
99 96 85 15
66 125 85 7
63 144 85 18
42 66 85 9
65 140 85 16
114 52 85 16
35 40 85 4
36 123 85 12
9 97 85 4
127 49 85 20
49 147 85 3
16 39 85 12
150 53 85 5
49 46 85 8
157 111 85 9
22 3 85 1
60 37 85 3
105 24 85 19
99 157 85 17
80 111 85 17
146 111 85 15
133 78 85 20
24 54 85 3
59 54 85 8
111 38 85 9
129 59 85 5
26 70 85 13
86 1 85 1
48 100 85 1
155 6 85 20
88 151 85 12
168 63 85 15
65 38 85 5
139 48 85 17
86 158 85 5
143 66 85 4
29 91 85 1
76 128 85 20
51 3 85 3
9 109 85 5
77 148 85 15
34 94 85 10
68 110 85 1
108 76 85 2
154 161 85 10
15 131 85 11
60 111 85 1
173 139 85 15
