300 42
171 147 85 19
61 60 85 9
148 57 85 17
115 42 85 11
59 24 85 11
46 54 85 10
41 125 85 14
102 140 85 14
31 137 85 7
130 92 85 2
114 89 85 15
124 101 85 6
114 27 85 4
79 94 85 8
170 104 85 12
137 149 85 20
74 141 85 19
18 70 85 11
146 100 85 2
105 8 85 20
152 121 85 2
171 72 85 7
29 137 85 15
116 168 85 20
71 116 85 4
1 79 85 20
110 153 85 13
170 122 85 19
24 94 85 15
139 151 85 11
124 81 85 17
149 78 85 17
53 58 85 7
156 125 85 6
132 147 85 12
38 148 85 1
169 36 85 1
143 33 85 5
138 8 85 12
12 146 85 7
66 48 85 12
19 23 85 5
44 75 85 13
157 9 85 9
91 140 85 2
92 129 85 14
172 125 85 4
10 46 85 3
143 11 85 9
100 147 85 15
34 39 85 16
173 57 85 9
43 52 85 16
96 160 85 20
149 29 85 3
127 121 85 18
31 119 85 7
18 81 85 10
115 2 85 18
93 101 85 9
169 86 85 13
118 85 85 7
42 79 85 18
39 2 85 14
170 102 85 2
47 55 85 11
100 85 85 5
8 54 85 11
9 168 85 6
146 88 85 13
82 35 85 6
57 152 85 20
165 145 85 7
151 136 85 12
124 132 85 15
78 5 85 17
103 56 85 15
26 63 85 13
77 24 85 12
81 169 85 2
12 77 85 9
153 85 85 9
32 76 85 13
163 54 85 18
121 129 85 15
133 158 85 5
25 40 85 19
2 65 85 1
109 142 85 2
37 1 85 3
5 138 85 1
6 117 85 3
111 101 85 13
15 90 85 19
101 162 85 18
50 121 85 9
129 98 85 5
90 99 85 10
65 159 85 7
16 22 85 13
134 26 85 7
108 32 85 18
167 142 85 14
80 156 85 1
46 36 85 15
140 37 85 17
171 165 85 17
68 81 85 1
30 98 85 1
132 113 85 9
139 25 85 17
158 133 85 11
73 78 85 15
87 109 85 20
143 154 85 17
139 120 85 20
82 70 85 4
75 137 85 1
165 166 85 10
20 77 85 1
69 42 85 12
143 27 85 12
76 51 85 15
54 89 85 13
14 58 85 16
87 23 85 14
71 57 85 14
171 131 85 4
131 122 85 3
15 93 85 12
136 161 85 19
61 131 85 15
117 158 85 17
30 38 85 7
50 3 85 16
3 89 85 4
27 111 85 14
168 61 85 15
3 143 85 19
4 158 85 8
81 72 85 12
27 132 85 5
75 28 85 1
1 57 85 6
15 58 85 8
38 12 85 6
84 38 85 1
138 157 85 7
24 160 85 4
109 163 85 14
113 71 85 17
104 49 85 7
53 75 85 5
110 75 85 17
32 41 85 16
81 79 85 16
170 114 85 4
24 79 85 15
15 102 85 10
24 162 85 7
141 101 85 4
109 32 85 20
36 36 85 13
114 145 85 1
76 3 85 16
172 83 85 7
154 80 85 9
126 55 85 6
34 70 85 8
148 45 85 3
156 12 85 12
61 73 85 12
14 60 85 15
167 125 85 14
173 152 85 5
94 150 85 17
46 83 85 14
111 35 85 12
81 20 85 6
104 168 85 19
116 150 85 17
8 163 85 15
103 3 85 4
61 121 85 16
115 120 85 1
171 166 85 12
89 38 85 18
38 100 85 14
167 7 85 13
18 62 85 18
87 5 85 15
71 137 85 6
127 66 85 2
69 78 85 9
87 19 85 5
132 17 85 7
106 57 85 5
161 95 85 7
30 88 85 10
92 57 85 2
99 95 85 16
83 165 85 4
8 118 85 9
61 138 85 15
13 4 85 5
84 135 85 17
148 19 85 15
152 132 85 15
131 161 85 9
19 31 85 14
17 130 85 18
96 164 85 19
138 124 85 13
73 11 85 1
85 23 85 4
67 58 85 2
18 32 85 17
73 11 85 8
126 93 85 12
45 111 85 20
20 80 85 3
90 127 85 7
104 92 85 8
14 116 85 20
13 152 85 11
16 45 85 5
105 14 85 2
39 86 85 5
105 163 85 13
110 34 85 3
145 54 85 13
89 143 85 6
23 25 85 8
80 163 85 16
147 3 85 16
140 143 85 4
65 74 85 18
99 112 85 2
143 168 85 12
10 56 85 18
36 153 85 11
44 68 85 12
6 42 85 18
59 121 85 11
54 46 85 14
152 12 85 11
74 28 85 7
9 79 85 6
154 173 85 17
116 10 85 1
112 170 85 11
112 40 85 17
82 46 85 17
154 104 85 10
90 110 85 7
105 40 85 10
137 65 85 4
21 73 85 9
141 6 85 13
35 121 85 5
158 59 85 11
86 123 85 4
34 156 85 12
22 136 85 18
83 52 85 14
15 108 85 15
84 71 85 3
132 43 85 1
85 136 85 9
37 122 85 10
172 106 85 15
129 144 85 5
78 129 85 19
72 102 85 8
122 136 85 12
59 151 85 6
36 13 85 10
78 144 85 12
144 55 85 4
167 91 85 18
137 89 85 4
166 170 85 11
96 74 85 20
134 98 85 3
9 171 85 7
12 56 85 13
171 92 85 7
132 169 85 12
135 91 85 8
52 36 85 19
90 172 85 7
13 117 85 17
31 164 85 20
129 124 85 8
156 84 85 2
145 96 85 16
63 45 85 15
41 3 85 10
114 137 85 1
68 140 85 12
