3000 1000
303 257 36 16
540 526 36 2
544 95 36 16
241 367 36 15
235 452 36 18
172 125 36 12
420 55 36 5
373 36 36 8
117 32 36 19
134 253 36 1
233 9 36 12
328 63 36 1
454 59 36 7
366 299 36 16
478 48 36 20
516 219 36 15
258 154 36 12
284 41 36 2
113 157 36 19
130 290 36 1
525 37 36 3
83 426 36 7
227 395 36 8
466 213 36 6
524 205 36 16
2 174 36 3
151 431 36 19
478 229 36 12
294 404 36 14
140 533 36 8
239 510 36 4
408 107 36 6
92 334 36 10
443 252 36 7
545 291 36 17
209 292 36 8
92 504 36 20
189 434 36 13
327 242 36 11
73 382 36 4
171 73 36 17
366 543 36 8
502 87 36 3
485 530 36 8
196 42 36 17
49 251 36 14
137 342 36 13
170 530 36 5
431 309 36 13
2 444 36 14
166 129 36 20
293 494 36 14
42 511 36 14
185 510 36 6
33 158 36 15
171 206 36 9
115 404 36 10
77 88 36 1
535 519 36 12
202 35 36 18
188 200 36 18
308 8 36 16
486 111 36 8
203 295 36 11
511 328 36 5
313 13 36 16
366 190 36 1
274 328 36 13
227 377 36 10
4 31 36 18
161 218 36 9
509 41 36 10
318 526 36 9
90 181 36 12
371 206 36 3
325 518 36 14
485 398 36 13
16 187 36 4
181 475 36 13
380 478 36 10
65 154 36 10
74 177 36 15
90 494 36 15
216 98 36 7
214 530 36 4
476 308 36 12
328 245 36 1
307 260 36 11
67 502 36 2
265 334 36 11
431 399 36 2
330 534 36 9
269 77 36 3
186 354 36 7
345 20 36 7
224 11 36 20
136 338 36 13
445 98 36 14
455 226 36 20
454 490 36 11
384 435 36 2
529 218 36 17
303 486 36 4
85 187 36 19
511 46 36 19
373 332 36 13
56 467 36 18
531 364 36 3
232 333 36 7
435 239 36 10
425 76 36 2
327 57 36 3
154 422 36 19
181 506 36 5
500 470 36 15
415 357 36 15
278 412 36 17
540 457 36 13
415 142 36 1
514 29 36 14
133 453 36 15
124 233 36 5
394 448 36 11
117 144 36 7
27 158 36 12
44 25 36 12
330 302 36 7
50 356 36 8
195 223 36 2
63 252 36 12
231 384 36 15
475 22 36 6
352 415 36 13
41 531 36 18
297 72 36 12
476 115 36 13
40 444 36 13
16 8 36 13
449 202 36 13
537 326 36 14
169 10 36 2
254 546 36 14
147 350 36 8
488 390 36 18
425 139 36 18
519 129 36 12
152 169 36 8
86 246 36 12
376 147 36 18
341 199 36 4
72 367 36 17
248 135 36 15
445 282 36 18
24 222 36 20
133 162 36 8
376 195 36 12
187 347 36 9
503 432 36 13
341 260 36 2
381 115 36 11
200 248 36 11
89 495 36 7
524 454 36 14
275 477 36 8
416 125 36 5
210 15 36 4
194 263 36 10
347 218 36 7
260 12 36 18
381 454 36 17
216 168 36 3
417 257 36 3
267 295 36 16
461 22 36 15
391 437 36 16
482 161 36 8
220 355 36 4
367 216 36 13
336 537 36 8
141 370 36 6
61 38 36 1
229 516 36 3
468 298 36 14
4 211 36 16
141 116 36 15
402 50 36 20
193 331 36 5
308 150 36 7
93 547 36 2
499 141 36 3
264 263 36 10
258 6 36 7
509 473 36 18
21 477 36 20
102 132 36 12
197 49 36 6
452 303 36 6
514 63 36 4
244 155 36 16
25 168 36 2
175 493 36 6
425 204 36 4
97 227 36 16
127 247 36 11
430 411 36 15
300 122 36 10
282 26 36 16
109 539 36 8
85 297 36 6
123 321 36 19
301 495 36 2
195 373 36 17
156 531 36 10
527 172 36 11
405 54 36 18
414 416 36 10
471 212 36 2
345 382 36 2
281 466 36 16
433 42 36 13
268 404 36 19
534 113 36 4
517 268 36 6
180 310 36 3
151 167 36 17
532 95 36 1
487 18 36 8
467 424 36 19
15 219 36 14
406 166 36 19
85 434 36 15
320 482 36 1
381 451 36 18
1 145 36 15
340 295 36 14
186 279 36 17
23 280 36 5
72 199 36 13
501 213 36 12
364 133 36 4
330 217 36 10
153 537 36 20
150 432 36 2
352 432 36 11
379 225 36 3
24 472 36 17
373 494 36 16
191 18 36 7
495 34 36 5
469 397 36 15
124 242 36 19
212 456 36 1
234 58 36 12
222 471 36 10
416 302 36 20
357 388 36 19
92 213 36 7
107 465 36 13
320 412 36 10
322 396 36 15
457 34 36 11
262 246 36 12
55 541 36 10
280 277 36 11
451 145 36 12
361 502 36 16
195 46 36 3
37 152 36 6
506 533 36 20
461 370 36 18
328 279 36 3
435 540 36 3
451 48 36 1
523 389 36 8
519 354 36 4
332 167 36 13
46 423 36 15
35 459 36 12
426 480 36 12
258 455 36 2
486 235 36 8
200 185 36 18
221 88 36 15
235 125 36 11
526 97 36 15
477 490 36 10
381 50 36 2
331 84 36 9
495 24 36 16
159 282 36 20
192 220 36 18
503 481 36 2
322 154 36 7
188 450 36 11
19 491 36 3
203 420 36 19
6 253 36 14
231 99 36 12
492 108 36 16
137 266 36 11
299 457 36 2
149 474 36 11
182 249 36 4
365 498 36 10
187 517 36 7
43 172 36 11
512 240 36 14
545 532 36 11
115 476 36 5
256 128 36 19
254 426 36 14
472 27 36 18
75 271 36 19
503 150 36 3
224 336 36 13
497 440 36 11
157 466 36 1
69 525 36 20
80 93 36 10
259 410 36 17
157 116 36 12
25 40 36 2
429 177 36 19
472 132 36 10
528 417 36 5
5 428 36 6
263 37 36 7
213 167 36 9
148 246 36 16
73 20 36 3
125 238 36 9
55 262 36 18
136 144 36 2
487 130 36 12
502 110 36 13
367 177 36 11
186 439 36 16
532 105 36 2
309 314 36 18
177 386 36 6
517 510 36 20
487 79 36 6
496 215 36 20
197 154 36 20
90 171 36 14
462 537 36 1
166 176 36 3
516 222 36 13
485 530 36 10
214 160 36 3
510 191 36 20
495 130 36 13
257 140 36 6
224 398 36 5
383 488 36 20
104 464 36 7
63 82 36 10
460 112 36 7
415 111 36 20
259 325 36 3
489 349 36 3
195 358 36 4
42 130 36 7
103 415 36 7
380 250 36 10
341 415 36 5
292 477 36 2
480 390 36 6
343 319 36 20
250 92 36 19
254 33 36 4
510 290 36 11
410 331 36 16
449 496 36 10
339 328 36 10
231 183 36 3
39 537 36 19
476 469 36 11
539 326 36 12
165 28 36 15
178 343 36 4
538 367 36 5
224 229 36 2
39 193 36 13
269 46 36 2
263 277 36 1
124 315 36 3
524 305 36 17
281 358 36 15
418 38 36 2
100 215 36 2
361 267 36 7
364 491 36 14
212 529 36 20
9 250 36 19
132 27 36 5
500 151 36 10
310 189 36 10
104 532 36 12
285 402 36 2
493 16 36 3
497 376 36 6
383 254 36 6
12 528 36 18
442 536 36 10
308 182 36 5
513 135 36 16
547 506 36 9
400 124 36 7
64 408 36 13
312 354 36 20
289 365 36 5
48 200 36 10
358 273 36 18
165 167 36 13
222 537 36 9
367 17 36 5
115 16 36 3
113 477 36 1
34 541 36 3
480 305 36 4
394 109 36 13
199 218 36 19
258 90 36 17
358 255 36 8
447 476 36 12
108 357 36 1
27 471 36 8
451 36 36 3
514 131 36 16
376 125 36 20
105 519 36 18
261 232 36 7
70 489 36 13
213 362 36 4
37 261 36 2
398 430 36 11
227 456 36 18
134 421 36 19
32 388 36 6
408 278 36 13
118 444 36 17
546 158 36 18
96 227 36 4
283 501 36 14
239 537 36 4
185 387 36 10
425 67 36 8
165 262 36 13
426 355 36 16
332 215 36 8
362 394 36 4
426 392 36 17
174 488 36 17
472 285 36 20
38 524 36 18
410 161 36 17
118 101 36 3
342 265 36 3
440 205 36 19
378 51 36 18
46 413 36 20
158 353 36 5
488 526 36 9
13 512 36 4
37 2 36 16
51 412 36 6
514 44 36 17
495 385 36 6
315 278 36 10
426 108 36 20
329 216 36 7
78 373 36 8
218 375 36 4
361 387 36 18
303 424 36 9
221 536 36 7
423 502 36 2
179 512 36 13
261 279 36 5
62 219 36 5
399 547 36 7
178 139 36 7
309 357 36 1
418 232 36 11
7 534 36 15
206 269 36 2
269 144 36 18
375 384 36 20
318 97 36 19
54 221 36 13
444 134 36 5
502 312 36 12
509 73 36 12
343 6 36 1
17 74 36 6
238 279 36 10
448 547 36 3
127 374 36 8
317 206 36 4
300 259 36 19
501 217 36 4
279 233 36 18
196 194 36 16
468 537 36 16
425 68 36 4
491 306 36 20
217 268 36 10
210 394 36 15
524 163 36 11
512 462 36 12
173 477 36 20
453 209 36 7
73 466 36 5
251 386 36 16
496 325 36 6
267 269 36 4
378 485 36 16
426 147 36 19
362 185 36 4
504 212 36 5
419 384 36 10
65 351 36 12
6 424 36 14
141 127 36 8
326 138 36 17
32 466 36 4
105 297 36 2
383 237 36 13
22 52 36 17
432 70 36 16
147 3 36 20
463 129 36 6
439 135 36 10
334 275 36 19
129 53 36 9
248 85 36 3
89 251 36 19
537 87 36 6
38 170 36 3
332 117 36 20
290 325 36 16
84 240 36 7
291 132 36 14
312 527 36 6
37 108 36 18
445 417 36 4
349 20 36 15
2 10 36 9
439 109 36 12
503 440 36 8
90 244 36 9
287 389 36 15
66 133 36 11
41 506 36 18
352 57 36 7
169 502 36 15
131 303 36 12
344 367 36 5
158 320 36 14
204 275 36 7
365 426 36 7
304 228 36 6
483 355 36 20
369 458 36 18
173 262 36 20
207 430 36 5
111 14 36 15
97 357 36 9
91 515 36 4
194 171 36 15
250 535 36 8
65 292 36 16
268 289 36 1
118 110 36 19
473 344 36 15
338 66 36 8
281 176 36 12
527 334 36 13
44 425 36 8
428 133 36 4
54 444 36 17
167 508 36 2
508 290 36 10
109 407 36 19
229 333 36 8
1 185 36 6
265 466 36 7
542 445 36 4
82 3 36 12
197 430 36 13
483 545 36 5
271 165 36 8
412 125 36 5
356 295 36 9
409 523 36 8
321 38 36 1
298 365 36 13
513 359 36 18
514 502 36 5
392 152 36 8
464 149 36 11
432 481 36 4
361 407 36 11
95 215 36 12
235 138 36 9
222 521 36 16
393 271 36 1
60 298 36 7
170 264 36 17
345 108 36 12
403 24 36 3
520 456 36 10
254 331 36 2
174 425 36 12
450 174 36 7
216 395 36 17
19 241 36 19
249 300 36 1
228 531 36 8
223 329 36 9
432 184 36 10
179 156 36 17
531 471 36 9
132 97 36 9
72 61 36 19
87 276 36 16
137 356 36 14
519 57 36 13
105 346 36 7
502 22 36 15
521 453 36 9
78 146 36 19
91 129 36 8
496 323 36 18
293 394 36 20
326 542 36 6
145 193 36 19
265 164 36 13
200 331 36 4
118 285 36 2
426 320 36 6
432 397 36 15
46 487 36 5
192 497 36 19
496 305 36 12
313 83 36 18
405 289 36 17
305 7 36 20
324 206 36 18
80 385 36 15
465 263 36 7
271 147 36 19
284 254 36 13
425 507 36 3
342 455 36 3
228 282 36 19
47 139 36 5
119 505 36 16
417 282 36 8
498 423 36 15
378 402 36 3
30 187 36 4
141 470 36 16
191 348 36 6
252 204 36 15
71 431 36 2
96 539 36 4
347 173 36 20
120 42 36 1
97 55 36 11
459 494 36 15
50 39 36 8
397 179 36 14
511 369 36 11
523 73 36 5
18 205 36 12
342 300 36 16
318 100 36 11
252 281 36 4
529 377 36 11
196 350 36 2
327 462 36 12
35 373 36 7
274 336 36 3
314 373 36 3
71 391 36 8
321 247 36 10
501 17 36 4
367 331 36 18
399 374 36 15
423 23 36 7
518 411 36 15
103 445 36 3
476 233 36 18
122 546 36 19
512 132 36 11
498 452 36 16
298 467 36 1
259 349 36 14
500 200 36 7
85 138 36 1
82 108 36 11
540 272 36 16
276 262 36 9
348 384 36 14
307 348 36 6
109 360 36 4
219 172 36 1
345 430 36 2
317 444 36 14
115 529 36 16
544 63 36 13
289 118 36 17
478 393 36 13
414 193 36 17
411 14 36 11
539 122 36 1
87 340 36 14
101 200 36 7
525 31 36 3
54 145 36 7
330 141 36 5
165 491 36 12
334 483 36 2
280 349 36 19
61 213 36 15
252 204 36 18
318 352 36 9
8 452 36 7
189 429 36 6
267 545 36 4
388 327 36 5
25 491 36 11
387 340 36 5
48 72 36 7
511 194 36 15
502 508 36 2
5 278 36 2
519 347 36 17
200 535 36 10
396 255 36 4
251 95 36 6
308 181 36 1
308 83 36 4
243 130 36 8
42 155 36 9
52 109 36 10
328 176 36 3
409 209 36 9
456 409 36 7
446 319 36 2
434 23 36 20
200 392 36 7
519 153 36 9
83 457 36 3
327 498 36 1
280 3 36 3
130 392 36 4
382 315 36 12
370 285 36 12
408 184 36 9
153 132 36 11
117 331 36 2
261 365 36 11
487 447 36 14
357 289 36 19
444 21 36 11
155 212 36 19
102 46 36 18
258 478 36 6
337 338 36 10
250 6 36 1
184 122 36 13
510 382 36 17
441 383 36 16
344 192 36 2
197 151 36 11
52 367 36 5
360 468 36 13
436 241 36 1
250 92 36 11
308 341 36 7
498 525 36 1
533 487 36 19
385 443 36 9
198 239 36 5
362 497 36 16
545 63 36 8
455 422 36 17
473 373 36 1
420 75 36 3
220 444 36 13
25 394 36 20
498 441 36 17
320 340 36 3
39 538 36 15
497 414 36 11
10 411 36 13
499 381 36 12
361 368 36 4
525 302 36 15
171 522 36 18
220 546 36 15
246 12 36 4
212 331 36 7
134 432 36 14
295 381 36 15
404 452 36 4
91 465 36 2
199 340 36 9
132 317 36 18
201 3 36 18
166 222 36 19
40 530 36 10
355 194 36 1
462 389 36 19
74 136 36 1
99 55 36 10
534 145 36 19
380 405 36 2
530 51 36 13
497 313 36 1
438 540 36 2
378 33 36 8
390 387 36 11
248 301 36 10
475 436 36 18
112 534 36 15
139 35 36 17
145 414 36 15
490 459 36 20
58 408 36 2
237 299 36 7
91 191 36 12
535 95 36 9
141 343 36 8
135 332 36 2
326 444 36 5
25 35 36 12
414 241 36 18
238 183 36 18
111 241 36 13
297 477 36 9
537 82 36 20
262 132 36 4
373 334 36 12
361 530 36 14
175 308 36 11
37 332 36 4
480 261 36 11
243 498 36 6
526 61 36 12
123 419 36 9
79 408 36 20
226 122 36 15
529 9 36 13
80 431 36 19
509 58 36 6
226 156 36 14
100 89 36 2
215 393 36 1
512 372 36 6
502 494 36 20
483 87 36 15
61 374 36 8
379 355 36 5
421 434 36 15
507 396 36 9
416 136 36 13
109 297 36 1
62 511 36 10
27 475 36 6
52 491 36 5
11 489 36 16
440 64 36 9
505 443 36 1
31 316 36 9
50 338 36 4
127 268 36 16
421 376 36 9
256 437 36 16
545 525 36 12
174 29 36 2
357 102 36 12
18 56 36 5
115 13 36 6
81 105 36 3
418 155 36 11
181 281 36 15
78 154 36 16
272 471 36 19
7 530 36 4
154 156 36 9
368 513 36 12
524 45 36 8
196 221 36 8
310 301 36 4
254 234 36 3
51 414 36 13
114 6 36 10
6 340 36 2
457 346 36 3
339 14 36 13
249 381 36 14
384 357 36 9
512 67 36 9
229 376 36 8
535 83 36 1
449 195 36 4
157 308 36 16
81 375 36 2
474 285 36 9
303 76 36 20
288 386 36 17
361 222 36 14
417 248 36 9
209 476 36 1
301 525 36 10
141 488 36 6
332 98 36 4
43 178 36 2
156 104 36 16
4 469 36 5
413 271 36 17
170 84 36 3
345 501 36 2
40 224 36 1
173 39 36 4
387 179 36 4
311 25 36 7
542 129 36 2
53 284 36 11
458 288 36 11
390 215 36 11
285 446 36 16
400 243 36 7
340 345 36 12
207 32 36 10
52 480 36 13
447 243 36 12
391 237 36 15
28 290 36 2
377 200 36 15
100 104 36 1
93 388 36 12
231 303 36 10
323 95 36 2
90 301 36 13
505 415 36 12
65 376 36 18
135 219 36 20
395 308 36 5
391 137 36 8
128 298 36 14
140 452 36 2
51 136 36 16
266 458 36 5
340 62 36 14
445 81 36 5
482 146 36 2
215 280 36 3
247 189 36 19
82 32 36 2
117 159 36 4
317 361 36 1
419 473 36 14
277 191 36 5
290 45 36 2
119 4 36 1
362 485 36 20
495 215 36 18
362 523 36 1
536 57 36 3
299 173 36 9
484 4 36 1
512 423 36 2
189 152 36 1
386 503 36 11
159 75 36 4
12 498 36 16
11 508 36 11
412 322 36 13
393 372 36 6
467 185 36 11
152 122 36 11
260 148 36 17
292 336 36 8
515 236 36 9
296 394 36 16
143 406 36 13
474 478 36 2
472 342 36 9
507 249 36 12
51 168 36 5
377 382 36 2
160 94 36 12
364 385 36 20
297 414 36 12
185 225 36 11
147 429 36 19
121 355 36 15
118 341 36 1
497 362 36 4
92 412 36 12
480 242 36 20
442 463 36 13
66 341 36 12
25 90 36 11
282 274 36 7
448 482 36 8
471 118 36 9
487 297 36 8
297 246 36 1
417 337 36 5
220 331 36 11
342 287 36 9
134 352 36 8
311 439 36 6
416 235 36 13
260 135 36 14
532 121 36 3
126 60 36 1
545 418 36 9
293 349 36 9
514 22 36 7
430 363 36 6
322 12 36 7
8 384 36 8
331 314 36 16
504 26 36 19
64 72 36 18
351 197 36 20
386 256 36 13
182 63 36 4
315 29 36 17
293 520 36 19
72 295 36 13
203 302 36 3
287 147 36 19
59 103 36 19
27 167 36 10
115 32 36 4
262 479 36 8
341 114 36 2
159 490 36 14
123 235 36 4
449 368 36 11
239 24 36 6
412 372 36 4
413 430 36 7
439 518 36 2
51 85 36 19
406 346 36 11
531 139 36 17
233 360 36 14
510 482 36 12
213 383 36 16
272 136 36 5
86 547 36 6
46 412 36 5
170 365 36 2
461 415 36 4
297 273 36 4
65 318 36 12
493 3 36 13
378 27 36 7
497 302 36 20
437 26 36 4
461 173 36 13
372 280 36 5
166 450 36 18
477 425 36 5
387 236 36 17
158 301 36 1
68 308 36 2
398 139 36 2
178 150 36 7
339 101 36 3
151 77 36 1
23 448 36 2
307 66 36 6
469 57 36 14
499 506 36 5
377 116 36 12
511 183 36 11
223 96 36 4
509 273 36 18
2 126 36 15
130 276 36 9
368 361 36 9
400 120 36 6
335 103 36 3
270 116 36 18
379 493 36 10
303 518 36 16
50 193 36 19
543 217 36 14
154 218 36 16
413 347 36 18
262 229 36 3
12 144 36 8
437 478 36 10
433 262 36 19
449 94 36 6
518 458 36 8
347 22 36 14
271 80 36 18
529 233 36 18
366 160 36 15
540 422 36 11
42 495 36 10
210 446 36 18
480 331 36 8
443 232 36 17
351 265 36 16
229 64 36 2
362 397 36 16
225 440 36 3
368 258 36 16
311 312 36 9
544 353 36 18
373 77 36 19
194 10 36 8
276 514 36 20
452 318 36 6
53 546 36 5
284 422 36 14
48 162 36 6
106 529 36 10
385 292 36 1
539 350 36 3
93 175 36 1
154 368 36 18
546 97 36 12
138 63 36 19
55 177 36 18
36 460 36 4
537 22 36 13
322 127 36 6
426 512 36 15
418 18 36 16
216 172 36 16
91 325 36 6
36 386 36 3
10 38 36 7
301 92 36 13
44 190 36 15
332 179 36 15
234 15 36 9
117 502 36 11
354 373 36 10
394 41 36 15
61 131 36 16
157 229 36 1
412 300 36 9
181 54 36 6
65 159 36 15
532 490 36 13
411 176 36 15
479 292 36 20
26 99 36 2
199 492 36 19
481 67 36 14
118 285 36 14
201 149 36 14
322 330 36 3
49 456 36 7
27 440 36 1
245 303 36 9
478 297 36 8
119 322 36 1
131 521 36 7
184 516 36 9
430 148 36 5
418 411 36 8
159 185 36 14
500 295 36 19
452 383 36 9
346 80 36 15
477 11 36 8
353 191 36 18
388 321 36 15
430 505 36 13
537 449 36 2
382 319 36 12
376 540 36 3
213 492 36 8
506 459 36 17
143 257 36 19
145 249 36 3
443 116 36 9
516 18 36 10
76 447 36 1
214 437 36 11
15 271 36 2
163 161 36 18
73 374 36 1
276 332 36 2
315 536 36 5
495 134 36 5
200 29 36 18
95 59 36 4
310 197 36 15
545 410 36 6
133 486 36 17
102 164 36 5
125 236 36 14
93 511 36 7
518 278 36 20
168 287 36 20
66 486 36 18
203 33 36 18
296 405 36 8
350 402 36 12
355 49 36 10
83 213 36 7
34 337 36 17
358 429 36 16
528 462 36 3
78 82 36 18
369 210 36 13
142 412 36 2
36 222 36 1
63 86 36 15
77 440 36 2
30 38 36 16
145 133 36 6
496 491 36 19
263 471 36 14
369 63 36 11
277 432 36 9
124 88 36 1
3 185 36 8
348 310 36 18
547 386 36 2
309 415 36 15
222 75 36 1
533 23 36 18
240 285 36 12
409 168 36 1
174 445 36 10
148 21 36 16
48 85 36 15
170 432 36 8
440 493 36 18
117 254 36 13
378 537 36 13
286 37 36 14
138 339 36 3
37 262 36 11
483 435 36 18
391 97 36 5
448 206 36 17
80 376 36 6
84 330 36 6
535 446 36 18
306 338 36 11
214 76 36 16
143 275 36 9
357 311 36 19
253 309 36 20
46 214 36 20
468 114 36 20
427 255 36 18
270 400 36 12
182 387 36 7
409 208 36 5
79 483 36 10
395 78 36 9
501 496 36 15
384 201 36 10
215 246 36 3
143 166 36 1
338 45 36 3
361 376 36 3
228 72 36 4
55 481 36 17
157 12 36 15
458 468 36 15
425 484 36 9
280 320 36 9
442 534 36 2
271 191 36 2
274 528 36 19
532 403 36 8
158 83 36 16
232 137 36 11
513 355 36 15
244 266 36 17
52 205 36 12
418 484 36 11
438 441 36 17
280 226 36 11
287 499 36 18
401 546 36 1
406 218 36 1
482 449 36 14
6 476 36 18
150 234 36 20
215 285 36 4
278 218 36 11
51 170 36 12
482 449 36 1
9 188 36 11
125 42 36 3
97 509 36 20
152 505 36 9
405 510 36 14
465 174 36 13
306 451 36 20
351 181 36 16
394 294 36 9
393 228 36 8
69 298 36 19
244 422 36 7
479 34 36 20
446 185 36 5
376 42 36 4
234 506 36 3
325 264 36 7
216 129 36 11
323 523 36 12
115 430 36 11
416 498 36 18
358 195 36 10
403 188 36 20
471 149 36 8
434 524 36 11
483 211 36 15
159 535 36 10
346 203 36 1
167 41 36 9
343 155 36 6
261 85 36 4
476 443 36 6
143 298 36 14
327 222 36 6
211 170 36 2
135 168 36 20
80 326 36 20
351 186 36 16
265 415 36 13
154 210 36 11
472 533 36 18
255 523 36 3
233 118 36 8
460 445 36 9
350 108 36 10
154 304 36 13
293 384 36 13
419 249 36 16
200 513 36 5
84 181 36 3
121 105 36 19
305 421 36 2
384 106 36 3
276 80 36 12
450 429 36 17
309 98 36 8
273 390 36 12
139 261 36 18
191 522 36 14
47 58 36 12
237 241 36 17
412 60 36 13
501 444 36 16
222 234 36 1
449 136 36 19
236 445 36 9
388 232 36 6
377 371 36 5
128 14 36 10
454 122 36 16
412 359 36 3
537 285 36 4
473 238 36 4
91 521 36 19
336 484 36 13
463 172 36 12
263 13 36 16
391 451 36 20
355 31 36 20
232 546 36 12
291 411 36 19
42 400 36 11
400 387 36 20
169 477 36 10
171 328 36 14
309 305 36 10
467 20 36 4
310 410 36 8
523 218 36 19
326 511 36 8
251 316 36 1
48 358 36 11
130 210 36 18
512 379 36 9
382 2 36 9
188 372 36 12
166 292 36 19
218 54 36 14
235 92 36 7
283 479 36 7
329 182 36 8
238 292 36 18
61 421 36 16
332 447 36 20
532 343 36 16
513 531 36 18
250 211 36 20
7 491 36 17
236 178 36 1
196 460 36 11
182 241 36 9
422 540 36 3
533 115 36 15
369 446 36 11
36 431 36 6
314 396 36 4
478 98 36 2
386 167 36 16
471 402 36 5
101 50 36 14
271 294 36 4
75 168 36 17
233 215 36 1
264 99 36 3
256 196 36 17
44 509 36 7
362 501 36 9
406 401 36 20
392 325 36 2
9 487 36 17
86 210 36 12
465 346 36 6
351 31 36 17
290 356 36 19
190 65 36 3
519 108 36 6
212 532 36 3
64 390 36 19
82 296 36 5
16 305 36 18
61 452 36 16
338 431 36 19
358 234 36 19
46 39 36 12
441 228 36 2
485 261 36 2
490 534 36 10
510 112 36 4
446 255 36 7
97 270 36 8
358 331 36 16
281 183 36 2
65 540 36 7
488 101 36 18
172 56 36 2
468 540 36 15
386 544 36 17
288 22 36 14
32 467 36 19
133 79 36 3
54 436 36 12
425 232 36 1
195 358 36 8
198 360 36 8
301 531 36 19
146 451 36 17
251 289 36 9
405 91 36 7
186 122 36 1
221 317 36 6
525 432 36 11
128 371 36 20
459 18 36 15
236 277 36 2
237 30 36 5
232 175 36 16
281 488 36 18
326 407 36 18
393 107 36 13
379 327 36 8
505 305 36 11
519 432 36 1
218 343 36 9
397 94 36 19
327 330 36 14
240 76 36 13
118 356 36 4
409 135 36 11
182 527 36 10
138 420 36 13
472 377 36 17
205 410 36 10
308 142 36 12
491 539 36 3
466 318 36 18
532 72 36 18
225 251 36 13
468 113 36 6
85 294 36 8
355 493 36 19
405 479 36 4
274 136 36 13
89 505 36 11
309 511 36 7
74 429 36 15
231 413 36 3
464 152 36 2
505 134 36 2
195 218 36 12
473 88 36 12
76 492 36 1
179 281 36 1
82 369 36 13
251 130 36 12
349 266 36 1
279 496 36 13
280 412 36 20
532 369 36 11
410 78 36 10
97 3 36 16
213 78 36 17
323 256 36 20
82 400 36 18
346 103 36 4
26 514 36 19
258 245 36 12
355 40 36 6
57 86 36 19
501 10 36 10
130 106 36 16
394 381 36 9
179 218 36 18
182 299 36 13
130 98 36 12
208 185 36 12
66 443 36 7
358 312 36 20
91 430 36 16
192 383 36 5
371 28 36 9
6 483 36 13
327 114 36 9
418 357 36 10
424 486 36 15
47 209 36 7
183 274 36 7
78 146 36 7
13 236 36 17
156 428 36 9
247 313 36 3
444 318 36 3
535 159 36 9
297 92 36 20
357 515 36 1
91 14 36 12
9 196 36 7
432 335 36 12
72 347 36 10
203 503 36 2
170 264 36 5
226 222 36 8
279 272 36 17
445 21 36 11
482 439 36 6
520 529 36 13
218 52 36 3
252 483 36 3
432 69 36 3
300 272 36 20
172 503 36 18
356 182 36 8
373 460 36 12
2 420 36 10
330 416 36 15
141 388 36 9
511 121 36 19
107 372 36 2
522 256 36 14
251 70 36 14
60 241 36 18
132 50 36 9
425 484 36 13
443 485 36 17
542 330 36 8
533 532 36 20
81 10 36 7
228 116 36 11
311 152 36 17
524 465 36 4
461 524 36 7
353 108 36 17
489 532 36 17
52 489 36 5
34 484 36 2
493 531 36 6
246 64 36 17
119 292 36 3
364 117 36 12
379 93 36 20
401 6 36 18
179 420 36 11
68 423 36 11
441 536 36 16
266 22 36 9
420 515 36 8
135 275 36 18
344 394 36 12
184 210 36 12
238 41 36 19
146 503 36 10
93 197 36 2
208 264 36 17
308 157 36 5
350 484 36 16
389 418 36 16
412 5 36 16
13 349 36 3
514 47 36 19
37 284 36 20
261 492 36 10
490 37 36 6
168 306 36 16
269 67 36 18
359 478 36 6
532 381 36 15
187 245 36 20
178 319 36 7
501 285 36 18
547 321 36 7
211 96 36 3
315 100 36 15
130 268 36 14
270 51 36 1
20 471 36 20
316 455 36 3
482 156 36 19
105 334 36 3
139 349 36 12
281 410 36 3
159 73 36 8
44 449 36 6
511 31 36 12
252 363 36 10
59 444 36 15
405 212 36 4
38 208 36 10
524 313 36 18
234 513 36 6
229 246 36 9
60 466 36 17
533 509 36 13
73 535 36 12
428 239 36 11
286 360 36 19
129 279 36 12
427 316 36 6
396 292 36 11
212 526 36 2
377 269 36 20
466 328 36 11
18 375 36 7
81 510 36 17
175 390 36 2
145 190 36 3
12 318 36 3
91 260 36 15
439 108 36 19
5 381 36 8
145 272 36 13
530 190 36 10
348 270 36 4
190 412 36 2
81 101 36 7
211 246 36 16
214 257 36 8
496 409 36 13
547 300 36 13
466 304 36 5
363 510 36 8
43 492 36 20
51 355 36 7
11 59 36 17
479 140 36 16
243 412 36 8
257 78 36 15
42 27 36 15
86 88 36 19
299 6 36 3
408 430 36 2
241 472 36 5
263 38 36 12
70 48 36 5
288 526 36 7
59 283 36 20
138 540 36 10
535 34 36 20
184 182 36 4
257 542 36 4
87 464 36 15
426 157 36 14
224 420 36 17
439 4 36 12
227 353 36 20
154 411 36 9
7 63 36 5
484 50 36 7
503 296 36 8
123 5 36 8
358 153 36 14
412 31 36 15
515 317 36 1
46 270 36 11
295 11 36 9
523 226 36 2
1 232 36 19
503 230 36 4
68 247 36 5
362 370 36 12
103 180 36 14
369 106 36 6
245 74 36 11
55 181 36 1
415 538 36 16
95 513 36 18
186 513 36 18
401 530 36 9
56 112 36 8
69 473 36 9
86 90 36 20
317 521 36 15
32 218 36 8
125 335 36 7
2 264 36 2
436 359 36 5
1 59 36 4
406 459 36 3
494 29 36 12
281 159 36 20
499 306 36 20
411 76 36 3
490 107 36 19
96 294 36 15
491 295 36 17
391 246 36 18
256 308 36 7
148 229 36 6
84 175 36 19
131 517 36 9
104 530 36 1
229 455 36 7
326 397 36 4
156 7 36 11
320 12 36 12
263 402 36 9
16 172 36 3
375 381 36 20
221 464 36 20
96 48 36 18
130 213 36 18
469 503 36 19
398 282 36 4
433 499 36 15
277 334 36 8
415 49 36 2
313 64 36 3
33 500 36 4
467 174 36 1
42 331 36 12
196 460 36 12
331 443 36 10
436 355 36 19
452 241 36 17
536 32 36 11
85 508 36 9
98 335 36 5
344 367 36 20
361 286 36 17
419 328 36 10
462 38 36 10
295 368 36 15
21 318 36 17
90 284 36 13
172 273 36 13
41 419 36 20
504 31 36 14
546 374 36 18
541 250 36 2
223 121 36 15
236 98 36 6
224 392 36 5
107 412 36 17
344 16 36 3
337 187 36 4
422 289 36 7
406 246 36 7
238 306 36 16
437 299 36 7
375 37 36 12
154 272 36 5
33 495 36 14
279 116 36 12
357 460 36 17
172 311 36 5
321 247 36 20
404 167 36 1
517 405 36 12
456 356 36 14
98 245 36 6
469 399 36 17
452 493 36 18
217 224 36 1
517 33 36 16
285 267 36 15
363 40 36 11
121 505 36 14
186 474 36 11
10 383 36 19
194 542 36 10
414 525 36 20
358 429 36 14
312 160 36 8
444 191 36 7
487 475 36 16
356 352 36 18
471 473 36 13
267 111 36 13
468 182 36 19
477 375 36 17
245 241 36 18
412 114 36 18
38 487 36 14
435 383 36 5
379 323 36 19
527 193 36 1
291 178 36 9
75 444 36 15
333 364 36 12
425 355 36 11
27 53 36 11
214 526 36 7
283 16 36 8
510 450 36 8
381 281 36 17
302 322 36 14
513 128 36 9
164 202 36 7
535 534 36 16
55 474 36 8
496 15 36 10
208 228 36 17
33 510 36 19
345 473 36 6
492 368 36 6
414 122 36 4
43 150 36 19
396 375 36 7
160 362 36 19
288 478 36 7
224 427 36 15
273 149 36 13
301 182 36 1
406 526 36 2
413 470 36 20
278 398 36 18
465 502 36 15
293 412 36 19
323 24 36 10
464 312 36 9
530 535 36 16
126 322 36 13
496 75 36 17
281 542 36 8
54 408 36 5
255 138 36 4
93 117 36 18
142 410 36 11
504 185 36 5
257 163 36 12
487 208 36 7
112 333 36 12
494 281 36 14
448 76 36 13
442 129 36 5
420 446 36 3
248 53 36 8
30 195 36 13
285 213 36 8
78 531 36 13
183 470 36 5
398 96 36 11
326 42 36 11
391 4 36 9
512 507 36 8
493 379 36 18
126 79 36 16
423 170 36 9
35 516 36 7
441 47 36 11
462 291 36 10
205 141 36 18
280 529 36 9
150 434 36 9
33 398 36 7
169 343 36 17
203 468 36 16
290 344 36 7
85 440 36 6
31 333 36 4
21 309 36 13
543 28 36 3
129 307 36 6
365 456 36 3
57 4 36 18
256 234 36 15
349 437 36 1
35 179 36 10
375 325 36 14
261 417 36 2
193 500 36 8
477 495 36 6
355 138 36 16
275 502 36 10
82 12 36 15
347 329 36 2
408 192 36 9
389 226 36 19
228 116 36 13
506 376 36 8
85 22 36 8
35 498 36 14
497 367 36 2
233 157 36 6
487 300 36 1
259 99 36 13
265 506 36 16
221 409 36 19
356 89 36 14
268 110 36 18
111 256 36 9
392 290 36 15
197 301 36 20
139 534 36 8
36 535 36 10
6 309 36 7
367 88 36 15
372 308 36 12
117 116 36 1
463 445 36 14
152 9 36 12
471 462 36 8
255 111 36 13
406 249 36 4
228 347 36 14
411 352 36 16
208 233 36 12
510 57 36 14
188 174 36 18
17 151 36 10
502 364 36 15
211 349 36 16
209 118 36 14
507 39 36 3
307 328 36 7
156 192 36 18
313 461 36 2
72 423 36 8
138 125 36 12
382 204 36 7
524 220 36 10
188 430 36 1
314 153 36 15
126 175 36 2
187 481 36 9
109 151 36 18
383 525 36 15
404 49 36 6
543 248 36 3
371 83 36 1
410 121 36 9
266 308 36 4
46 136 36 19
429 262 36 20
303 510 36 2
20 72 36 18
474 516 36 15
357 434 36 16
114 429 36 3
58 314 36 16
205 239 36 13
25 504 36 20
336 64 36 18
252 493 36 7
405 310 36 9
490 329 36 15
179 318 36 10
453 127 36 7
229 240 36 6
314 298 36 9
481 17 36 4
221 41 36 12
330 438 36 14
28 143 36 3
111 62 36 4
157 4 36 15
273 244 36 12
358 212 36 2
390 440 36 2
304 206 36 15
109 139 36 1
89 421 36 19
88 203 36 2
150 293 36 7
219 403 36 10
112 12 36 16
334 347 36 20
326 157 36 3
506 61 36 13
441 427 36 12
125 535 36 15
435 76 36 14
239 225 36 12
480 436 36 15
378 169 36 13
337 281 36 13
361 67 36 11
144 393 36 8
76 413 36 11
24 306 36 16
239 493 36 12
45 380 36 14
271 71 36 3
215 3 36 14
512 442 36 19
118 231 36 12
345 107 36 7
370 250 36 8
67 388 36 8
433 411 36 15
69 103 36 9
301 209 36 2
61 480 36 7
108 209 36 11
106 173 36 10
210 353 36 11
109 150 36 16
74 34 36 20
432 162 36 10
170 47 36 10
275 115 36 10
326 477 36 4
209 53 36 18
224 222 36 11
304 327 36 2
279 51 36 10
546 159 36 20
372 233 36 2
447 179 36 13
363 410 36 5
266 137 36 3
271 524 36 8
484 185 36 19
145 409 36 6
75 227 36 13
178 505 36 12
148 503 36 4
329 327 36 5
544 289 36 6
435 166 36 6
434 431 36 16
1 154 36 11
107 90 36 18
264 296 36 18
96 371 36 1
317 63 36 18
41 211 36 1
470 54 36 15
100 112 36 18
454 61 36 12
124 495 36 6
539 495 36 1
383 116 36 8
474 380 36 6
426 537 36 8
120 306 36 3
318 346 36 13
471 331 36 13
528 430 36 19
264 398 36 9
227 521 36 6
73 27 36 4
72 410 36 12
285 336 36 19
184 277 36 18
515 396 36 15
423 166 36 3
480 151 36 7
167 132 36 11
450 395 36 13
309 137 36 9
115 209 36 16
416 281 36 3
347 18 36 11
110 263 36 6
409 292 36 20
529 167 36 14
510 161 36 17
273 327 36 14
528 292 36 14
148 53 36 9
288 168 36 16
455 98 36 6
484 444 36 7
426 68 36 16
34 538 36 8
100 35 36 9
330 544 36 13
226 331 36 18
191 311 36 20
128 520 36 3
138 261 36 7
419 168 36 4
495 167 36 9
41 45 36 20
520 140 36 2
196 239 36 14
39 84 36 10
166 309 36 5
72 15 36 20
270 142 36 9
35 341 36 19
514 275 36 17
543 222 36 14
45 325 36 4
161 297 36 1
329 493 36 15
470 46 36 5
183 211 36 3
165 282 36 5
35 66 36 5
362 100 36 15
464 66 36 19
186 123 36 14
137 229 36 9
131 389 36 15
265 171 36 16
153 155 36 20
123 337 36 19
464 17 36 3
210 51 36 10
159 474 36 16
449 390 36 17
527 90 36 18
280 226 36 5
357 357 36 11
184 136 36 16
79 350 36 14
20 535 36 18
232 451 36 1
241 114 36 14
378 334 36 9
67 297 36 20
368 277 36 8
369 9 36 17
52 366 36 20
123 64 36 17
426 204 36 17
336 285 36 2
159 32 36 18
484 334 36 16
373 164 36 12
189 230 36 14
455 113 36 11
264 481 36 16
299 532 36 18
204 169 36 11
307 47 36 7
213 444 36 20
167 56 36 2
25 539 36 15
58 426 36 7
487 129 36 19
118 37 36 14
25 300 36 13
2 113 36 2
407 317 36 9
389 76 36 11
28 350 36 3
14 32 36 20
515 118 36 6
318 176 36 15
285 177 36 18
543 294 36 12
304 318 36 20
122 381 36 5
472 302 36 8
506 144 36 9
524 233 36 3
500 308 36 5
47 338 36 20
131 108 36 2
156 454 36 19
310 449 36 20
14 267 36 19
18 389 36 19
135 375 36 11
82 333 36 16
167 371 36 20
117 386 36 4
97 432 36 20
195 15 36 14
530 233 36 14
494 542 36 8
204 8 36 15
293 88 36 14
278 284 36 6
502 427 36 5
446 47 36 7
75 225 36 8
74 321 36 19
410 516 36 14
307 13 36 18
172 507 36 1
485 225 36 14
518 518 36 17
454 248 36 18
280 264 36 13
438 162 36 13
419 298 36 1
301 372 36 1
66 234 36 5
455 55 36 6
44 226 36 17
174 164 36 1
374 196 36 17
175 103 36 11
260 382 36 9
224 272 36 14
296 205 36 6
107 20 36 19
238 148 36 16
338 117 36 20
27 161 36 6
160 396 36 3
32 222 36 5
422 459 36 4
26 171 36 10
441 456 36 15
531 266 36 5
434 372 36 5
161 62 36 8
122 461 36 19
199 487 36 8
501 161 36 3
482 193 36 8
173 67 36 1
451 154 36 11
140 109 36 18
100 155 36 6
326 41 36 7
25 202 36 10
480 385 36 2
505 36 36 2
204 51 36 12
237 47 36 6
69 219 36 12
358 184 36 13
271 323 36 4
153 484 36 12
301 263 36 14
272 349 36 15
367 282 36 7
376 301 36 5
324 504 36 10
494 256 36 14
248 324 36 19
191 134 36 10
288 466 36 18
9 134 36 7
430 496 36 4
345 282 36 1
523 164 36 10
538 539 36 9
103 377 36 10
328 323 36 2
52 85 36 5
56 338 36 3
306 78 36 8
332 148 36 8
356 31 36 9
95 437 36 1
244 413 36 2
190 465 36 17
435 21 36 15
90 348 36 20
547 399 36 20
295 516 36 16
177 275 36 20
101 121 36 10
158 476 36 7
225 85 36 4
88 390 36 18
53 32 36 3
70 467 36 16
526 71 36 10
148 71 36 6
463 365 36 3
22 56 36 13
267 218 36 2
174 437 36 20
112 114 36 18
486 264 36 12
240 378 36 1
520 509 36 4
212 487 36 10
374 149 36 1
388 127 36 5
370 210 36 3
141 538 36 4
32 164 36 5
522 275 36 8
487 275 36 12
418 29 36 11
381 64 36 13
325 275 36 10
340 101 36 15
486 3 36 5
512 372 36 19
47 27 36 4
346 120 36 2
534 94 36 10
351 95 36 13
493 513 36 6
465 408 36 13
399 186 36 1
334 40 36 20
479 525 36 14
142 490 36 19
75 51 36 13
61 396 36 11
210 444 36 2
148 310 36 13
361 255 36 18
180 235 36 5
61 148 36 18
279 543 36 10
50 474 36 18
432 130 36 1
154 205 36 10
388 327 36 20
256 536 36 3
279 136 36 11
335 12 36 3
418 253 36 20
424 313 36 7
67 44 36 17
297 155 36 20
19 102 36 6
230 255 36 12
6 157 36 2
239 474 36 1
368 206 36 6
260 540 36 6
468 473 36 14
425 349 36 7
529 477 36 4
81 226 36 18
106 244 36 1
323 473 36 15
197 540 36 2
459 293 36 14
162 114 36 14
63 435 36 6
521 355 36 6
200 294 36 19
253 275 36 14
411 355 36 2
177 522 36 10
106 298 36 12
290 9 36 7
83 468 36 16
411 82 36 12
336 206 36 18
315 180 36 16
281 441 36 5
172 208 36 15
477 71 36 10
461 248 36 1
142 415 36 2
419 157 36 20
141 301 36 11
156 165 36 19
346 500 36 11
423 329 36 3
369 124 36 1
61 295 36 11
27 224 36 8
471 200 36 2
343 341 36 13
26 274 36 14
265 414 36 20
486 85 36 3
304 430 36 9
265 368 36 11
529 189 36 18
139 312 36 4
503 400 36 6
390 324 36 14
40 119 36 9
104 206 36 2
386 471 36 12
422 471 36 1
75 227 36 4
227 6 36 19
222 534 36 5
340 187 36 17
267 142 36 17
480 47 36 19
282 148 36 19
2 313 36 15
479 151 36 5
400 26 36 11
343 162 36 1
293 389 36 7
62 63 36 5
82 465 36 13
413 246 36 19
112 178 36 5
133 460 36 9
273 523 36 15
133 454 36 8
525 369 36 8
293 164 36 9
350 456 36 10
351 33 36 1
462 114 36 20
212 527 36 6
166 91 36 19
166 223 36 18
375 10 36 11
349 204 36 12
536 181 36 11
200 536 36 20
88 338 36 12
364 203 36 12
280 179 36 20
112 453 36 5
190 71 36 7
446 299 36 13
128 188 36 12
395 537 36 20
21 525 36 3
15 239 36 13
234 389 36 18
424 267 36 19
99 546 36 10
435 111 36 14
264 300 36 1
246 260 36 16
512 450 36 7
240 297 36 11
234 317 36 4
409 393 36 9
148 141 36 15
163 18 36 19
505 178 36 4
416 127 36 11
294 453 36 13
242 151 36 3
4 115 36 16
500 416 36 6
500 103 36 12
539 26 36 16
331 173 36 6
27 398 36 16
474 355 36 5
496 223 36 6
82 516 36 14
29 272 36 8
235 337 36 8
406 289 36 9
387 303 36 3
138 356 36 20
342 202 36 5
202 228 36 6
79 154 36 2
134 164 36 14
315 245 36 15
463 273 36 5
214 23 36 13
141 428 36 3
483 267 36 7
381 466 36 6
303 323 36 14
398 524 36 5
405 56 36 9
157 189 36 10
255 18 36 9
321 542 36 8
174 208 36 12
363 410 36 9
355 345 36 4
103 178 36 10
269 481 36 5
88 393 36 10
135 251 36 13
334 469 36 10
212 239 36 6
397 12 36 14
307 247 36 13
177 124 36 10
51 479 36 6
191 34 36 14
312 364 36 3
270 452 36 17
143 39 36 4
132 434 36 5
372 161 36 14
81 10 36 17
394 316 36 9
366 7 36 4
263 57 36 15
442 309 36 20
375 136 36 6
242 405 36 17
16 62 36 2
102 194 36 17
171 18 36 16
417 160 36 7
251 6 36 1
331 372 36 17
535 87 36 7
185 43 36 15
416 479 36 1
525 173 36 17
538 250 36 10
42 351 36 7
526 522 36 14
139 453 36 16
307 218 36 16
244 63 36 9
248 113 36 5
371 297 36 1
255 227 36 10
336 204 36 16
336 194 36 9
398 297 36 2
168 338 36 10
502 476 36 19
511 297 36 5
40 55 36 8
487 303 36 12
535 126 36 3
140 442 36 7
285 230 36 15
56 18 36 1
77 416 36 8
510 98 36 3
432 115 36 14
383 140 36 7
489 179 36 16
172 180 36 8
515 167 36 10
60 368 36 16
440 167 36 6
477 223 36 20
223 299 36 16
265 323 36 12
159 269 36 12
528 104 36 12
99 45 36 19
272 278 36 9
324 245 36 18
501 366 36 6
25 259 36 2
325 188 36 14
220 472 36 10
529 251 36 15
389 409 36 14
425 389 36 17
538 488 36 20
344 274 36 11
329 51 36 4
542 4 36 11
90 91 36 9
414 477 36 4
350 149 36 6
100 131 36 12
171 34 36 6
511 459 36 19
468 511 36 11
470 370 36 5
264 213 36 11
302 270 36 6
159 359 36 6
336 287 36 8
154 90 36 2
505 189 36 1
497 359 36 12
413 384 36 1
171 305 36 15
415 227 36 9
448 490 36 3
531 306 36 13
195 527 36 4
433 315 36 19
116 468 36 10
495 487 36 11
456 437 36 12
28 364 36 12
58 534 36 6
52 464 36 6
414 426 36 2
504 472 36 17
254 119 36 14
487 66 36 1
397 182 36 12
458 129 36 14
160 99 36 9
282 127 36 14
241 184 36 9
442 297 36 3
446 226 36 16
392 182 36 15
159 498 36 9
389 499 36 12
449 410 36 2
492 320 36 13
474 541 36 13
345 337 36 18
156 31 36 8
501 534 36 16
215 433 36 16
417 277 36 6
57 435 36 13
363 339 36 9
187 302 36 4
254 246 36 19
449 234 36 12
257 31 36 18
254 187 36 1
434 202 36 14
425 417 36 13
95 348 36 19
8 466 36 14
418 281 36 10
294 529 36 7
517 235 36 2
27 198 36 6
139 455 36 1
40 161 36 19
519 109 36 8
437 48 36 3
240 204 36 7
381 211 36 19
472 143 36 6
354 436 36 1
538 467 36 11
544 8 36 6
174 146 36 5
444 186 36 18
477 157 36 12
103 108 36 18
206 347 36 9
172 180 36 12
56 167 36 9
220 520 36 10
428 25 36 20
386 21 36 3
541 257 36 4
118 215 36 3
464 145 36 9
433 247 36 15
449 452 36 13
122 138 36 5
130 193 36 5
218 413 36 14
318 355 36 5
338 193 36 5
366 248 36 6
54 427 36 20
474 405 36 6
18 290 36 3
216 254 36 2
275 437 36 20
513 19 36 9
433 298 36 5
325 69 36 8
303 406 36 18
302 286 36 14
10 339 36 10
542 265 36 9
123 344 36 16
498 12 36 11
292 286 36 18
285 314 36 2
409 199 36 13
522 38 36 18
443 340 36 20
71 95 36 20
8 166 36 11
372 160 36 17
47 345 36 16
73 295 36 12
352 101 36 19
520 385 36 20
222 309 36 4
222 345 36 12
351 240 36 12
339 310 36 5
190 318 36 12
317 142 36 19
285 250 36 5
50 322 36 12
374 126 36 5
13 161 36 12
450 382 36 20
115 118 36 17
364 531 36 12
405 322 36 8
541 511 36 16
419 342 36 13
456 142 36 6
291 191 36 4
481 17 36 7
225 91 36 2
415 540 36 14
428 169 36 14
238 532 36 1
288 390 36 6
163 445 36 7
354 316 36 16
264 224 36 12
424 29 36 2
358 510 36 7
417 249 36 15
152 178 36 19
268 58 36 20
78 295 36 3
357 36 36 10
472 198 36 14
127 66 36 10
62 392 36 12
200 268 36 2
529 140 36 6
451 71 36 5
401 222 36 6
406 4 36 20
33 82 36 7
253 500 36 15
315 424 36 7
274 3 36 19
63 127 36 14
137 388 36 6
302 431 36 6
367 334 36 16
257 250 36 11
262 108 36 14
386 202 36 12
258 454 36 13
226 221 36 14
454 9 36 2
200 133 36 3
399 332 36 20
380 86 36 4
15 515 36 3
205 224 36 1
132 1 36 8
1 386 36 10
74 158 36 3
38 384 36 6
1 352 36 14
514 66 36 14
121 526 36 19
178 420 36 14
180 434 36 11
30 91 36 18
68 223 36 9
337 285 36 7
198 358 36 5
28 457 36 3
141 458 36 7
262 486 36 7
30 122 36 16
192 361 36 11
439 540 36 17
168 22 36 2
182 151 36 3
135 487 36 10
535 200 36 2
60 227 36 5
516 429 36 19
228 143 36 1
6 235 36 10
370 488 36 17
545 441 36 17
58 123 36 13
333 304 36 4
221 438 36 3
517 487 36 6
77 547 36 19
155 515 36 9
205 195 36 19
255 262 36 12
365 85 36 2
349 144 36 18
326 201 36 14
386 534 36 8
111 269 36 19
323 301 36 3
249 377 36 7
402 46 36 10
498 250 36 2
189 504 36 11
177 383 36 11
104 247 36 13
534 25 36 5
538 472 36 9
237 97 36 19
498 482 36 3
151 183 36 3
350 99 36 15
31 49 36 9
515 300 36 5
229 476 36 6
27 94 36 7
515 80 36 17
234 71 36 8
485 369 36 3
520 381 36 17
308 531 36 7
534 395 36 10
258 487 36 16
293 455 36 2
285 198 36 4
174 225 36 11
371 254 36 6
45 2 36 1
252 487 36 15
8 521 36 8
308 282 36 4
305 330 36 11
400 41 36 16
121 333 36 6
141 132 36 11
89 367 36 12
193 190 36 9
438 234 36 4
206 485 36 8
466 8 36 3
13 377 36 12
153 134 36 17
140 48 36 15
66 169 36 2
509 309 36 20
117 460 36 8
496 105 36 6
96 57 36 8
245 262 36 15
395 242 36 16
457 255 36 4
376 407 36 1
16 61 36 12
367 126 36 1
442 149 36 1
163 265 36 14
250 275 36 15
42 371 36 9
6 130 36 8
516 525 36 18
1 434 36 7
409 324 36 18
465 402 36 17
83 221 36 16
417 177 36 19
89 339 36 2
158 104 36 14
455 207 36 13
261 212 36 6
328 242 36 19
213 304 36 7
353 227 36 13
413 206 36 2
534 289 36 20
295 220 36 19
266 308 36 20
17 527 36 9
43 434 36 11
500 147 36 7
540 536 36 17
10 201 36 14
460 68 36 15
264 481 36 18
406 467 36 9
222 276 36 5
215 541 36 2
123 73 36 17
134 115 36 16
351 67 36 7
295 60 36 9
543 69 36 19
547 44 36 5
292 307 36 15
243 227 36 18
544 449 36 17
32 178 36 2
312 300 36 11
86 433 36 1
355 236 36 1
223 46 36 15
141 41 36 1
322 102 36 2
85 393 36 18
266 151 36 11
428 209 36 11
318 241 36 5
263 67 36 4
281 215 36 8
474 22 36 3
187 307 36 12
21 447 36 7
533 283 36 5
55 367 36 13
493 147 36 7
1 89 36 15
81 406 36 14
276 184 36 9
285 526 36 3
179 452 36 3
370 154 36 8
60 236 36 6
398 221 36 14
291 338 36 18
29 283 36 10
41 345 36 1
199 425 36 5
113 153 36 17
93 499 36 7
287 130 36 16
17 499 36 3
539 11 36 14
537 409 36 3
332 152 36 2
494 242 36 17
318 282 36 14
230 542 36 19
62 169 36 20
140 261 36 20
195 62 36 18
217 79 36 4
454 132 36 15
380 183 36 16
41 514 36 4
39 523 36 3
381 355 36 19
520 99 36 6
51 160 36 3
343 299 36 16
39 9 36 9
411 225 36 3
249 132 36 18
160 511 36 19
479 4 36 3
464 42 36 8
267 484 36 3
351 456 36 12
492 21 36 12
254 425 36 18
276 463 36 18
484 388 36 7
223 89 36 18
217 249 36 9
393 242 36 10
51 221 36 6
230 487 36 5
279 353 36 8
425 297 36 5
184 3 36 19
304 340 36 1
431 277 36 16
298 14 36 11
296 231 36 1
257 76 36 1
283 126 36 17
412 418 36 7
477 149 36 14
512 26 36 15
82 272 36 20
76 28 36 9
532 520 36 1
343 271 36 18
243 81 36 6
514 400 36 19
418 197 36 18
119 62 36 12
245 53 36 7
237 80 36 15
