3000 300
173 58 120 19
215 376 120 17
241 44 120 7
59 396 120 12
494 352 120 14
230 24 120 17
157 346 120 20
521 247 120 7
176 148 120 11
530 50 120 5
341 222 120 7
126 498 120 14
389 191 120 9
81 312 120 7
7 258 120 2
128 488 120 3
521 159 120 1
29 132 120 12
242 369 120 19
243 413 120 8
384 206 120 1
98 393 120 2
125 296 120 18
257 376 120 4
238 382 120 17
85 24 120 1
18 545 120 14
295 88 120 16
272 391 120 2
521 87 120 3
209 532 120 1
181 82 120 2
166 268 120 6
279 525 120 11
218 277 120 9
476 424 120 12
128 441 120 2
546 250 120 6
64 37 120 1
434 10 120 19
185 218 120 16
140 461 120 17
3 79 120 17
160 419 120 7
146 89 120 13
28 79 120 9
542 206 120 5
507 205 120 6
74 268 120 2
31 216 120 4
137 462 120 15
227 117 120 12
522 181 120 12
538 340 120 16
531 547 120 19
378 27 120 18
100 84 120 4
325 105 120 12
252 240 120 17
153 270 120 17
187 406 120 13
376 147 120 15
56 122 120 8
298 112 120 10
474 158 120 18
190 50 120 14
47 149 120 8
110 473 120 6
438 177 120 1
2 391 120 5
390 30 120 2
145 468 120 5
79 523 120 12
192 335 120 11
98 261 120 7
66 513 120 9
60 74 120 9
137 183 120 9
442 136 120 20
377 199 120 1
34 103 120 9
221 309 120 16
8 387 120 1
524 94 120 16
182 191 120 7
544 256 120 18
408 377 120 14
421 28 120 9
421 469 120 16
112 298 120 3
194 394 120 6
368 67 120 10
461 136 120 20
107 175 120 5
25 356 120 6
265 353 120 19
471 213 120 19
265 148 120 3
303 83 120 10
477 195 120 14
363 450 120 5
352 270 120 16
164 246 120 18
362 352 120 16
169 438 120 20
166 155 120 7
480 140 120 17
139 466 120 8
373 222 120 18
528 151 120 20
495 28 120 2
309 441 120 3
189 57 120 4
204 481 120 1
456 102 120 5
454 329 120 19
319 261 120 15
458 462 120 16
136 287 120 13
506 329 120 18
522 338 120 9
441 99 120 9
145 287 120 9
93 6 120 18
455 461 120 4
159 429 120 20
80 262 120 17
203 172 120 12
182 308 120 12
444 328 120 6
371 302 120 7
325 258 120 5
235 464 120 9
202 71 120 14
163 525 120 11
226 199 120 15
69 340 120 20
297 542 120 15
377 238 120 18
320 196 120 7
106 81 120 13
168 468 120 18
452 155 120 4
413 418 120 7
442 34 120 18
445 259 120 3
392 389 120 12
537 139 120 6
369 30 120 18
508 412 120 6
489 517 120 9
225 199 120 6
341 103 120 17
312 31 120 20
415 534 120 3
10 493 120 2
351 337 120 16
61 327 120 10
250 148 120 11
254 171 120 17
454 112 120 17
187 398 120 19
449 192 120 13
318 18 120 5
120 494 120 4
502 503 120 5
48 368 120 1
107 428 120 5
241 193 120 11
529 508 120 7
134 414 120 7
256 115 120 1
91 16 120 13
90 396 120 7
120 30 120 5
135 532 120 12
158 94 120 4
456 200 120 18
109 503 120 17
519 484 120 6
5 71 120 1
212 388 120 20
269 478 120 10
32 20 120 9
421 139 120 16
209 336 120 16
14 493 120 18
249 463 120 3
427 25 120 7
311 58 120 4
156 125 120 11
415 336 120 4
241 119 120 13
144 150 120 19
505 85 120 9
410 355 120 16
299 368 120 16
343 132 120 20
40 73 120 6
301 445 120 16
499 54 120 3
343 468 120 6
513 223 120 17
127 428 120 8
370 385 120 5
267 309 120 4
436 60 120 16
66 465 120 5
159 504 120 20
275 320 120 18
511 333 120 15
386 128 120 4
534 155 120 12
315 282 120 20
307 166 120 18
383 432 120 19
266 383 120 12
32 448 120 13
475 59 120 16
506 396 120 8
496 421 120 16
477 260 120 7
440 246 120 7
78 76 120 10
205 382 120 6
170 218 120 10
444 483 120 3
354 514 120 12
181 504 120 3
511 524 120 7
129 472 120 11
140 401 120 12
217 355 120 7
511 494 120 9
538 151 120 1
308 321 120 2
448 279 120 15
484 147 120 9
483 327 120 7
479 352 120 13
384 542 120 20
163 135 120 6
201 351 120 14
547 314 120 3
482 367 120 16
190 127 120 7
239 89 120 10
224 88 120 4
237 23 120 13
268 16 120 17
275 462 120 10
206 139 120 1
114 340 120 16
376 401 120 4
37 335 120 16
519 40 120 17
166 278 120 15
214 16 120 10
347 252 120 9
320 519 120 17
98 308 120 14
418 28 120 10
386 141 120 15
158 516 120 8
306 67 120 17
272 39 120 15
427 266 120 11
186 541 120 14
31 340 120 18
508 175 120 3
392 334 120 3
251 266 120 3
249 105 120 2
101 262 120 3
415 20 120 10
32 292 120 17
234 233 120 11
229 480 120 5
240 511 120 4
17 471 120 11
374 377 120 10
492 143 120 4
91 391 120 12
439 7 120 13
208 483 120 20
168 514 120 11
166 201 120 2
491 491 120 9
263 183 120 12
436 199 120 7
236 88 120 8
431 32 120 15
283 122 120 1
301 75 120 1
34 345 120 18
395 512 120 3
15 193 120 16
414 136 120 7
199 460 120 20
9 348 120 14
352 36 120 2
524 467 120 6
291 264 120 2
25 80 120 9
313 113 120 15
536 22 120 5
178 36 120 10
145 449 120 16
540 163 120 17
147 233 120 10
500 37 120 11
393 75 120 8
380 427 120 4
3 452 120 7
185 217 120 5
289 205 120 9
295 444 120 13
70 103 120 7
465 157 120 18
350 304 120 1
521 256 120 20
242 164 120 16
491 543 120 1
518 545 120 6
78 244 120 16
420 532 120 16
175 341 120 20
26 410 120 5
388 390 120 7
427 192 120 7
152 227 120 10
522 468 120 4
419 473 120 19
258 506 120 16
1 98 120 3
507 517 120 20
185 206 120 9
431 294 120 1
170 134 120 10
127 76 120 16
326 227 120 18
357 263 120 16
4 196 120 19
193 454 120 1
441 454 120 9
447 414 120 15
500 113 120 5
347 543 120 6
180 227 120 4
402 354 120 13
268 194 120 9
423 3 120 3
14 6 120 3
139 260 120 8
222 215 120 7
526 176 120 12
190 129 120 14
184 537 120 19
409 169 120 13
283 23 120 13
231 352 120 18
468 290 120 9
419 365 120 17
81 503 120 16
196 239 120 17
218 217 120 6
167 468 120 15
291 105 120 20
411 28 120 5
210 310 120 19
424 541 120 10
284 523 120 14
146 394 120 3
75 537 120 3
263 185 120 14
180 464 120 8
210 84 120 19
431 374 120 12
155 237 120 4
110 508 120 5
86 384 120 1
476 182 120 12
123 327 120 1
134 401 120 1
224 178 120 7
5 357 120 11
2 82 120 15
44 27 120 12
251 181 120 2
486 290 120 15
484 376 120 9
536 366 120 19
17 4 120 7
500 199 120 7
425 423 120 16
49 427 120 12
137 491 120 2
308 534 120 8
368 299 120 2
179 300 120 11
12 298 120 3
291 348 120 7
143 364 120 11
445 378 120 13
53 317 120 8
448 366 120 1
168 502 120 10
515 325 120 6
342 207 120 12
349 447 120 20
222 520 120 6
471 264 120 15
53 468 120 13
185 365 120 10
515 479 120 20
174 380 120 15
321 62 120 5
349 29 120 3
487 370 120 5
438 233 120 8
80 517 120 2
80 440 120 12
428 492 120 12
108 129 120 4
227 96 120 11
53 331 120 15
307 104 120 20
30 514 120 19
139 515 120 9
454 406 120 9
183 547 120 15
493 79 120 9
458 22 120 5
404 191 120 5
230 417 120 14
49 469 120 6
247 290 120 7
21 381 120 4
370 519 120 4
57 487 120 9
39 184 120 11
474 130 120 7
379 102 120 20
165 20 120 18
142 311 120 6
214 359 120 16
131 58 120 5
214 78 120 15
264 448 120 10
281 19 120 4
218 57 120 18
154 46 120 11
168 424 120 10
266 41 120 3
6 244 120 16
163 457 120 13
303 103 120 14
247 316 120 20
510 94 120 12
260 436 120 6
11 106 120 16
7 259 120 3
71 489 120 8
359 269 120 15
120 336 120 6
192 498 120 16
75 315 120 20
77 15 120 12
219 39 120 14
323 360 120 3
446 432 120 17
78 439 120 8
302 24 120 1
402 382 120 20
57 502 120 2
503 146 120 14
374 220 120 1
408 358 120 9
211 30 120 12
170 352 120 2
502 312 120 12
516 389 120 10
242 143 120 19
456 59 120 8
453 116 120 4
239 133 120 10
37 506 120 2
149 367 120 14
400 92 120 12
142 261 120 3
243 277 120 14
229 246 120 10
106 487 120 11
6 458 120 18
350 363 120 3
100 116 120 15
58 152 120 20
296 363 120 19
345 215 120 3
485 356 120 16
430 51 120 6
201 342 120 4
360 509 120 1
177 30 120 6
53 379 120 2
105 540 120 1
290 112 120 6
496 408 120 12
520 205 120 4
89 143 120 9
528 87 120 16
149 349 120 9
77 223 120 5
491 462 120 13
331 514 120 13
533 133 120 16
365 485 120 9
411 433 120 8
272 405 120 10
409 9 120 7
416 51 120 13
536 261 120 1
449 337 120 13
324 342 120 10
228 125 120 10
25 172 120 7
424 52 120 16
387 524 120 8
272 311 120 14
423 234 120 3
170 103 120 15
64 91 120 7
369 539 120 18
349 378 120 4
243 58 120 8
103 145 120 5
219 83 120 13
211 531 120 13
149 255 120 11
492 192 120 14
296 361 120 3
212 487 120 13
388 308 120 1
415 109 120 6
237 413 120 16
245 30 120 16
424 248 120 1
170 458 120 3
439 60 120 5
471 66 120 13
251 362 120 12
134 88 120 4
168 538 120 13
256 405 120 11
174 156 120 19
274 400 120 18
517 277 120 15
358 508 120 16
181 461 120 10
259 446 120 10
43 149 120 9
249 344 120 1
395 512 120 17
362 282 120 10
438 518 120 6
440 244 120 6
472 275 120 1
204 85 120 16
393 266 120 15
219 39 120 20
110 143 120 20
362 391 120 3
216 238 120 20
61 53 120 3
372 5 120 18
291 506 120 8
63 430 120 5
235 86 120 4
367 541 120 1
350 274 120 12
293 383 120 1
447 259 120 12
397 536 120 7
373 49 120 12
145 482 120 17
435 288 120 5
482 412 120 4
257 100 120 18
117 466 120 17
303 331 120 19
528 138 120 17
285 37 120 7
10 495 120 13
520 320 120 13
49 465 120 14
192 414 120 19
293 348 120 9
338 58 120 15
407 236 120 16
46 538 120 15
443 518 120 3
252 318 120 10
257 327 120 12
251 361 120 14
417 472 120 16
517 178 120 3
358 470 120 7
63 260 120 7
476 182 120 11
260 289 120 19
375 247 120 8
142 498 120 5
7 208 120 5
367 520 120 4
15 389 120 16
188 358 120 6
228 230 120 2
68 292 120 7
512 282 120 11
159 542 120 10
343 431 120 13
498 87 120 8
485 93 120 18
314 522 120 11
503 536 120 7
69 238 120 12
359 465 120 3
148 532 120 2
196 11 120 1
488 169 120 17
36 27 120 8
315 39 120 16
59 524 120 19
73 290 120 3
120 245 120 10
9 375 120 7
317 248 120 10
369 395 120 15
166 43 120 18
245 45 120 11
379 80 120 14
459 394 120 18
77 515 120 14
397 102 120 19
144 283 120 8
488 291 120 16
523 122 120 20
537 491 120 1
535 171 120 17
59 477 120 8
299 309 120 13
79 282 120 18
445 358 120 9
302 270 120 4
25 413 120 17
539 416 120 16
333 453 120 10
436 442 120 3
324 491 120 16
317 3 120 20
354 301 120 5
532 441 120 18
10 401 120 15
64 217 120 17
281 242 120 6
234 233 120 12
539 19 120 9
418 516 120 10
303 293 120 18
420 124 120 1
404 539 120 2
212 523 120 14
362 48 120 7
261 173 120 14
491 516 120 12
102 264 120 20
127 255 120 2
58 187 120 9
6 4 120 12
383 423 120 16
215 342 120 20
471 6 120 8
12 367 120 18
14 143 120 6
233 148 120 18
146 311 120 3
292 438 120 8
517 10 120 2
226 15 120 17
227 460 120 10
351 189 120 10
528 113 120 13
196 186 120 17
457 199 120 7
406 494 120 11
261 92 120 16
441 445 120 4
390 477 120 4
526 155 120 5
180 382 120 5
256 247 120 8
127 290 120 10
126 547 120 9
492 456 120 3
515 377 120 6
263 90 120 13
259 46 120 10
269 497 120 12
288 475 120 7
445 107 120 17
453 425 120 17
164 4 120 7
49 191 120 18
119 136 120 8
387 165 120 13
117 427 120 18
485 200 120 18
203 468 120 4
398 270 120 16
262 168 120 12
507 135 120 20
513 360 120 2
324 408 120 10
133 41 120 13
460 427 120 5
69 543 120 19
377 542 120 12
244 198 120 13
61 110 120 3
415 433 120 1
328 454 120 8
180 481 120 7
35 257 120 11
142 452 120 8
385 364 120 12
307 495 120 10
108 386 120 12
171 82 120 1
217 205 120 8
532 72 120 11
529 461 120 14
113 93 120 6
118 127 120 4
45 268 120 7
12 167 120 6
405 473 120 12
371 34 120 11
270 266 120 4
489 544 120 15
333 528 120 3
61 509 120 7
243 136 120 18
420 315 120 9
306 359 120 10
159 370 120 12
375 290 120 13
53 113 120 2
178 444 120 18
384 448 120 11
310 233 120 5
368 355 120 18
278 112 120 15
341 531 120 4
46 290 120 17
18 510 120 3
156 399 120 12
282 513 120 17
441 143 120 11
381 41 120 5
317 412 120 15
295 233 120 7
235 25 120 12
435 427 120 5
340 472 120 3
118 4 120 12
328 222 120 9
342 503 120 5
531 397 120 2
131 292 120 12
178 61 120 12
519 417 120 18
120 105 120 4
380 54 120 4
77 393 120 1
186 25 120 2
196 415 120 13
118 271 120 18
6 254 120 11
35 384 120 9
167 14 120 14
164 532 120 11
392 167 120 8
160 546 120 20
354 137 120 2
534 323 120 18
171 33 120 15
91 150 120 12
452 217 120 16
176 314 120 3
254 480 120 3
391 96 120 4
460 3 120 11
86 224 120 15
312 92 120 14
445 140 120 1
118 311 120 16
204 463 120 11
14 367 120 12
140 58 120 3
164 311 120 11
201 216 120 5
347 129 120 1
50 276 120 3
299 41 120 6
199 547 120 2
421 179 120 13
190 383 120 11
108 458 120 4
305 112 120 12
330 275 120 7
226 538 120 3
341 337 120 17
458 387 120 20
313 200 120 12
197 460 120 14
282 395 120 2
193 37 120 4
19 206 120 19
211 26 120 5
523 355 120 18
112 95 120 7
464 435 120 7
397 407 120 1
121 172 120 3
493 430 120 6
318 227 120 2
322 481 120 18
222 499 120 13
95 224 120 13
18 199 120 16
339 373 120 10
41 289 120 5
141 201 120 15
143 383 120 8
343 328 120 7
456 99 120 12
477 482 120 16
535 156 120 13
313 313 120 14
116 392 120 16
335 183 120 4
102 285 120 12
366 425 120 5
4 82 120 18
422 425 120 19
238 395 120 12
342 324 120 3
379 311 120 11
367 76 120 7
32 191 120 7
504 41 120 8
316 142 120 20
416 22 120 18
232 87 120 13
429 24 120 9
407 323 120 3
545 118 120 9
70 496 120 19
422 316 120 3
476 409 120 7
375 365 120 4
517 133 120 3
397 63 120 7
278 294 120 20
178 238 120 4
503 97 120 13
189 157 120 3
199 288 120 17
35 162 120 10
493 153 120 4
109 42 120 6
313 73 120 19
173 531 120 14
54 261 120 1
22 439 120 4
137 456 120 13
513 159 120 12
520 420 120 3
538 454 120 3
386 461 120 16
95 22 120 4
168 334 120 19
435 506 120 19
280 75 120 15
480 158 120 14
308 295 120 9
356 322 120 6
14 294 120 10
21 347 120 11
251 247 120 3
149 342 120 5
25 509 120 7
36 459 120 9
31 253 120 4
286 185 120 15
494 7 120 2
1 424 120 1
337 437 120 15
484 519 120 11
536 285 120 18
17 433 120 12
66 519 120 10
510 70 120 17
428 100 120 3
420 385 120 4
23 393 120 19
466 393 120 8
199 182 120 16
225 180 120 3
112 169 120 13
245 247 120 5
235 312 120 11
186 336 120 12
110 217 120 19
286 89 120 14
161 111 120 2
42 92 120 3
408 290 120 2
117 514 120 10
407 140 120 8
495 446 120 19
469 133 120 7
476 380 120 2
5 489 120 5
180 227 120 7
316 449 120 5
235 490 120 10
61 413 120 6
192 44 120 15
441 450 120 7
373 460 120 12
4 443 120 12
8 433 120 6
348 437 120 20
356 131 120 10
515 446 120 17
238 195 120 13
113 317 120 16
340 508 120 9
532 402 120 8
317 227 120 4
62 293 120 6
486 362 120 12
258 162 120 17
519 33 120 19
459 547 120 19
362 299 120 14
270 474 120 2
43 266 120 16
407 250 120 18
188 81 120 3
490 142 120 8
140 143 120 15
284 400 120 3
317 433 120 11
542 344 120 13
180 221 120 15
12 490 120 1
222 48 120 5
392 454 120 1
417 156 120 17
183 160 120 6
303 361 120 1
299 97 120 7
395 413 120 14
100 469 120 5
352 101 120 15
417 174 120 20
408 457 120 4
241 301 120 15
323 232 120 4
1 476 120 2
368 293 120 6
453 45 120 7
391 439 120 13
277 54 120 2
506 405 120 12
470 274 120 8
376 196 120 11
330 436 120 9
251 211 120 2
328 212 120 10
78 94 120 2
127 61 120 14
333 452 120 20
467 243 120 9
521 201 120 14
191 185 120 13
95 13 120 14
518 342 120 13
147 108 120 2
7 435 120 18
343 27 120 6
487 215 120 3
65 1 120 10
144 529 120 13
338 17 120 8
389 269 120 9
166 426 120 15
138 396 120 3
60 542 120 6
255 63 120 20
113 468 120 18
127 407 120 15
201 533 120 20
241 130 120 6
523 529 120 6
35 371 120 13
216 51 120 13
471 251 120 9
521 310 120 9
193 17 120 14
361 192 120 6
9 318 120 6
418 33 120 20
404 273 120 6
309 310 120 4
292 344 120 16
544 74 120 18
127 544 120 2
105 33 120 12
139 225 120 11
298 101 120 7
314 171 120 14
252 103 120 10
175 506 120 20
289 267 120 16
384 73 120 9
365 70 120 15
396 258 120 20
130 363 120 19
235 16 120 9
419 313 120 8
247 80 120 18
454 393 120 9
146 20 120 12
172 370 120 4
22 268 120 10
215 147 120 7
481 542 120 7
259 186 120 9
68 421 120 1
102 354 120 6
298 54 120 12
117 507 120 17
100 168 120 8
526 401 120 18
186 423 120 6
528 152 120 13
453 86 120 6
89 406 120 20
149 473 120 5
225 90 120 3
66 449 120 1
110 81 120 16
546 180 120 16
516 221 120 8
308 468 120 12
429 448 120 4
150 416 120 17
413 504 120 7
376 168 120 20
336 392 120 17
40 519 120 5
407 81 120 4
186 79 120 10
256 109 120 15
117 478 120 14
463 359 120 7
413 509 120 2
510 436 120 9
527 326 120 15
469 114 120 13
16 153 120 16
73 12 120 19
272 259 120 6
103 514 120 16
155 146 120 18
127 123 120 9
123 50 120 10
535 74 120 2
356 53 120 20
406 36 120 12
362 113 120 9
289 185 120 2
296 456 120 8
443 74 120 4
213 228 120 19
398 416 120 4
456 538 120 10
538 525 120 17
22 395 120 3
317 315 120 16
301 191 120 3
438 479 120 2
102 227 120 14
86 184 120 10
98 396 120 4
256 308 120 13
50 279 120 12
503 331 120 13
419 352 120 18
512 183 120 19
31 484 120 6
271 374 120 8
211 537 120 9
60 75 120 20
43 235 120 2
254 490 120 18
332 54 120 2
463 9 120 11
87 490 120 11
167 454 120 8
76 546 120 7
176 331 120 8
270 542 120 11
43 54 120 5
546 158 120 4
475 411 120 7
165 196 120 1
132 173 120 5
492 321 120 14
109 2 120 15
455 140 120 3
253 377 120 20
486 99 120 20
161 141 120 8
35 202 120 14
81 191 120 12
131 355 120 8
235 487 120 13
409 493 120 6
40 54 120 10
186 23 120 10
330 275 120 3
319 275 120 10
241 498 120 13
339 532 120 9
48 66 120 7
168 258 120 15
482 492 120 8
546 415 120 16
384 516 120 1
223 216 120 19
201 60 120 7
70 379 120 10
38 134 120 13
209 472 120 4
95 520 120 15
172 140 120 4
542 136 120 2
427 197 120 15
258 33 120 6
141 255 120 11
47 517 120 2
290 101 120 20
260 201 120 16
242 409 120 10
270 18 120 2
364 190 120 20
168 246 120 11
40 125 120 8
327 444 120 8
98 38 120 12
146 84 120 9
191 435 120 2
130 209 120 11
201 450 120 1
197 235 120 20
227 51 120 7
458 280 120 8
278 319 120 3
355 99 120 6
465 258 120 19
281 465 120 12
191 170 120 2
201 299 120 8
349 500 120 4
482 211 120 15
23 438 120 15
363 410 120 19
400 140 120 1
15 10 120 2
136 474 120 8
293 269 120 5
49 459 120 10
240 112 120 16
154 522 120 1
517 456 120 14
83 541 120 5
183 418 120 9
78 332 120 15
291 409 120 12
179 544 120 11
324 351 120 12
386 400 120 6
70 154 120 4
115 307 120 10
112 338 120 14
382 420 120 14
56 118 120 13
140 195 120 6
426 547 120 8
173 178 120 16
394 501 120 9
336 401 120 1
251 470 120 2
340 38 120 11
404 211 120 3
438 107 120 14
527 225 120 9
1 426 120 19
291 304 120 4
505 477 120 5
167 385 120 1
242 173 120 16
169 485 120 19
249 340 120 10
150 196 120 9
327 148 120 16
438 127 120 1
119 189 120 4
56 479 120 10
539 498 120 12
167 118 120 20
357 359 120 17
400 528 120 9
427 291 120 18
7 441 120 6
344 282 120 14
240 172 120 19
423 352 120 13
484 407 120 13
301 398 120 8
110 17 120 4
364 435 120 9
244 287 120 4
123 228 120 10
403 234 120 8
331 30 120 13
468 332 120 10
184 207 120 7
150 205 120 14
47 505 120 14
504 129 120 3
46 8 120 1
494 251 120 11
498 435 120 3
184 352 120 12
372 135 120 20
294 117 120 20
449 300 120 8
346 511 120 15
164 72 120 15
379 29 120 14
125 74 120 1
305 82 120 4
286 33 120 11
495 278 120 19
452 103 120 5
500 458 120 2
333 360 120 20
433 220 120 11
191 384 120 20
515 277 120 5
482 402 120 9
395 159 120 14
134 445 120 10
308 454 120 10
347 420 120 14
36 372 120 6
387 219 120 14
6 167 120 4
72 357 120 14
272 386 120 17
15 320 120 18
379 167 120 13
339 363 120 17
393 185 120 12
177 46 120 17
64 81 120 16
532 530 120 7
265 535 120 19
217 121 120 6
130 393 120 6
319 469 120 5
362 300 120 10
78 153 120 18
239 60 120 11
429 237 120 20
430 362 120 20
379 346 120 6
546 63 120 5
333 341 120 12
537 470 120 17
33 241 120 4
395 117 120 15
438 195 120 1
359 495 120 13
401 376 120 11
4 320 120 13
297 151 120 20
24 150 120 9
348 544 120 3
183 48 120 5
472 80 120 5
197 536 120 10
222 427 120 15
462 300 120 5
214 153 120 3
264 219 120 19
128 30 120 6
399 115 120 4
185 462 120 11
373 97 120 13
546 83 120 6
475 280 120 8
520 16 120 7
212 477 120 1
398 205 120 12
412 468 120 12
199 110 120 12
199 508 120 6
409 207 120 9
69 33 120 6
323 93 120 11
171 20 120 9
8 539 120 14
271 203 120 5
348 115 120 20
93 527 120 3
55 240 120 12
109 500 120 16
339 362 120 13
421 492 120 4
177 267 120 9
78 437 120 2
257 445 120 10
452 230 120 13
92 93 120 1
483 185 120 10
309 301 120 18
183 409 120 9
80 262 120 20
183 198 120 5
380 374 120 20
184 451 120 7
8 161 120 12
371 127 120 1
513 218 120 19
222 215 120 9
520 524 120 11
510 221 120 7
452 362 120 4
271 59 120 1
33 500 120 15
124 137 120 18
104 144 120 17
43 29 120 5
273 541 120 12
49 278 120 3
8 250 120 6
268 212 120 20
452 178 120 11
412 510 120 13
507 543 120 11
5 181 120 11
501 284 120 6
125 388 120 16
423 113 120 7
515 161 120 10
274 169 120 3
10 498 120 7
513 464 120 10
345 328 120 13
236 349 120 11
80 416 120 4
59 369 120 18
244 494 120 16
396 431 120 10
118 398 120 8
117 186 120 1
427 195 120 19
401 222 120 18
67 20 120 3
305 317 120 16
538 396 120 10
404 517 120 2
68 213 120 1
57 123 120 11
283 240 120 3
60 418 120 12
129 297 120 2
148 150 120 6
146 279 120 5
534 36 120 11
238 27 120 16
295 492 120 13
235 13 120 3
184 131 120 19
15 413 120 1
306 534 120 4
235 177 120 8
420 387 120 13
218 532 120 7
97 33 120 2
355 270 120 9
399 17 120 11
536 314 120 16
276 497 120 3
201 26 120 19
428 331 120 5
525 80 120 11
371 15 120 6
429 294 120 19
218 453 120 14
105 260 120 16
79 173 120 8
60 161 120 2
53 498 120 19
177 152 120 9
228 94 120 8
265 133 120 5
479 503 120 3
532 385 120 19
85 117 120 8
279 283 120 17
195 424 120 5
190 483 120 4
498 536 120 8
332 165 120 16
130 392 120 20
382 109 120 3
166 103 120 17
27 87 120 13
181 233 120 17
240 26 120 16
73 221 120 13
16 472 120 10
181 485 120 15
296 269 120 2
78 460 120 17
14 294 120 9
21 522 120 15
107 63 120 12
30 305 120 20
131 544 120 10
515 131 120 3
228 208 120 6
486 450 120 3
184 198 120 8
47 337 120 7
362 351 120 1
239 433 120 12
280 539 120 2
408 21 120 9
345 213 120 20
245 243 120 7
490 470 120 10
112 470 120 16
218 107 120 5
45 153 120 11
394 514 120 19
5 268 120 19
198 547 120 19
454 469 120 3
466 328 120 8
537 26 120 20
190 30 120 11
113 141 120 4
422 358 120 20
444 464 120 5
318 311 120 15
541 377 120 19
103 27 120 15
264 542 120 13
446 461 120 14
355 512 120 18
506 216 120 8
94 328 120 1
152 203 120 11
378 161 120 13
209 478 120 14
69 472 120 10
257 27 120 1
445 352 120 7
132 250 120 10
84 119 120 9
185 139 120 3
253 233 120 20
523 446 120 9
56 277 120 2
52 547 120 20
421 68 120 3
71 325 120 1
419 284 120 13
153 415 120 12
470 13 120 19
205 197 120 11
93 511 120 4
370 486 120 1
365 56 120 8
458 108 120 5
481 43 120 4
491 175 120 14
41 47 120 9
490 261 120 7
95 183 120 7
427 387 120 12
412 541 120 15
83 426 120 2
261 243 120 9
230 215 120 2
198 210 120 6
358 215 120 19
295 256 120 4
516 198 120 8
181 354 120 20
405 295 120 2
279 160 120 14
179 304 120 13
17 79 120 15
457 308 120 1
35 20 120 3
201 378 120 14
542 187 120 8
506 155 120 5
183 397 120 11
105 255 120 2
475 533 120 11
353 164 120 10
172 180 120 11
232 152 120 13
507 186 120 20
506 448 120 16
172 505 120 14
94 463 120 13
275 161 120 1
262 327 120 15
59 316 120 18
15 121 120 6
274 354 120 18
126 39 120 16
285 60 120 9
41 80 120 19
173 251 120 19
492 344 120 16
543 133 120 6
381 457 120 20
535 515 120 19
189 530 120 9
7 318 120 1
67 444 120 3
339 243 120 3
312 283 120 7
247 456 120 1
77 462 120 19
431 457 120 19
461 352 120 2
207 339 120 1
331 43 120 3
90 49 120 1
202 177 120 16
353 31 120 8
77 404 120 2
366 103 120 8
482 179 120 15
394 124 120 13
501 37 120 16
455 306 120 8
439 89 120 17
466 240 120 8
264 441 120 4
20 246 120 15
504 385 120 14
238 265 120 19
489 199 120 20
169 45 120 20
306 546 120 10
248 515 120 16
43 468 120 1
427 387 120 13
374 165 120 16
498 185 120 2
167 203 120 4
177 502 120 1
351 443 120 13
218 126 120 10
209 432 120 19
236 132 120 5
21 236 120 19
503 115 120 13
192 3 120 19
321 501 120 15
211 120 120 17
485 359 120 18
538 224 120 17
180 442 120 8
476 103 120 16
284 338 120 8
60 420 120 19
304 437 120 17
448 81 120 10
272 463 120 12
280 189 120 17
490 188 120 19
169 179 120 20
290 358 120 10
52 348 120 17
182 85 120 14
506 144 120 16
32 509 120 11
220 472 120 15
410 196 120 3
130 476 120 5
516 480 120 16
229 102 120 15
165 453 120 6
542 504 120 8
536 201 120 2
382 221 120 12
100 252 120 18
316 471 120 3
127 395 120 17
400 524 120 11
315 493 120 17
479 174 120 19
274 338 120 5
426 394 120 12
441 382 120 10
540 216 120 3
360 377 120 13
79 145 120 14
331 271 120 9
231 185 120 7
122 14 120 7
492 492 120 8
540 280 120 9
493 159 120 3
465 114 120 18
90 169 120 7
544 528 120 5
156 121 120 6
300 451 120 4
291 196 120 1
321 317 120 7
296 323 120 3
506 315 120 17
21 261 120 13
476 240 120 14
280 330 120 18
299 388 120 20
209 543 120 5
263 295 120 7
164 101 120 15
250 483 120 10
349 294 120 18
454 314 120 7
292 335 120 15
350 325 120 13
522 58 120 1
376 418 120 1
211 80 120 7
165 404 120 14
85 21 120 12
200 332 120 7
146 133 120 16
353 39 120 18
390 393 120 18
139 257 120 6
190 231 120 6
23 122 120 4
306 332 120 9
37 11 120 6
62 157 120 17
312 418 120 15
497 17 120 6
428 431 120 4
125 273 120 6
219 474 120 4
90 178 120 2
142 201 120 19
2 21 120 6
66 57 120 8
48 180 120 2
50 491 120 4
383 502 120 6
363 382 120 13
443 507 120 17
431 178 120 19
66 329 120 15
55 470 120 6
166 533 120 12
122 113 120 3
89 160 120 1
337 209 120 20
455 106 120 20
42 530 120 2
121 426 120 9
473 371 120 18
266 436 120 14
237 5 120 6
407 170 120 6
113 292 120 5
483 442 120 2
486 231 120 7
433 200 120 12
396 241 120 8
255 424 120 4
74 411 120 5
131 192 120 6
32 428 120 9
401 349 120 3
271 523 120 19
192 459 120 12
396 397 120 6
199 344 120 6
232 254 120 7
186 509 120 15
141 97 120 14
405 289 120 5
133 320 120 15
413 174 120 17
316 444 120 20
509 150 120 1
112 545 120 16
493 259 120 14
41 5 120 16
376 190 120 13
103 393 120 13
302 250 120 6
145 444 120 16
415 310 120 6
1 78 120 17
110 101 120 12
130 213 120 14
124 220 120 20
461 260 120 1
504 88 120 18
24 252 120 13
248 6 120 3
214 150 120 13
500 79 120 16
473 80 120 2
343 189 120 6
487 381 120 14
143 504 120 16
57 417 120 17
37 373 120 15
207 458 120 14
222 221 120 9
1 434 120 6
286 386 120 17
332 312 120 12
518 169 120 10
257 108 120 2
208 250 120 4
440 368 120 13
322 405 120 12
353 64 120 7
151 286 120 9
502 348 120 15
517 86 120 2
63 480 120 6
298 450 120 15
112 159 120 2
368 428 120 2
33 320 120 4
176 156 120 11
144 23 120 16
85 174 120 16
246 190 120 1
294 221 120 6
180 345 120 16
439 95 120 4
257 268 120 7
245 88 120 18
545 182 120 20
118 357 120 13
95 501 120 12
135 100 120 1
523 408 120 17
226 154 120 17
76 395 120 17
344 348 120 2
28 57 120 7
418 364 120 19
202 423 120 11
368 540 120 5
141 87 120 15
484 283 120 7
453 320 120 18
126 545 120 14
19 74 120 4
257 479 120 17
42 506 120 8
156 438 120 9
358 155 120 2
319 522 120 2
27 177 120 11
359 114 120 12
243 81 120 14
50 207 120 7
9 225 120 18
363 481 120 2
31 37 120 15
365 193 120 6
30 65 120 10
55 383 120 10
134 471 120 19
299 282 120 19
262 40 120 2
482 89 120 17
214 159 120 8
144 521 120 6
489 67 120 2
308 493 120 5
18 523 120 1
428 92 120 6
390 226 120 10
466 39 120 13
170 300 120 8
501 234 120 17
492 510 120 1
222 106 120 17
494 109 120 12
256 417 120 5
210 496 120 13
291 376 120 1
207 280 120 1
46 198 120 11
229 429 120 16
513 383 120 19
400 327 120 8
446 63 120 8
527 9 120 17
189 265 120 4
343 536 120 19
473 279 120 11
209 485 120 11
170 531 120 7
231 274 120 19
530 302 120 19
93 154 120 16
164 114 120 9
403 93 120 11
203 281 120 20
481 77 120 8
98 64 120 6
214 334 120 13
63 18 120 13
172 248 120 14
100 293 120 12
472 385 120 7
138 1 120 18
413 403 120 15
211 58 120 11
274 53 120 20
387 212 120 14
231 426 120 9
13 3 120 1
325 174 120 5
488 335 120 3
342 259 120 18
412 458 120 13
49 323 120 13
387 49 120 20
458 384 120 11
121 223 120 14
455 453 120 13
91 466 120 18
228 305 120 18
190 245 120 1
444 102 120 7
535 28 120 5
142 76 120 9
151 524 120 3
279 435 120 18
522 70 120 13
368 39 120 14
215 129 120 12
65 419 120 19
89 61 120 14
509 20 120 7
155 7 120 12
259 148 120 20
201 360 120 3
190 92 120 5
78 128 120 13
249 10 120 17
326 225 120 20
383 289 120 20
260 439 120 9
443 462 120 20
180 70 120 10
491 328 120 17
393 43 120 19
272 233 120 9
161 372 120 17
58 73 120 7
117 461 120 5
304 296 120 16
363 70 120 12
544 512 120 3
197 144 120 6
465 150 120 17
334 57 120 14
16 390 120 10
397 4 120 15
421 123 120 9
393 239 120 2
165 542 120 1
226 357 120 15
179 415 120 11
46 64 120 5
44 44 120 10
431 377 120 13
252 392 120 7
367 304 120 18
430 177 120 2
504 84 120 11
67 249 120 1
473 474 120 6
402 167 120 12
357 274 120 12
517 317 120 9
280 201 120 19
99 514 120 11
369 396 120 3
96 278 120 15
491 296 120 12
31 363 120 8
174 350 120 14
188 204 120 8
132 75 120 6
140 45 120 3
190 324 120 17
132 484 120 1
466 367 120 7
70 462 120 5
460 468 120 1
387 498 120 3
76 186 120 11
239 435 120 1
84 20 120 17
140 221 120 1
89 472 120 6
239 57 120 4
417 37 120 2
505 168 120 20
323 81 120 9
437 529 120 11
490 57 120 6
284 296 120 12
343 441 120 19
476 33 120 19
107 183 120 4
184 483 120 9
198 414 120 20
93 371 120 8
511 209 120 10
303 98 120 6
106 41 120 15
95 386 120 3
95 181 120 17
114 109 120 14
415 277 120 9
93 461 120 5
437 173 120 8
331 327 120 14
331 352 120 9
535 107 120 5
173 275 120 3
353 431 120 14
404 525 120 10
349 91 120 19
387 20 120 11
61 174 120 14
218 63 120 20
303 394 120 6
273 239 120 11
390 227 120 13
119 399 120 9
497 266 120 1
228 185 120 12
77 533 120 12
96 434 120 19
454 495 120 8
178 227 120 1
136 44 120 4
420 316 120 20
24 158 120 7
343 338 120 2
389 349 120 18
318 29 120 15
286 105 120 17
406 263 120 10
483 169 120 13
248 347 120 19
138 544 120 19
421 417 120 6
396 502 120 10
173 359 120 17
349 200 120 7
244 32 120 3
446 379 120 8
87 237 120 19
223 234 120 6
306 543 120 11
68 134 120 1
482 69 120 4
55 464 120 7
395 90 120 10
526 438 120 1
520 196 120 4
480 157 120 18
122 243 120 18
26 527 120 10
161 285 120 5
156 352 120 16
148 348 120 6
71 402 120 5
495 312 120 1
183 352 120 15
132 324 120 15
112 256 120 17
532 378 120 9
156 465 120 20
498 78 120 2
351 234 120 5
398 443 120 7
514 514 120 6
547 461 120 10
245 97 120 8
443 290 120 6
290 402 120 18
354 448 120 12
114 57 120 6
461 69 120 4
546 481 120 2
496 394 120 20
247 360 120 8
399 421 120 16
377 119 120 2
97 14 120 18
202 365 120 18
77 172 120 11
330 347 120 3
500 260 120 19
262 320 120 2
320 269 120 9
273 515 120 17
254 366 120 13
210 257 120 7
263 415 120 13
120 69 120 20
378 145 120 14
51 536 120 3
390 3 120 11
312 265 120 18
167 99 120 2
478 433 120 13
539 201 120 12
535 410 120 16
165 187 120 8
417 306 120 5
1 136 120 9
304 249 120 10
405 153 120 3
281 464 120 14
539 145 120 5
517 75 120 19
463 128 120 11
288 178 120 20
370 404 120 17
318 335 120 9
397 335 120 7
135 91 120 20
408 11 120 11
137 353 120 2
254 344 120 2
469 314 120 5
22 291 120 13
384 31 120 4
62 400 120 20
473 233 120 17
157 82 120 15
524 216 120 18
107 138 120 18
389 275 120 9
164 43 120 15
84 512 120 19
78 48 120 9
261 432 120 13
75 493 120 9
291 480 120 6
357 89 120 16
210 66 120 3
153 234 120 5
169 138 120 15
537 301 120 6
216 384 120 7
271 461 120 4
130 237 120 18
505 311 120 1
310 116 120 9
346 472 120 18
526 134 120 19
435 349 120 19
420 32 120 11
256 21 120 12
135 298 120 9
39 83 120 16
476 213 120 19
312 232 120 17
155 541 120 6
477 402 120 9
403 442 120 14
393 329 120 17
132 264 120 20
8 34 120 11
247 168 120 4
260 207 120 19
310 197 120 15
50 509 120 8
161 116 120 16
388 108 120 15
55 510 120 1
464 417 120 8
189 2 120 5
492 71 120 14
268 317 120 3
403 91 120 8
74 401 120 16
19 512 120 15
258 187 120 5
490 28 120 15
91 144 120 6
133 122 120 5
18 372 120 13
229 316 120 8
411 36 120 15
275 500 120 12
408 89 120 8
128 107 120 1
480 364 120 8
462 368 120 5
5 458 120 1
56 105 120 9
39 185 120 5
23 413 120 20
78 276 120 16
511 3 120 4
487 472 120 15
379 114 120 15
234 46 120 10
276 508 120 17
469 512 120 20
258 82 120 9
230 121 120 14
88 143 120 20
261 282 120 12
531 245 120 20
145 247 120 5
455 78 120 12
387 311 120 17
198 102 120 7
314 23 120 17
402 343 120 12
110 87 120 9
2 175 120 12
244 435 120 7
338 419 120 10
435 78 120 3
456 47 120 6
43 496 120 11
285 146 120 6
2 521 120 3
230 437 120 17
55 547 120 12
546 1 120 5
86 307 120 19
32 97 120 8
222 46 120 8
111 501 120 5
139 59 120 14
539 405 120 8
494 407 120 11
471 89 120 15
367 143 120 7
287 142 120 4
444 289 120 6
3 320 120 4
527 56 120 16
158 166 120 8
444 366 120 14
70 358 120 18
449 366 120 19
317 351 120 5
12 170 120 6
315 456 120 4
133 352 120 2
258 354 120 13
541 395 120 4
322 67 120 11
119 511 120 13
521 95 120 3
234 543 120 15
414 374 120 3
136 385 120 3
125 214 120 18
254 347 120 2
187 57 120 7
502 112 120 2
325 433 120 12
375 67 120 15
306 40 120 16
109 335 120 3
215 264 120 5
186 461 120 10
326 38 120 2
375 354 120 18
290 540 120 15
11 9 120 4
251 395 120 1
496 285 120 8
156 43 120 14
520 214 120 18
332 490 120 13
32 129 120 19
117 516 120 7
478 343 120 7
28 147 120 12
244 220 120 16
23 470 120 4
297 418 120 4
90 89 120 12
532 61 120 9
276 454 120 1
283 547 120 11
265 179 120 17
285 109 120 11
173 136 120 8
54 441 120 5
5 526 120 3
350 275 120 7
495 427 120 18
135 473 120 16
535 201 120 3
330 545 120 3
316 324 120 18
270 62 120 1
81 296 120 18
39 411 120 2
278 477 120 10
440 342 120 14
472 289 120 8
45 423 120 18
349 472 120 13
12 254 120 13
283 84 120 20
124 415 120 1
196 496 120 14
404 49 120 17
506 389 120 3
100 281 120 10
31 205 120 6
326 311 120 10
61 112 120 10
543 123 120 18
537 467 120 6
308 105 120 20
139 301 120 12
328 157 120 17
443 177 120 14
487 339 120 2
387 369 120 19
28 210 120 14
153 270 120 14
264 328 120 9
81 317 120 13
529 77 120 17
360 278 120 20
138 120 120 11
27 15 120 13
304 16 120 14
314 464 120 19
528 491 120 8
20 158 120 10
232 421 120 4
19 502 120 6
335 545 120 5
146 357 120 16
319 495 120 8
163 521 120 3
184 278 120 1
58 106 120 13
301 149 120 14
205 168 120 3
379 462 120 19
395 480 120 13
181 329 120 18
105 474 120 4
306 307 120 16
79 470 120 18
538 168 120 6
466 226 120 9
310 526 120 18
159 183 120 18
228 77 120 13
109 471 120 19
67 104 120 2
23 270 120 8
274 28 120 18
48 169 120 5
343 159 120 1
368 139 120 20
14 448 120 20
354 122 120 5
377 349 120 3
314 519 120 5
308 39 120 2
21 61 120 16
269 396 120 16
339 444 120 8
331 301 120 14
68 122 120 16
29 197 120 16
31 65 120 17
215 504 120 5
52 332 120 5
297 92 120 15
223 112 120 12
419 381 120 18
157 234 120 14
63 18 120 17
189 147 120 3
516 175 120 13
197 205 120 4
60 481 120 10
272 532 120 19
456 344 120 20
192 19 120 16
51 499 120 5
368 108 120 4
95 232 120 10
61 483 120 3
272 451 120 3
132 100 120 12
119 222 120 16
61 493 120 3
335 401 120 15
154 108 120 1
146 220 120 7
33 102 120 14
91 197 120 15
291 257 120 17
27 44 120 7
547 175 120 7
240 355 120 7
413 416 120 11
85 265 120 14
101 480 120 12
197 140 120 4
244 172 120 10
523 263 120 17
425 68 120 9
323 94 120 19
125 156 120 11
151 457 120 10
335 322 120 16
527 406 120 7
26 506 120 12
240 155 120 8
189 461 120 1
240 436 120 5
486 375 120 10
504 151 120 10
18 337 120 20
316 2 120 11
483 337 120 18
518 316 120 8
332 403 120 10
141 158 120 10
28 346 120 1
148 38 120 20
45 524 120 11
494 542 120 13
66 13 120 20
341 390 120 4
39 325 120 10
544 357 120 8
422 203 120 5
320 344 120 19
373 433 120 17
401 33 120 18
318 77 120 1
124 85 120 2
80 212 120 12
434 5 120 9
181 44 120 6
388 102 120 18
426 38 120 20
319 357 120 14
369 245 120 12
279 160 120 2
289 477 120 20
337 53 120 7
380 194 120 12
434 81 120 16
393 261 120 12
190 164 120 18
344 42 120 9
153 360 120 18
367 243 120 15
528 36 120 20
174 387 120 3
505 176 120 16
497 8 120 9
91 504 120 15
299 411 120 9
65 115 120 19
479 458 120 17
445 125 120 15
283 6 120 11
364 533 120 13
58 159 120 11
353 178 120 17
153 127 120 11
146 280 120 18
220 31 120 6
69 96 120 5
143 27 120 11
258 534 120 13
247 269 120 6
540 85 120 3
321 205 120 15
489 10 120 3
285 162 120 11
150 307 120 12
34 41 120 5
389 171 120 8
250 313 120 2
84 85 120 16
104 331 120 19
67 323 120 6
78 97 120 7
310 38 120 17
172 384 120 7
284 533 120 9
129 81 120 19
4 470 120 11
521 234 120 9
32 379 120 15
77 544 120 5
451 64 120 11
301 203 120 7
417 512 120 3
542 198 120 11
343 544 120 18
513 125 120 20
238 190 120 8
71 163 120 6
279 256 120 3
25 394 120 13
163 298 120 12
76 113 120 14
148 45 120 3
318 101 120 15
325 506 120 2
441 471 120 3
28 161 120 6
209 293 120 18
76 25 120 1
445 111 120 17
202 273 120 10
146 410 120 5
293 72 120 7
466 452 120 4
289 291 120 15
233 184 120 20
238 273 120 5
495 481 120 17
428 71 120 19
70 31 120 6
168 232 120 6
15 440 120 9
37 185 120 11
165 103 120 9
332 453 120 10
518 138 120 15
81 438 120 11
412 447 120 11
489 327 120 18
105 459 120 16
440 79 120 9
500 155 120 7
547 254 120 4
118 418 120 6
140 264 120 15
514 235 120 6
524 315 120 4
321 179 120 3
52 183 120 12
463 287 120 16
418 180 120 19
58 194 120 11
199 193 120 19
462 310 120 17
342 449 120 10
190 415 120 3
175 453 120 8
50 227 120 9
371 278 120 3
533 255 120 8
60 188 120 12
273 245 120 8
156 506 120 18
292 482 120 2
361 339 120 2
208 528 120 5
289 155 120 7
137 204 120 9
225 27 120 13
11 74 120 18
83 133 120 18
334 468 120 13
293 138 120 10
445 430 120 4
360 305 120 19
176 512 120 2
468 253 120 6
181 451 120 18
58 190 120 8
337 200 120 19
323 344 120 20
496 192 120 8
428 485 120 13
319 382 120 6
206 194 120 11
369 431 120 1
89 352 120 18
448 47 120 9
525 105 120 7
205 441 120 1
443 216 120 12
391 226 120 1
259 106 120 9
265 486 120 1
214 144 120 13
530 27 120 16
262 115 120 5
371 77 120 6
382 116 120 20
36 320 120 19
499 216 120 8
273 59 120 20
238 318 120 12
141 97 120 16
487 310 120 9
479 292 120 7
355 69 120 1
97 439 120 10
495 273 120 9
449 371 120 15
359 384 120 20
545 109 120 3
410 408 120 10
442 1 120 14
412 487 120 20
526 481 120 4
244 350 120 5
76 509 120 9
531 456 120 20
8 357 120 13
414 230 120 20
487 228 120 4
196 152 120 6
222 46 120 5
344 457 120 3
291 498 120 11
44 194 120 8
412 269 120 15
124 314 120 9
232 384 120 2
102 250 120 19
416 251 120 13
292 447 120 3
90 183 120 20
497 527 120 20
297 332 120 6
92 375 120 13
237 239 120 13
342 424 120 15
418 108 120 20
303 271 120 14
479 140 120 17
398 493 120 10
529 35 120 2
159 531 120 19
245 343 120 20
405 434 120 12
211 185 120 7
409 42 120 13
311 459 120 14
112 276 120 9
223 207 120 3
38 119 120 7
423 101 120 10
382 259 120 17
443 18 120 1
227 422 120 12
508 147 120 19
481 8 120 7
391 380 120 5
409 491 120 6
213 229 120 20
217 266 120 1
167 142 120 14
212 38 120 15
303 480 120 19
189 221 120 19
24 182 120 7
105 177 120 19
165 20 120 17
198 491 120 6
506 218 120 18
535 434 120 1
136 53 120 13
384 327 120 11
405 82 120 2
443 271 120 4
417 294 120 14
52 398 120 6
241 77 120 17
263 336 120 7
352 294 120 9
60 281 120 5
95 417 120 7
334 315 120 3
62 173 120 1
394 130 120 14
400 547 120 1
39 113 120 12
464 354 120 13
361 131 120 12
201 482 120 6
320 56 120 15
325 150 120 18
383 483 120 4
282 60 120 16
263 453 120 12
28 305 120 1
87 406 120 9
57 322 120 7
104 197 120 11
547 397 120 14
190 231 120 17
237 8 120 1
153 453 120 17
383 249 120 17
301 511 120 6
410 54 120 6
518 140 120 4
253 258 120 5
342 423 120 5
75 423 120 2
352 127 120 4
136 363 120 8
132 515 120 3
64 412 120 19
116 165 120 2
136 27 120 4
461 59 120 6
220 312 120 11
301 168 120 13
30 304 120 14
280 170 120 20
150 368 120 13
90 499 120 6
482 15 120 10
29 193 120 14
148 328 120 7
382 303 120 3
146 523 120 17
229 276 120 12
188 367 120 6
84 99 120 14
106 311 120 15
5 462 120 1
480 459 120 6
273 487 120 1
230 149 120 3
337 530 120 7
503 190 120 7
495 480 120 20
107 183 120 10
85 266 120 8
294 372 120 12
323 438 120 9
303 371 120 10
360 96 120 13
62 325 120 3
92 176 120 11
424 132 120 2
246 79 120 3
343 248 120 13
321 394 120 17
460 140 120 7
424 462 120 15
303 279 120 17
92 92 120 15
430 153 120 14
368 244 120 20
413 182 120 16
37 427 120 2
265 222 120 16
66 58 120 16
195 517 120 7
147 394 120 3
537 211 120 4
265 302 120 8
26 246 120 19
235 67 120 6
11 541 120 17
526 30 120 20
88 357 120 4
444 422 120 17
99 131 120 10
440 278 120 3
210 329 120 20
321 47 120 15
460 134 120 15
329 369 120 4
442 441 120 12
251 481 120 13
486 22 120 8
520 527 120 1
2 79 120 10
63 518 120 12
31 243 120 1
210 16 120 2
205 537 120 5
445 319 120 10
267 275 120 9
19 40 120 17
472 40 120 20
187 13 120 13
386 14 120 14
168 138 120 5
289 231 120 5
191 502 120 13
202 159 120 13
346 118 120 18
373 384 120 10
417 465 120 13
332 451 120 18
393 91 120 9
433 538 120 14
4 158 120 1
154 446 120 14
547 89 120 4
469 290 120 17
381 150 120 8
126 37 120 11
145 453 120 3
265 300 120 4
425 207 120 12
534 92 120 4
234 95 120 5
72 248 120 2
201 309 120 3
223 231 120 3
464 126 120 4
338 252 120 1
534 458 120 16
161 176 120 3
239 115 120 9
469 163 120 18
142 397 120 15
34 530 120 5
371 183 120 11
374 405 120 11
119 384 120 5
75 174 120 1
68 222 120 12
514 445 120 7
226 198 120 11
145 182 120 9
216 323 120 5
382 419 120 4
310 304 120 15
61 130 120 7
43 310 120 15
150 385 120 14
23 452 120 12
353 480 120 6
374 159 120 3
508 365 120 3
258 95 120 9
466 476 120 20
109 300 120 13
482 423 120 4
289 465 120 5
479 129 120 13
295 151 120 4
457 503 120 16
516 329 120 13
226 290 120 3
116 62 120 4
329 528 120 1
537 89 120 20
440 85 120 10
534 373 120 14
390 304 120 4
84 114 120 12
229 23 120 1
368 539 120 7
119 217 120 3
295 394 120 5
81 238 120 2
405 227 120 13
481 119 120 15
494 105 120 8
424 10 120 20
482 93 120 2
205 383 120 13
430 203 120 17
499 383 120 1
310 193 120 15
245 273 120 20
159 130 120 15
224 125 120 3
374 71 120 9
349 494 120 8
142 490 120 13
49 147 120 19
40 92 120 13
84 43 120 17
406 415 120 4
27 112 120 17
433 332 120 2
518 71 120 4
174 506 120 18
544 307 120 11
438 510 120 4
362 73 120 2
183 112 120 3
207 257 120 9
66 115 120 5
117 204 120 8
502 89 120 19
532 59 120 3
78 232 120 14
365 291 120 11
536 181 120 14
165 58 120 15
3 240 120 8
478 508 120 7
511 26 120 18
411 204 120 14
422 221 120 7
342 205 120 3
331 344 120 16
279 161 120 3
109 212 120 15
387 438 120 11
253 502 120 13
230 433 120 3
525 458 120 7
450 322 120 18
516 258 120 7
185 52 120 11
459 445 120 11
418 238 120 18
181 346 120 20
125 248 120 16
188 500 120 10
491 182 120 6
269 221 120 12
72 124 120 15
141 92 120 10
430 339 120 9
439 250 120 17
244 120 120 4
271 363 120 12
510 2 120 7
154 190 120 15
237 195 120 11
330 463 120 14
333 534 120 12
110 128 120 10
144 72 120 7
292 510 120 13
337 206 120 6
72 477 120 10
215 501 120 3
57 107 120 2
399 405 120 20
436 187 120 3
147 519 120 5
43 81 120 16
93 287 120 2
480 31 120 4
23 368 120 6
357 439 120 12
505 168 120 18
108 225 120 15
509 76 120 16
72 26 120 20
97 173 120 4
171 277 120 8
433 369 120 8
282 364 120 16
32 448 120 5
49 257 120 2
57 215 120 17
18 384 120 2
147 346 120 19
133 417 120 19
306 29 120 6
513 199 120 11
315 146 120 9
403 428 120 5
521 521 120 19
460 84 120 2
414 202 120 2
535 219 120 1
334 427 120 13
269 12 120 17
292 380 120 14
487 345 120 1
474 174 120 13
282 29 120 12
30 2 120 1
163 523 120 17
130 389 120 3
311 439 120 16
329 225 120 2
268 8 120 17
77 300 120 19
523 301 120 16
135 227 120 15
440 23 120 7
139 52 120 3
421 277 120 5
238 406 120 20
257 170 120 18
8 13 120 20
186 342 120 9
437 419 120 10
35 456 120 8
39 44 120 7
154 483 120 5
359 136 120 20
80 9 120 17
324 309 120 9
472 18 120 10
510 87 120 20
288 272 120 12
135 223 120 13
281 319 120 16
180 357 120 14
368 25 120 19
32 445 120 7
294 525 120 5
285 363 120 3
196 349 120 7
339 374 120 13
493 176 120 13
442 310 120 13
324 105 120 5
115 346 120 2
10 167 120 20
388 198 120 19
354 491 120 16
390 290 120 11
250 547 120 1
188 338 120 14
213 284 120 2
510 240 120 5
544 79 120 20
349 255 120 6
26 264 120 10
275 104 120 20
421 457 120 3
544 362 120 7
544 126 120 1
408 375 120 17
36 41 120 12
