3000 1000
526 161 36 6
331 237 36 18
476 283 36 12
350 79 36 3
300 383 36 20
541 349 36 14
373 282 36 2
331 400 36 2
220 159 36 2
320 458 36 4
445 498 36 4
294 281 36 5
232 272 36 15
204 74 36 12
447 435 36 15
285 491 36 8
522 316 36 12
408 161 36 3
418 381 36 6
480 215 36 12
74 112 36 3
437 467 36 19
490 151 36 19
278 354 36 3
268 315 36 14
31 114 36 4
266 150 36 3
236 11 36 2
120 490 36 3
224 484 36 13
239 72 36 18
265 508 36 11
87 450 36 13
180 242 36 3
409 509 36 1
525 54 36 12
99 320 36 3
473 8 36 14
523 127 36 19
406 350 36 7
18 103 36 5
288 368 36 12
477 516 36 18
331 211 36 15
54 72 36 16
153 111 36 13
365 209 36 19
180 196 36 1
67 172 36 5
443 92 36 17
270 110 36 7
168 397 36 11
89 389 36 7
459 234 36 20
38 349 36 17
188 501 36 11
454 381 36 13
491 13 36 1
51 80 36 13
283 37 36 15
442 307 36 10
157 536 36 3
300 77 36 17
412 50 36 12
249 88 36 5
157 337 36 14
237 243 36 17
40 249 36 12
39 299 36 9
270 96 36 14
46 53 36 16
478 209 36 19
337 508 36 4
36 435 36 2
31 136 36 13
375 355 36 8
187 106 36 6
379 146 36 7
36 246 36 15
444 30 36 15
279 76 36 2
544 68 36 7
250 466 36 8
95 502 36 16
537 532 36 10
33 359 36 9
475 545 36 19
66 438 36 17
513 536 36 11
227 432 36 10
36 225 36 15
444 221 36 7
28 532 36 10
181 142 36 19
222 193 36 17
398 287 36 2
381 215 36 5
469 342 36 4
218 307 36 1
273 533 36 5
358 83 36 1
33 41 36 16
385 130 36 8
108 311 36 13
394 532 36 20
117 444 36 18
199 277 36 9
341 198 36 15
435 415 36 10
455 203 36 10
421 13 36 3
2 108 36 8
474 7 36 1
383 114 36 3
11 22 36 9
315 138 36 20
421 337 36 4
256 192 36 12
432 79 36 7
430 48 36 13
475 468 36 19
55 469 36 2
285 457 36 5
36 354 36 9
220 364 36 12
389 194 36 2
453 129 36 13
309 385 36 9
362 331 36 1
344 213 36 13
529 202 36 9
241 319 36 1
60 56 36 16
432 153 36 10
494 373 36 18
515 214 36 9
188 181 36 12
198 489 36 6
522 365 36 13
316 224 36 16
218 205 36 2
41 507 36 19
331 81 36 10
108 27 36 10
176 520 36 19
122 2 36 9
324 189 36 20
45 448 36 14
212 423 36 4
224 253 36 19
449 470 36 8
391 510 36 1
103 356 36 11
480 463 36 14
463 153 36 14
332 336 36 6
477 112 36 3
317 218 36 7
98 491 36 9
306 168 36 18
190 131 36 10
340 521 36 15
511 139 36 12
215 71 36 1
492 48 36 19
194 442 36 7
506 433 36 11
522 202 36 16
438 361 36 5
229 182 36 1
334 433 36 11
423 288 36 10
475 251 36 3
397 466 36 3
234 472 36 9
285 181 36 14
125 201 36 7
138 175 36 7
368 65 36 7
542 355 36 7
398 141 36 1
385 17 36 7
345 6 36 17
505 403 36 2
188 151 36 15
528 436 36 20
215 75 36 14
458 212 36 13
355 94 36 9
128 89 36 16
81 1 36 1
529 385 36 3
170 244 36 20
62 201 36 14
480 389 36 13
338 431 36 8
376 161 36 9
68 71 36 14
481 426 36 19
411 6 36 19
149 148 36 14
152 130 36 20
170 299 36 12
132 360 36 18
73 355 36 15
103 207 36 19
82 36 36 20
136 103 36 16
462 36 36 4
335 446 36 19
358 110 36 3
444 261 36 13
367 430 36 19
48 77 36 8
477 211 36 3
262 313 36 18
478 395 36 3
306 530 36 4
267 506 36 5
106 356 36 2
12 228 36 11
66 124 36 16
248 5 36 20
244 115 36 13
115 44 36 8
339 368 36 11
223 360 36 16
204 180 36 16
287 447 36 4
405 67 36 7
484 79 36 15
186 144 36 12
149 453 36 19
118 150 36 6
225 264 36 2
480 117 36 2
16 340 36 8
8 58 36 16
44 345 36 12
39 202 36 3
450 138 36 4
480 324 36 1
211 534 36 15
8 104 36 7
404 328 36 5
420 322 36 11
257 400 36 15
452 469 36 19
280 513 36 17
69 4 36 13
472 453 36 2
467 448 36 1
59 173 36 10
165 180 36 20
420 98 36 3
515 32 36 6
117 288 36 4
183 255 36 20
244 534 36 20
164 118 36 20
285 104 36 6
544 23 36 5
32 81 36 20
115 245 36 17
363 179 36 17
391 146 36 10
194 325 36 20
519 507 36 4
157 265 36 9
369 428 36 17
99 165 36 19
282 224 36 2
488 317 36 16
320 494 36 5
392 309 36 17
15 153 36 18
278 408 36 8
343 379 36 13
54 51 36 15
422 419 36 6
360 518 36 15
463 314 36 2
41 254 36 15
309 26 36 8
399 418 36 20
58 494 36 4
471 286 36 14
177 81 36 17
326 196 36 1
317 70 36 9
187 491 36 7
222 468 36 17
57 24 36 19
147 332 36 18
182 245 36 9
41 302 36 9
52 288 36 11
532 464 36 6
297 304 36 7
111 73 36 4
468 260 36 15
186 543 36 16
341 115 36 2
203 261 36 8
90 504 36 17
518 60 36 19
283 111 36 18
395 158 36 6
102 454 36 3
490 79 36 9
463 547 36 8
503 247 36 6
401 41 36 5
323 243 36 11
91 394 36 20
165 364 36 14
541 161 36 16
110 70 36 20
266 171 36 2
117 176 36 7
164 153 36 18
532 108 36 5
348 508 36 17
341 345 36 20
46 497 36 15
255 115 36 2
38 108 36 17
479 280 36 14
44 545 36 19
63 176 36 1
160 401 36 20
318 385 36 2
113 186 36 2
73 526 36 15
212 86 36 6
260 341 36 13
123 440 36 6
209 371 36 1
363 415 36 11
141 539 36 16
94 151 36 10
199 468 36 14
411 95 36 4
37 167 36 5
69 441 36 7
535 215 36 2
84 399 36 3
349 60 36 16
346 423 36 2
402 16 36 14
87 110 36 18
235 370 36 15
220 234 36 18
390 332 36 6
115 400 36 8
472 449 36 14
76 47 36 2
119 395 36 11
47 255 36 16
452 110 36 7
300 258 36 3
361 7 36 3
341 226 36 9
478 130 36 14
297 244 36 4
493 169 36 13
481 306 36 16
320 424 36 12
218 532 36 19
54 498 36 9
514 313 36 17
51 126 36 7
504 528 36 10
159 521 36 3
82 270 36 8
467 277 36 6
268 210 36 19
115 529 36 17
419 262 36 15
431 377 36 8
66 343 36 20
21 455 36 17
530 473 36 5
170 146 36 2
63 290 36 5
200 209 36 6
505 538 36 5
145 105 36 5
208 524 36 11
256 469 36 15
316 534 36 15
141 8 36 1
215 52 36 19
269 283 36 7
297 345 36 9
108 545 36 9
196 17 36 11
71 162 36 10
474 369 36 18
44 139 36 9
537 454 36 16
340 109 36 10
112 385 36 6
418 107 36 5
323 403 36 1
517 25 36 10
434 283 36 1
341 353 36 3
415 279 36 8
526 322 36 16
12 373 36 4
93 165 36 13
181 338 36 17
382 208 36 14
318 46 36 13
51 15 36 11
391 449 36 16
200 304 36 9
170 171 36 10
508 212 36 17
500 223 36 4
461 377 36 17
45 10 36 16
498 453 36 3
88 223 36 17
79 335 36 14
95 178 36 17
455 377 36 4
135 546 36 18
93 22 36 15
434 521 36 16
53 434 36 16
507 540 36 16
204 6 36 1
171 93 36 19
182 171 36 18
208 328 36 1
259 297 36 10
5 432 36 5
45 39 36 16
296 473 36 10
284 40 36 12
39 547 36 4
474 265 36 16
205 435 36 1
282 70 36 4
84 339 36 2
126 51 36 2
545 117 36 5
415 223 36 8
368 518 36 6
356 254 36 6
231 354 36 13
161 280 36 14
33 546 36 2
60 280 36 7
257 425 36 10
296 4 36 10
22 1 36 11
304 477 36 10
15 297 36 5
260 105 36 19
544 398 36 3
343 11 36 8
468 105 36 10
480 164 36 15
15 482 36 20
497 230 36 18
482 314 36 18
160 70 36 8
545 84 36 11
415 343 36 17
53 401 36 12
44 258 36 16
376 178 36 20
159 111 36 2
283 187 36 7
284 136 36 10
351 70 36 19
355 229 36 11
413 288 36 5
219 217 36 6
192 269 36 19
15 312 36 2
457 140 36 2
457 360 36 18
135 95 36 4
232 440 36 1
74 243 36 10
291 113 36 1
30 525 36 3
399 196 36 4
140 388 36 18
220 464 36 11
72 374 36 10
163 345 36 4
365 479 36 19
267 225 36 3
305 361 36 4
411 104 36 5
261 134 36 9
459 47 36 11
327 187 36 6
524 468 36 5
486 539 36 8
163 216 36 2
138 95 36 20
268 362 36 13
353 119 36 5
134 44 36 6
26 366 36 11
505 340 36 12
85 181 36 17
114 157 36 13
59 157 36 13
440 320 36 18
132 457 36 11
303 239 36 10
151 107 36 12
359 240 36 6
185 265 36 2
145 284 36 5
213 368 36 19
467 481 36 13
94 55 36 7
321 9 36 1
278 202 36 11
330 504 36 15
258 169 36 16
366 42 36 1
518 227 36 3
488 433 36 1
312 160 36 7
254 79 36 16
476 234 36 2
246 69 36 16
397 346 36 8
519 191 36 20
395 448 36 14
376 267 36 4
50 237 36 9
112 239 36 7
395 3 36 13
14 318 36 3
176 246 36 17
391 7 36 19
68 403 36 19
493 437 36 14
389 284 36 5
516 112 36 8
76 223 36 4
532 334 36 18
265 182 36 6
218 257 36 14
312 432 36 19
91 276 36 14
424 343 36 3
132 350 36 17
515 253 36 14
313 222 36 18
378 359 36 12
131 343 36 20
185 122 36 13
240 402 36 17
128 228 36 13
261 318 36 9
400 256 36 5
518 387 36 8
464 354 36 5
207 120 36 14
124 497 36 18
202 142 36 14
128 388 36 3
297 81 36 19
175 208 36 4
485 530 36 7
38 444 36 17
480 414 36 14
239 330 36 1
313 52 36 4
60 175 36 18
290 438 36 3
315 80 36 3
461 438 36 17
524 66 36 18
328 65 36 4
388 103 36 20
219 97 36 9
374 336 36 18
459 163 36 2
117 222 36 18
332 26 36 16
142 340 36 13
340 254 36 7
194 292 36 20
256 72 36 12
299 522 36 2
239 193 36 6
107 81 36 12
304 539 36 4
130 108 36 8
130 440 36 20
82 96 36 7
114 435 36 2
99 82 36 12
148 399 36 4
262 150 36 5
478 450 36 19
306 9 36 15
468 375 36 10
308 504 36 10
369 86 36 2
517 167 36 12
396 343 36 1
43 441 36 7
43 103 36 7
177 365 36 17
346 357 36 3
99 177 36 7
55 98 36 9
488 467 36 7
59 288 36 2
68 319 36 9
173 168 36 1
228 272 36 8
363 377 36 18
412 68 36 13
125 413 36 2
225 26 36 16
396 81 36 5
394 83 36 13
410 141 36 19
26 209 36 2
356 443 36 1
542 123 36 17
137 1 36 20
319 474 36 18
442 51 36 15
312 275 36 3
421 186 36 7
80 32 36 4
267 504 36 17
256 529 36 10
17 337 36 14
491 394 36 3
205 530 36 6
357 363 36 18
29 257 36 7
52 21 36 7
162 504 36 5
352 98 36 1
77 365 36 20
5 135 36 15
203 151 36 8
297 157 36 18
513 423 36 17
182 233 36 10
324 261 36 1
31 374 36 3
12 50 36 12
179 401 36 4
439 540 36 2
108 59 36 4
367 324 36 5
478 73 36 16
435 100 36 13
374 281 36 8
128 119 36 18
200 149 36 16
355 222 36 10
465 400 36 4
126 291 36 3
151 460 36 15
373 342 36 8
198 334 36 20
179 222 36 5
35 48 36 16
124 238 36 2
535 499 36 17
287 306 36 11
89 224 36 10
354 349 36 20
125 15 36 14
502 387 36 5
170 37 36 4
519 215 36 1
420 249 36 8
116 434 36 9
54 483 36 12
78 223 36 13
386 373 36 6
546 179 36 2
26 304 36 19
513 320 36 16
309 490 36 13
439 523 36 5
242 396 36 5
155 26 36 15
305 80 36 10
407 219 36 16
329 119 36 6
474 179 36 17
482 205 36 18
20 170 36 7
428 541 36 4
450 432 36 8
138 126 36 14
137 281 36 17
23 38 36 7
391 506 36 16
496 349 36 1
426 275 36 5
535 272 36 18
462 291 36 1
162 233 36 11
350 135 36 3
29 335 36 10
103 471 36 6
265 8 36 3
20 460 36 2
541 408 36 9
149 287 36 15
482 336 36 8
472 313 36 15
208 474 36 11
423 338 36 14
36 367 36 15
322 469 36 2
403 248 36 19
37 268 36 5
176 323 36 9
116 471 36 15
331 467 36 11
394 453 36 15
200 114 36 5
301 51 36 17
536 86 36 9
73 470 36 2
142 387 36 14
219 423 36 14
209 51 36 5
121 167 36 13
319 12 36 20
367 406 36 17
243 120 36 15
44 420 36 13
121 470 36 17
141 57 36 17
83 261 36 18
272 479 36 5
305 202 36 9
113 322 36 1
392 155 36 3
106 522 36 7
272 279 36 7
4 322 36 12
395 505 36 17
324 98 36 10
238 180 36 2
53 513 36 15
290 270 36 12
93 383 36 7
62 289 36 20
105 456 36 15
67 180 36 6
149 245 36 10
166 92 36 14
167 416 36 18
286 168 36 1
57 282 36 10
430 86 36 8
457 179 36 10
259 302 36 20
216 468 36 19
208 50 36 13
541 198 36 10
101 425 36 12
165 44 36 5
326 330 36 5
182 448 36 5
4 392 36 6
219 301 36 19
269 13 36 4
122 290 36 5
431 12 36 11
435 5 36 8
136 105 36 9
475 269 36 8
198 110 36 8
149 291 36 10
382 356 36 4
215 27 36 18
226 295 36 1
53 479 36 1
410 424 36 4
269 373 36 9
326 508 36 11
384 498 36 1
485 210 36 3
431 420 36 1
338 254 36 14
90 530 36 19
142 208 36 19
268 261 36 12
198 185 36 4
139 454 36 13
85 294 36 18
198 130 36 20
94 67 36 7
99 497 36 12
394 288 36 10
498 377 36 8
144 33 36 2
84 362 36 9
17 74 36 13
435 212 36 15
70 359 36 7
275 71 36 13
491 164 36 12
370 324 36 5
121 170 36 20
249 121 36 1
298 264 36 5
70 409 36 16
163 487 36 2
379 374 36 10
16 444 36 9
493 233 36 9
67 176 36 14
193 545 36 6
392 180 36 6
331 429 36 18
161 241 36 1
85 310 36 5
370 535 36 9
243 366 36 8
327 444 36 7
285 451 36 11
374 518 36 4
80 225 36 19
170 69 36 9
368 399 36 6
263 74 36 5
421 158 36 13
17 527 36 17
37 284 36 1
493 63 36 12
359 409 36 4
396 236 36 12
185 377 36 8
518 546 36 4
546 429 36 3
455 144 36 13
120 80 36 10
156 96 36 1
179 195 36 7
82 140 36 9
429 498 36 17
194 408 36 18
538 45 36 6
12 78 36 10
101 76 36 4
165 46 36 9
302 165 36 12
534 382 36 1
322 13 36 13
393 94 36 7
41 37 36 14
98 230 36 11
452 220 36 7
88 231 36 19
332 393 36 3
518 72 36 9
301 373 36 13
225 421 36 7
245 195 36 19
520 102 36 14
388 143 36 10
206 240 36 16
493 207 36 9
340 294 36 2
264 140 36 16
264 173 36 15
370 535 36 1
94 213 36 9
198 519 36 5
315 6 36 9
102 393 36 12
410 51 36 6
463 59 36 13
251 398 36 18
331 115 36 9
256 440 36 3
315 262 36 16
200 355 36 2
505 68 36 2
519 444 36 8
150 545 36 20
470 407 36 1
545 385 36 3
278 88 36 16
305 418 36 5
49 188 36 13
511 503 36 12
414 217 36 4
44 174 36 14
316 207 36 13
532 357 36 6
108 279 36 18
281 276 36 1
28 7 36 19
234 373 36 9
7 421 36 15
281 447 36 14
269 313 36 7
189 419 36 14
176 187 36 7
544 233 36 7
486 340 36 17
288 136 36 1
473 225 36 13
199 458 36 6
403 464 36 15
310 259 36 4
172 42 36 20
250 231 36 3
16 406 36 14
51 465 36 2
379 403 36 16
16 143 36 2
476 69 36 10
456 329 36 7
262 246 36 9
4 9 36 8
253 242 36 8
268 492 36 3
216 22 36 6
413 72 36 10
357 513 36 4
93 528 36 12
512 518 36 20
122 427 36 6
128 203 36 7
173 268 36 20
415 521 36 18
213 303 36 16
303 34 36 7
251 508 36 20
179 317 36 3
509 409 36 12
496 435 36 6
67 10 36 3
512 199 36 16
171 371 36 10
447 300 36 10
418 512 36 19
394 329 36 14
454 33 36 1
39 273 36 1
259 234 36 13
460 244 36 20
85 310 36 18
197 337 36 10
512 22 36 20
63 469 36 1
133 401 36 10
506 247 36 11
365 216 36 20
184 316 36 7
381 27 36 7
502 487 36 11
510 86 36 4
42 282 36 18
319 309 36 3
419 433 36 11
334 18 36 7
276 524 36 19
546 403 36 12
363 102 36 18
390 482 36 11
165 436 36 11
245 460 36 3
88 501 36 2
267 272 36 2
530 206 36 13
166 539 36 16
203 329 36 2
1 327 36 4
76 142 36 9
466 46 36 1
335 272 36 14
268 517 36 5
223 119 36 5
37 386 36 1
159 430 36 18
228 48 36 12
315 312 36 19
377 312 36 7
419 449 36 9
500 367 36 1
31 217 36 11
121 484 36 7
61 221 36 16
502 258 36 14
183 478 36 16
68 159 36 8
7 473 36 2
275 364 36 14
384 236 36 17
149 188 36 10
445 280 36 5
528 400 36 12
94 461 36 14
326 477 36 15
458 174 36 4
472 242 36 6
49 310 36 20
422 37 36 16
136 482 36 8
299 84 36 16
344 43 36 2
57 85 36 5
316 179 36 15
248 19 36 16
14 477 36 7
195 463 36 19
50 511 36 3
376 447 36 8
519 36 36 2
412 334 36 16
8 130 36 18
430 249 36 4
219 17 36 7
469 326 36 14
225 339 36 3
92 48 36 17
325 97 36 14
258 473 36 9
289 506 36 6
255 433 36 9
428 440 36 5
35 322 36 5
397 540 36 13
390 523 36 10
401 262 36 14
404 416 36 16
384 193 36 15
265 450 36 1
108 191 36 9
533 508 36 7
260 388 36 14
178 484 36 19
282 333 36 7
526 175 36 7
1 91 36 16
361 9 36 7
283 392 36 11
302 171 36 10
246 279 36 3
273 326 36 20
184 38 36 20
535 215 36 19
236 11 36 10
477 51 36 1
147 51 36 15
140 473 36 6
63 209 36 2
116 510 36 5
133 271 36 6
340 543 36 18
23 241 36 15
155 290 36 19
223 526 36 16
139 455 36 12
230 54 36 14
410 255 36 17
114 317 36 10
208 494 36 15
535 79 36 15
46 481 36 11
492 18 36 9
428 172 36 16
93 394 36 9
378 533 36 6
167 277 36 7
68 201 36 5
441 314 36 8
476 37 36 4
473 24 36 16
255 132 36 17
94 76 36 11
173 18 36 13
542 172 36 5
280 65 36 17
535 293 36 9
358 360 36 8
435 253 36 10
406 243 36 6
262 168 36 4
196 484 36 8
125 30 36 16
71 265 36 2
250 259 36 8
275 539 36 18
348 41 36 7
211 460 36 16
213 409 36 2
106 268 36 9
34 529 36 17
533 239 36 6
131 425 36 16
475 10 36 6
227 259 36 3
275 48 36 8
324 457 36 6
243 121 36 19
520 395 36 8
18 500 36 11
306 534 36 4
276 34 36 10
182 227 36 9
180 154 36 3
504 443 36 20
478 170 36 8
504 8 36 5
86 250 36 10
188 285 36 10
90 302 36 16
321 60 36 12
533 335 36 17
498 32 36 7
340 273 36 5
191 230 36 7
300 160 36 9
519 178 36 20
100 325 36 8
410 513 36 7
20 55 36 10
192 438 36 7
412 423 36 16
119 436 36 12
113 228 36 2
323 481 36 10
490 295 36 11
279 266 36 20
138 427 36 8
370 289 36 12
277 309 36 11
485 500 36 16
268 365 36 2
386 545 36 17
534 172 36 13
470 495 36 1
88 499 36 12
412 293 36 4
429 492 36 3
161 314 36 8
467 43 36 10
342 527 36 16
46 310 36 4
296 148 36 7
434 196 36 7
252 181 36 13
66 268 36 11
174 133 36 20
547 14 36 20
315 236 36 18
310 217 36 12
127 11 36 19
444 118 36 18
93 413 36 16
286 361 36 13
104 128 36 13
539 193 36 5
317 366 36 12
449 427 36 13
525 195 36 15
367 19 36 13
251 145 36 10
177 104 36 8
473 196 36 14
370 544 36 2
524 162 36 18
311 153 36 14
303 532 36 1
5 433 36 15
266 473 36 5
216 292 36 3
443 58 36 10
134 296 36 10
5 221 36 10
350 43 36 3
446 19 36 8
185 391 36 17
115 147 36 5
535 213 36 19
287 478 36 9
295 208 36 16
321 166 36 20
491 361 36 11
280 365 36 19
264 167 36 14
244 128 36 6
385 312 36 5
193 488 36 9
48 537 36 1
335 276 36 2
62 23 36 5
80 343 36 20
218 349 36 12
41 81 36 11
147 344 36 20
358 40 36 15
102 486 36 2
236 193 36 6
32 240 36 9
39 89 36 15
101 150 36 18
309 292 36 14
258 509 36 2
506 2 36 3
149 211 36 6
505 83 36 5
441 246 36 7
203 481 36 1
29 27 36 10
330 128 36 14
422 228 36 3
51 51 36 2
22 309 36 2
342 329 36 6
256 477 36 19
514 434 36 11
263 327 36 15
75 44 36 19
79 73 36 5
384 464 36 20
293 400 36 9
352 450 36 6
154 534 36 13
527 328 36 9
354 98 36 18
453 64 36 1
149 389 36 2
28 463 36 12
511 56 36 18
536 501 36 8
79 247 36 7
459 113 36 6
404 328 36 5
110 307 36 18
144 113 36 7
170 80 36 3
145 228 36 17
446 317 36 20
305 343 36 20
299 331 36 18
271 472 36 20
95 383 36 16
369 301 36 20
82 410 36 12
246 68 36 11
446 238 36 5
224 444 36 14
452 342 36 6
48 99 36 9
308 459 36 11
521 182 36 18
434 277 36 11
520 160 36 15
325 242 36 2
499 2 36 4
300 447 36 7
242 185 36 3
412 89 36 13
352 198 36 1
148 505 36 11
275 541 36 16
326 489 36 1
336 461 36 11
37 301 36 3
209 314 36 14
449 128 36 9
440 369 36 16
328 234 36 5
71 100 36 13
522 247 36 5
276 37 36 12
335 362 36 5
123 151 36 20
70 249 36 19
321 458 36 2
26 421 36 3
239 313 36 18
152 155 36 9
154 288 36 5
353 262 36 15
24 52 36 20
236 386 36 17
450 508 36 17
516 93 36 6
459 475 36 12
106 15 36 3
489 253 36 5
147 405 36 10
99 73 36 5
89 425 36 6
387 448 36 9
174 198 36 7
384 101 36 14
198 131 36 19
322 105 36 13
418 210 36 1
387 214 36 3
121 422 36 15
72 520 36 13
310 61 36 1
263 509 36 20
329 135 36 16
171 519 36 3
98 231 36 12
117 67 36 20
125 484 36 20
85 385 36 7
422 505 36 6
68 92 36 18
396 401 36 18
53 178 36 2
220 506 36 19
100 192 36 11
79 351 36 2
313 530 36 9
42 107 36 15
105 254 36 2
380 128 36 7
530 257 36 18
167 105 36 11
411 158 36 13
132 377 36 10
535 538 36 2
361 70 36 2
418 382 36 19
55 486 36 5
238 105 36 5
195 484 36 17
234 528 36 20
302 147 36 5
348 73 36 6
24 266 36 2
329 253 36 19
279 67 36 13
32 546 36 15
376 115 36 3
279 352 36 13
436 62 36 15
172 295 36 12
227 112 36 7
325 521 36 19
156 59 36 13
364 387 36 18
78 118 36 2
407 211 36 2
86 39 36 15
312 318 36 18
95 206 36 2
424 439 36 17
186 119 36 19
156 505 36 11
261 175 36 13
84 54 36 6
159 131 36 13
363 52 36 5
17 200 36 14
395 511 36 11
31 121 36 5
336 59 36 12
451 306 36 12
192 461 36 9
453 236 36 5
225 319 36 16
446 478 36 13
237 355 36 20
238 371 36 4
278 219 36 3
150 311 36 4
289 161 36 2
320 65 36 16
45 318 36 12
213 224 36 6
132 510 36 4
42 408 36 9
82 97 36 2
235 335 36 17
41 127 36 7
419 277 36 10
432 18 36 11
503 399 36 19
394 444 36 12
198 171 36 11
238 302 36 16
50 343 36 6
462 486 36 15
73 235 36 17
116 337 36 9
439 270 36 12
40 216 36 18
348 233 36 16
174 79 36 12
379 277 36 11
260 514 36 13
103 78 36 17
354 540 36 15
217 65 36 6
475 242 36 19
313 195 36 2
427 234 36 16
74 34 36 16
119 207 36 11
122 100 36 15
295 359 36 9
284 462 36 14
68 330 36 13
399 61 36 12
479 536 36 7
411 301 36 12
4 243 36 8
483 316 36 9
38 434 36 11
281 70 36 11
253 364 36 5
254 100 36 19
332 229 36 2
464 80 36 6
175 73 36 18
127 484 36 10
273 2 36 2
167 484 36 15
94 36 36 20
290 317 36 4
39 84 36 17
146 337 36 11
229 183 36 2
94 99 36 16
20 335 36 19
543 461 36 12
335 248 36 17
368 414 36 9
170 23 36 3
466 374 36 14
285 412 36 4
466 72 36 4
262 300 36 17
285 456 36 17
450 537 36 17
202 48 36 13
499 382 36 6
250 202 36 5
546 433 36 8
392 352 36 9
8 89 36 17
316 69 36 6
413 330 36 16
146 130 36 10
102 94 36 1
330 357 36 1
533 308 36 16
499 72 36 3
332 132 36 6
248 523 36 7
538 45 36 18
146 422 36 19
434 288 36 2
474 495 36 7
485 49 36 10
547 440 36 9
109 488 36 19
114 439 36 4
320 285 36 16
474 533 36 5
432 523 36 6
540 183 36 4
108 69 36 4
129 543 36 10
279 542 36 1
37 56 36 15
213 164 36 11
149 277 36 18
218 111 36 10
418 100 36 17
108 531 36 15
452 524 36 6
124 146 36 13
82 336 36 5
50 67 36 11
129 165 36 11
100 439 36 5
73 102 36 12
546 319 36 15
148 251 36 18
406 420 36 19
93 387 36 16
447 510 36 7
384 106 36 17
379 218 36 12
367 408 36 1
473 507 36 12
194 94 36 15
192 92 36 5
424 302 36 17
146 160 36 4
522 252 36 14
328 213 36 3
278 112 36 14
79 5 36 9
7 433 36 8
100 358 36 17
145 5 36 18
292 258 36 17
209 134 36 18
439 341 36 5
56 315 36 6
544 95 36 16
24 435 36 1
218 513 36 5
83 34 36 11
416 133 36 8
162 278 36 6
62 22 36 4
116 292 36 8
471 245 36 19
16 300 36 12
359 358 36 5
429 381 36 14
126 114 36 19
435 196 36 12
21 126 36 4
27 287 36 8
36 411 36 10
365 526 36 15
279 512 36 2
534 527 36 12
9 400 36 20
249 343 36 10
377 468 36 10
531 356 36 13
172 438 36 14
493 526 36 15
120 77 36 8
316 441 36 5
318 172 36 20
17 220 36 5
78 228 36 17
435 539 36 20
140 368 36 5
505 351 36 18
33 38 36 9
233 530 36 20
235 164 36 14
100 541 36 18
6 311 36 20
422 390 36 17
395 467 36 2
219 416 36 14
448 8 36 3
51 512 36 3
70 544 36 6
42 292 36 7
540 526 36 6
81 79 36 19
63 84 36 6
278 20 36 15
165 414 36 1
342 148 36 13
25 48 36 10
13 98 36 15
476 230 36 18
428 271 36 14
425 325 36 9
38 406 36 1
191 530 36 3
170 322 36 18
53 486 36 4
403 343 36 16
136 367 36 1
423 442 36 9
190 432 36 16
501 312 36 18
70 251 36 12
165 288 36 6
338 541 36 14
47 163 36 11
385 278 36 5
104 195 36 18
517 330 36 7
492 267 36 1
80 457 36 19
444 472 36 14
47 541 36 6
521 159 36 10
368 11 36 14
197 120 36 15
409 504 36 6
12 122 36 20
20 153 36 1
394 97 36 18
177 239 36 10
391 135 36 2
493 181 36 12
237 216 36 7
331 36 36 7
417 294 36 7
243 155 36 16
284 229 36 17
34 248 36 17
113 156 36 9
521 394 36 12
290 299 36 9
46 244 36 19
342 543 36 7
311 326 36 16
290 257 36 1
451 500 36 6
20 236 36 2
320 332 36 11
224 444 36 19
225 417 36 6
41 222 36 14
539 267 36 4
185 123 36 2
46 495 36 17
490 299 36 7
196 202 36 1
118 222 36 8
206 541 36 8
118 279 36 13
185 504 36 19
160 59 36 17
433 50 36 12
464 234 36 15
6 342 36 20
357 346 36 6
542 541 36 18
70 173 36 5
505 378 36 3
114 495 36 1
229 194 36 18
276 353 36 5
58 238 36 4
169 217 36 11
401 222 36 14
34 93 36 20
512 88 36 20
159 219 36 1
90 176 36 14
75 352 36 19
277 95 36 16
12 432 36 4
353 5 36 2
196 173 36 15
334 26 36 8
329 59 36 18
60 85 36 10
393 306 36 16
414 395 36 5
266 469 36 3
127 261 36 6
119 272 36 2
41 77 36 6
201 334 36 2
29 183 36 16
203 511 36 5
531 23 36 8
399 477 36 12
547 344 36 5
386 62 36 10
91 188 36 6
500 368 36 14
246 409 36 8
543 62 36 5
527 152 36 13
536 416 36 9
119 399 36 8
334 312 36 6
368 374 36 18
250 212 36 2
177 365 36 16
302 379 36 15
213 77 36 7
263 134 36 1
100 175 36 4
180 225 36 2
224 344 36 18
351 192 36 7
408 12 36 18
323 323 36 15
299 499 36 11
524 315 36 12
85 528 36 11
115 305 36 1
207 466 36 19
512 99 36 16
200 384 36 9
287 249 36 9
139 110 36 16
425 494 36 5
376 308 36 7
206 346 36 5
414 430 36 6
275 545 36 17
269 266 36 13
437 292 36 20
283 491 36 6
533 231 36 19
428 431 36 15
396 308 36 3
201 199 36 13
20 404 36 12
216 333 36 5
391 60 36 20
386 329 36 9
300 280 36 3
311 15 36 16
283 63 36 16
503 490 36 10
285 400 36 3
137 115 36 14
235 197 36 13
193 412 36 10
95 317 36 3
542 156 36 9
221 455 36 14
254 280 36 4
168 77 36 9
436 32 36 9
40 378 36 19
498 515 36 4
123 264 36 17
213 456 36 7
88 65 36 19
84 59 36 18
409 342 36 12
528 48 36 1
114 277 36 9
372 165 36 20
86 204 36 6
200 216 36 19
490 400 36 7
491 65 36 9
356 152 36 2
114 298 36 16
513 159 36 9
395 201 36 7
72 314 36 13
373 200 36 6
158 286 36 11
444 547 36 7
151 489 36 6
120 494 36 10
60 364 36 10
126 477 36 10
250 504 36 10
231 352 36 3
258 485 36 5
77 310 36 3
59 529 36 11
307 426 36 15
285 29 36 10
115 210 36 12
10 331 36 19
181 456 36 10
101 159 36 13
180 451 36 13
520 161 36 10
80 299 36 3
449 358 36 17
8 179 36 12
114 463 36 3
222 30 36 4
277 102 36 17
209 344 36 13
9 444 36 17
313 138 36 9
544 111 36 16
104 252 36 5
36 153 36 7
496 161 36 20
349 336 36 6
230 10 36 15
382 348 36 15
318 10 36 16
163 80 36 11
289 454 36 19
257 451 36 5
447 7 36 1
388 104 36 15
202 52 36 12
193 462 36 3
100 144 36 13
160 41 36 7
321 358 36 10
340 35 36 7
255 386 36 8
370 95 36 16
110 56 36 12
40 443 36 20
246 97 36 6
3 352 36 3
219 513 36 3
444 125 36 11
532 445 36 7
144 237 36 2
383 6 36 14
43 376 36 3
153 485 36 4
269 39 36 14
4 284 36 18
400 348 36 17
101 19 36 8
69 525 36 5
78 509 36 14
506 106 36 10
483 3 36 4
299 45 36 5
208 197 36 1
235 527 36 2
219 531 36 12
299 383 36 8
246 545 36 6
157 128 36 4
131 205 36 8
125 163 36 6
356 161 36 5
45 459 36 4
171 181 36 2
234 415 36 18
398 86 36 16
299 447 36 1
547 145 36 7
328 301 36 17
87 493 36 12
416 133 36 4
303 3 36 13
192 109 36 5
187 279 36 14
378 27 36 17
63 487 36 5
279 238 36 9
391 237 36 5
16 79 36 1
315 227 36 16
333 95 36 5
29 397 36 5
370 41 36 11
137 289 36 19
85 181 36 10
447 244 36 4
471 37 36 5
395 427 36 12
524 504 36 10
469 333 36 8
422 181 36 3
506 209 36 18
108 32 36 19
302 230 36 11
352 314 36 5
428 275 36 12
443 199 36 15
210 108 36 15
213 146 36 1
356 68 36 19
179 4 36 19
97 509 36 16
411 69 36 15
280 433 36 20
500 299 36 7
354 179 36 2
450 136 36 12
36 345 36 6
110 10 36 16
140 427 36 7
80 59 36 14
138 155 36 14
467 80 36 10
279 421 36 14
383 374 36 20
316 242 36 1
523 144 36 4
443 179 36 5
470 350 36 3
157 5 36 20
459 84 36 14
216 222 36 20
544 141 36 3
456 481 36 5
314 379 36 5
471 147 36 19
320 122 36 19
305 79 36 10
86 1 36 8
486 157 36 4
218 130 36 16
70 346 36 15
76 404 36 16
223 374 36 6
305 141 36 3
214 126 36 18
425 507 36 12
171 264 36 8
220 412 36 3
9 350 36 12
411 82 36 3
287 151 36 8
509 288 36 4
323 25 36 18
133 329 36 6
383 57 36 16
294 482 36 4
326 167 36 11
436 386 36 4
123 456 36 6
514 319 36 16
487 121 36 15
320 82 36 18
9 466 36 7
72 52 36 6
337 496 36 1
242 243 36 13
107 21 36 8
297 519 36 9
351 156 36 13
207 122 36 17
206 61 36 3
417 380 36 18
430 451 36 9
467 522 36 2
347 374 36 19
346 130 36 20
279 298 36 4
379 109 36 11
379 459 36 3
287 180 36 10
514 385 36 8
314 316 36 2
257 260 36 17
57 179 36 2
31 41 36 9
501 386 36 9
119 180 36 15
367 73 36 15
100 451 36 18
536 252 36 15
62 281 36 15
195 109 36 10
222 366 36 15
153 484 36 18
120 514 36 2
522 468 36 15
21 101 36 8
365 467 36 1
333 82 36 14
212 132 36 11
270 193 36 17
228 449 36 6
17 124 36 6
65 338 36 14
353 519 36 15
197 8 36 8
426 28 36 12
349 455 36 1
344 240 36 15
304 513 36 20
515 235 36 20
460 525 36 8
28 56 36 4
508 182 36 13
439 49 36 8
336 245 36 9
278 185 36 16
258 48 36 12
281 391 36 15
386 147 36 10
75 177 36 4
503 151 36 10
348 178 36 18
316 200 36 6
74 91 36 19
412 488 36 12
210 218 36 1
98 537 36 3
439 333 36 20
473 171 36 7
533 245 36 13
343 262 36 7
130 63 36 14
34 378 36 3
119 514 36 3
253 440 36 4
146 103 36 3
223 200 36 9
410 91 36 20
441 78 36 6
195 126 36 18
63 468 36 20
81 51 36 14
338 84 36 7
309 203 36 20
308 455 36 4
371 115 36 18
105 337 36 18
438 262 36 7
8 217 36 1
296 411 36 12
342 535 36 15
103 130 36 16
535 467 36 8
251 228 36 3
541 50 36 20
177 420 36 2
462 525 36 1
523 477 36 20
128 484 36 2
357 294 36 9
226 151 36 17
15 253 36 12
464 303 36 19
449 6 36 20
151 61 36 9
431 238 36 18
216 214 36 12
399 190 36 12
359 317 36 13
534 188 36 6
88 475 36 11
113 489 36 3
330 467 36 8
465 430 36 4
405 95 36 11
393 525 36 15
316 193 36 1
278 107 36 11
169 465 36 7
544 513 36 5
180 53 36 4
513 228 36 11
66 10 36 20
531 536 36 12
453 393 36 7
498 301 36 18
233 69 36 20
244 409 36 19
443 30 36 6
412 88 36 11
144 329 36 5
289 356 36 14
437 484 36 1
19 467 36 9
516 434 36 4
76 385 36 16
160 70 36 6
498 313 36 4
396 271 36 13
272 135 36 7
52 278 36 9
9 81 36 3
130 517 36 2
323 51 36 10
504 81 36 14
45 156 36 17
434 377 36 1
468 328 36 17
363 238 36 17
287 509 36 7
361 76 36 16
279 84 36 6
5 275 36 17
214 50 36 19
404 6 36 15
480 113 36 5
394 546 36 12
439 528 36 1
311 343 36 2
454 144 36 9
245 505 36 15
376 298 36 17
41 302 36 16
284 30 36 6
92 433 36 5
465 365 36 6
509 211 36 16
445 164 36 20
160 475 36 5
175 443 36 12
213 202 36 18
326 31 36 12
522 133 36 8
507 416 36 19
480 507 36 6
36 486 36 10
188 448 36 13
463 407 36 1
170 81 36 4
220 317 36 18
413 529 36 10
78 307 36 6
102 343 36 4
427 303 36 20
234 297 36 12
473 394 36 6
44 97 36 3
373 12 36 2
381 181 36 20
315 462 36 9
207 327 36 11
300 466 36 18
485 82 36 8
255 508 36 19
502 256 36 16
161 181 36 17
367 287 36 14
536 112 36 7
78 492 36 3
186 322 36 4
64 43 36 3
532 404 36 15
274 341 36 9
421 110 36 14
385 64 36 18
99 286 36 20
330 167 36 8
48 217 36 14
386 295 36 4
419 480 36 8
367 58 36 8
157 104 36 9
474 440 36 20
325 313 36 4
199 151 36 4
391 311 36 19
216 155 36 18
327 202 36 5
2 102 36 8
293 520 36 10
358 402 36 1
465 11 36 9
490 484 36 1
308 323 36 8
235 37 36 7
349 427 36 6
201 95 36 1
220 421 36 5
517 484 36 16
76 292 36 8
176 102 36 13
396 82 36 17
173 24 36 14
388 332 36 13
431 81 36 10
139 430 36 19
219 83 36 3
453 302 36 5
403 333 36 14
454 470 36 2
478 161 36 20
417 9 36 2
367 243 36 8
314 84 36 18
99 29 36 7
529 230 36 17
229 510 36 18
85 416 36 1
423 333 36 8
213 240 36 8
293 232 36 5
475 163 36 15
191 529 36 4
478 358 36 15
1 518 36 11
214 500 36 15
247 243 36 4
425 390 36 17
419 327 36 18
198 539 36 7
509 285 36 11
433 212 36 3
428 403 36 18
118 395 36 15
500 395 36 6
363 124 36 7
518 370 36 20
26 309 36 20
73 180 36 19
390 378 36 1
524 339 36 13
341 287 36 2
321 167 36 8
345 284 36 19
240 236 36 4
106 113 36 10
471 83 36 5
47 108 36 5
11 242 36 4
364 147 36 20
162 123 36 8
305 525 36 17
113 299 36 13
385 158 36 15
19 397 36 13
48 503 36 6
199 488 36 19
235 49 36 9
95 122 36 10
72 485 36 13
488 161 36 16
210 466 36 18
219 31 36 12
393 478 36 8
304 496 36 8
26 543 36 2
408 257 36 16
264 6 36 8
351 100 36 11
132 171 36 15
60 173 36 19
109 445 36 9
198 116 36 18
100 508 36 20
159 326 36 5
130 352 36 10
55 212 36 3
530 537 36 16
22 402 36 7
119 534 36 9
278 108 36 3
536 216 36 15
226 476 36 14
494 28 36 4
207 187 36 9
416 316 36 4
135 432 36 14
110 477 36 11
152 498 36 1
232 131 36 19
60 409 36 17
122 459 36 3
19 199 36 5
93 208 36 2
127 414 36 6
2 344 36 4
290 478 36 18
305 40 36 6
309 192 36 12
229 485 36 2
198 59 36 19
273 180 36 1
79 260 36 13
360 352 36 7
184 541 36 6
193 57 36 16
33 347 36 16
366 166 36 2
81 536 36 8
355 279 36 12
212 476 36 4
55 264 36 8
355 342 36 8
307 155 36 7
528 338 36 14
69 45 36 5
500 139 36 6
376 504 36 3
354 99 36 14
523 515 36 3
145 242 36 2
434 296 36 6
355 103 36 9
536 472 36 8
37 452 36 4
77 520 36 15
236 534 36 11
256 363 36 15
441 231 36 10
67 207 36 9
519 413 36 16
476 299 36 18
87 106 36 15
101 157 36 4
332 193 36 3
414 331 36 12
541 20 36 12
260 275 36 9
544 231 36 4
441 297 36 17
368 330 36 19
51 258 36 1
29 406 36 15
110 507 36 15
176 353 36 20
147 219 36 15
153 213 36 17
145 472 36 11
499 530 36 18
51 485 36 3
419 368 36 10
104 418 36 18
150 447 36 14
301 71 36 9
61 246 36 11
75 455 36 7
419 60 36 8
236 266 36 8
451 217 36 1
349 329 36 5
543 262 36 3
35 366 36 6
456 515 36 16
126 330 36 15
426 452 36 11
531 526 36 13
307 459 36 17
296 209 36 14
332 112 36 4
351 460 36 2
369 518 36 6
207 67 36 5
524 522 36 20
194 162 36 5
542 40 36 6
42 23 36 14
58 392 36 3
195 202 36 3
50 533 36 14
121 336 36 15
98 219 36 7
336 425 36 11
392 464 36 18
477 110 36 7
406 104 36 12
239 208 36 1
50 265 36 2
381 460 36 14
374 509 36 5
479 145 36 6
11 242 36 3
122 92 36 8
237 483 36 8
451 474 36 10
218 394 36 17
86 85 36 2
38 196 36 9
444 29 36 3
441 465 36 13
486 396 36 9
320 468 36 17
434 42 36 14
425 340 36 20
333 244 36 10
411 523 36 8
108 123 36 7
12 222 36 16
181 118 36 13
323 74 36 9
489 12 36 13
252 393 36 19
318 279 36 17
475 157 36 18
82 4 36 18
162 476 36 16
212 99 36 11
284 110 36 15
66 352 36 3
486 190 36 15
275 131 36 19
37 383 36 10
265 215 36 20
535 143 36 10
174 224 36 7
118 448 36 9
37 112 36 15
140 458 36 18
402 523 36 8
359 523 36 6
327 313 36 8
369 349 36 3
318 66 36 19
483 115 36 8
382 350 36 13
283 467 36 4
113 18 36 16
103 157 36 18
265 74 36 5
231 494 36 3
386 274 36 19
248 157 36 6
493 474 36 2
467 471 36 1
36 367 36 18
375 103 36 12
192 277 36 16
58 442 36 6
443 159 36 15
318 389 36 5
231 289 36 3
456 536 36 15
544 543 36 14
213 462 36 20
58 12 36 1
252 449 36 5
428 93 36 4
137 212 36 19
64 107 36 20
64 486 36 14
72 232 36 18
354 140 36 11
306 199 36 5
185 411 36 20
111 530 36 5
341 234 36 3
189 177 36 10
313 375 36 9
393 500 36 1
84 16 36 2
101 87 36 15
468 502 36 18
338 261 36 19
142 507 36 8
532 70 36 17
386 472 36 15
141 113 36 14
535 487 36 1
46 394 36 1
334 477 36 8
13 92 36 11
471 12 36 19
36 350 36 12
408 6 36 11
96 52 36 19
313 437 36 5
340 30 36 16
59 79 36 5
151 186 36 4
196 519 36 10
317 47 36 18
525 517 36 19
203 67 36 10
140 474 36 11
99 22 36 3
126 396 36 16
78 250 36 10
205 308 36 20
333 459 36 8
307 107 36 12
211 423 36 7
207 463 36 7
338 180 36 1
209 319 36 15
209 417 36 20
261 58 36 12
265 135 36 6
298 339 36 18
409 186 36 18
159 493 36 14
490 218 36 10
319 486 36 15
180 276 36 8
106 546 36 12
21 270 36 19
503 530 36 6
411 309 36 17
21 59 36 1
485 468 36 20
376 141 36 11
434 145 36 11
430 464 36 8
341 96 36 14
431 263 36 4
417 283 36 14
272 239 36 6
184 164 36 14
292 184 36 9
192 183 36 1
340 73 36 17
494 507 36 10
257 389 36 17
21 245 36 9
60 190 36 14
159 59 36 20
466 392 36 17
270 28 36 17
444 382 36 9
68 88 36 18
283 427 36 15
92 436 36 4
45 207 36 14
523 227 36 20
64 348 36 1
352 22 36 19
438 487 36 2
215 271 36 5
217 167 36 6
464 297 36 17
347 32 36 8
240 185 36 11
216 291 36 8
33 266 36 17
157 391 36 13
408 196 36 18
294 86 36 18
510 363 36 6
269 94 36 19
470 11 36 14
150 357 36 15
381 111 36 5
499 388 36 7
215 420 36 7
282 29 36 15
149 498 36 15
99 245 36 6
535 269 36 17
209 52 36 4
49 522 36 18
248 186 36 17
478 19 36 7
407 33 36 11
80 309 36 14
81 43 36 5
410 253 36 18
511 413 36 1
150 400 36 7
214 61 36 7
433 172 36 12
115 419 36 6
215 349 36 19
487 208 36 3
52 350 36 9
98 430 36 8
235 292 36 10
385 317 36 18
293 466 36 3
470 194 36 8
152 79 36 13
478 255 36 15
381 469 36 16
427 470 36 1
504 36 36 3
343 134 36 5
287 430 36 5
545 329 36 17
59 75 36 18
97 59 36 6
258 210 36 10
42 203 36 5
245 36 36 9
310 524 36 6
98 481 36 20
235 338 36 18
254 77 36 4
79 74 36 10
282 195 36 6
404 353 36 18
234 63 36 3
204 105 36 14
429 349 36 8
91 173 36 2
222 271 36 4
388 505 36 10
203 274 36 10
509 352 36 15
111 87 36 13
335 5 36 6
70 238 36 15
76 503 36 15
285 447 36 9
44 537 36 12
388 273 36 17
119 113 36 6
249 377 36 14
455 338 36 5
250 449 36 16
301 236 36 4
220 367 36 6
201 442 36 4
286 241 36 9
234 346 36 2
354 187 36 20
198 367 36 2
61 68 36 15
197 37 36 4
199 287 36 20
288 102 36 8
380 383 36 5
287 36 36 6
149 321 36 11
457 7 36 13
269 423 36 8
353 135 36 16
2 195 36 2
90 453 36 19
516 104 36 2
419 391 36 3
11 286 36 6
515 25 36 19
491 235 36 6
161 144 36 5
176 474 36 6
439 279 36 18
521 342 36 18
123 494 36 19
370 524 36 17
357 395 36 9
507 405 36 9
7 435 36 15
28 440 36 18
432 53 36 18
419 228 36 16
219 181 36 15
153 154 36 16
343 338 36 14
500 161 36 4
151 32 36 18
193 538 36 18
35 544 36 6
510 87 36 15
63 33 36 18
368 451 36 5
114 122 36 9
138 336 36 11
81 193 36 6
454 145 36 10
319 295 36 8
31 3 36 2
209 99 36 18
275 62 36 13
295 186 36 5
367 69 36 10
182 182 36 1
178 382 36 15
389 462 36 13
390 430 36 1
67 201 36 3
321 231 36 4
19 440 36 12
322 229 36 8
226 523 36 13
162 404 36 5
1 39 36 11
85 278 36 12
442 119 36 8
21 23 36 20
291 89 36 17
370 472 36 10
514 490 36 14
209 326 36 14
512 66 36 4
515 227 36 2
40 289 36 15
293 373 36 20
442 329 36 11
20 349 36 1
27 154 36 5
235 523 36 9
189 489 36 7
96 150 36 4
232 176 36 8
404 206 36 19
433 307 36 2
77 114 36 5
483 8 36 2
522 89 36 9
99 115 36 14
311 350 36 3
447 538 36 1
102 86 36 17
82 379 36 12
127 236 36 17
460 183 36 13
534 260 36 6
10 257 36 11
299 294 36 15
513 392 36 9
333 217 36 2
190 178 36 3
536 279 36 18
62 360 36 19
310 486 36 3
278 460 36 11
5 508 36 16
392 517 36 17
301 330 36 17
360 295 36 8
471 142 36 2
509 331 36 19
536 320 36 5
164 381 36 7
171 205 36 20
536 482 36 14
537 1 36 2
312 454 36 8
406 207 36 5
245 81 36 13
476 4 36 5
437 512 36 16
514 16 36 5
383 179 36 13
65 411 36 11
293 400 36 3
434 389 36 17
49 216 36 14
119 74 36 16
517 318 36 17
240 308 36 17
41 198 36 19
173 226 36 4
139 61 36 9
547 187 36 18
65 542 36 8
126 490 36 13
187 538 36 17
154 109 36 8
451 141 36 7
219 380 36 8
53 420 36 18
522 46 36 3
397 246 36 12
512 246 36 18
491 310 36 14
384 436 36 13
119 137 36 9
130 353 36 4
153 256 36 20
70 537 36 17
294 104 36 8
169 78 36 11
330 536 36 2
5 500 36 2
476 506 36 5
393 404 36 20
253 522 36 19
103 167 36 12
123 381 36 18
284 450 36 20
338 196 36 7
327 426 36 9
423 271 36 17
218 275 36 3
319 265 36 5
183 111 36 10
544 363 36 1
495 527 36 16
312 102 36 14
385 447 36 13
509 300 36 1
189 141 36 14
493 17 36 20
300 296 36 10
60 67 36 12
386 250 36 9
22 246 36 9
304 255 36 20
142 20 36 14
423 466 36 5
58 490 36 7
498 131 36 3
332 139 36 10
435 438 36 10
266 497 36 8
424 398 36 5
206 419 36 16
413 237 36 6
51 379 36 12
400 254 36 19
102 373 36 9
164 324 36 20
367 108 36 9
101 542 36 16
192 323 36 18
350 261 36 17
271 528 36 18
500 393 36 12
375 444 36 8
392 296 36 19
266 459 36 18
144 138 36 4
215 504 36 15
423 120 36 18
522 373 36 19
86 237 36 5
46 23 36 9
487 522 36 10
71 411 36 5
94 256 36 3
433 36 36 7
50 180 36 5
52 456 36 11
161 331 36 1
326 306 36 20
267 453 36 13
529 498 36 7
225 438 36 9
314 23 36 14
360 178 36 4
217 125 36 9
533 236 36 10
438 287 36 6
362 509 36 10
467 288 36 12
398 69 36 6
80 50 36 8
331 275 36 4
9 103 36 5
98 462 36 3
504 194 36 11
337 179 36 12
472 131 36 15
516 8 36 16
343 536 36 15
537 448 36 19
89 527 36 16
138 310 36 15
140 319 36 5
225 478 36 15
3 435 36 6
391 286 36 5
44 210 36 20
530 240 36 18
431 35 36 3
134 24 36 13
514 112 36 14
397 312 36 18
68 451 36 19
451 190 36 18
201 193 36 1
206 98 36 5
389 141 36 3
155 123 36 2
538 69 36 1
300 264 36 13
24 293 36 13
275 142 36 10
351 271 36 19
259 236 36 5
98 498 36 1
371 156 36 2
382 544 36 15
118 152 36 18
155 142 36 7
226 503 36 4
383 41 36 10
167 316 36 1
323 181 36 11
383 439 36 6
85 52 36 10
41 422 36 10
156 319 36 12
349 498 36 5
241 105 36 18
202 392 36 13
426 228 36 7
457 456 36 12
82 231 36 18
39 66 36 11
294 212 36 5
438 314 36 20
252 469 36 7
124 332 36 1
148 26 36 15
374 289 36 17
71 229 36 12
293 138 36 20
407 281 36 15
154 381 36 10
401 128 36 7
153 80 36 12
326 393 36 20
332 516 36 15
288 116 36 8
410 5 36 13
314 75 36 5
23 429 36 5
186 288 36 1
33 503 36 16
8 356 36 6
194 508 36 9
146 348 36 18
82 194 36 16
288 481 36 5
95 343 36 17
129 172 36 1
452 194 36 7
428 379 36 6
136 474 36 7
225 481 36 12
441 127 36 7
251 334 36 9
453 416 36 10
77 156 36 20
425 312 36 15
230 440 36 10
109 407 36 1
416 349 36 7
525 484 36 3
42 162 36 2
523 55 36 6
418 306 36 11
176 211 36 15
127 287 36 5
11 226 36 8
300 455 36 10
275 16 36 6
505 493 36 1
20 470 36 7
69 26 36 12
52 2 36 13
222 419 36 5
179 47 36 1
489 235 36 6
531 246 36 14
338 60 36 3
37 397 36 3
266 354 36 10
234 435 36 11
200 19 36 14
266 70 36 1
510 353 36 10
450 532 36 11
177 535 36 3
191 519 36 19
493 371 36 13
93 407 36 13
379 125 36 11
2 420 36 19
157 72 36 6
399 399 36 6
95 361 36 4
209 325 36 15
494 17 36 1
467 269 36 9
137 214 36 19
538 368 36 16
179 200 36 1
236 201 36 14
180 419 36 1
204 270 36 15
297 364 36 10
257 88 36 12
264 96 36 20
258 15 36 11
285 214 36 20
135 204 36 11
391 445 36 4
348 133 36 12
239 374 36 4
201 92 36 3
77 450 36 3
314 159 36 15
390 422 36 1
482 132 36 10
295 416 36 18
384 3 36 5
294 455 36 2
464 317 36 4
350 70 36 9
108 271 36 2
197 347 36 20
164 113 36 18
219 17 36 12
431 498 36 12
172 308 36 20
189 206 36 12
409 14 36 17
41 540 36 13
414 342 36 11
128 449 36 14
480 98 36 12
187 262 36 12
52 542 36 19
463 487 36 10
459 173 36 6
385 361 36 6
437 284 36 6
397 324 36 16
189 252 36 19
50 441 36 12
181 373 36 3
173 12 36 12
340 126 36 13
39 103 36 6
235 14 36 1
253 460 36 6
538 350 36 19
352 261 36 11
96 449 36 19
244 498 36 9
293 193 36 8
501 428 36 1
486 282 36 3
464 320 36 13
444 69 36 13
111 383 36 4
76 374 36 16
387 178 36 5
