3000 300
339 423 120 18
320 415 120 20
406 10 120 15
37 529 120 13
226 217 120 17
518 210 120 17
381 115 120 20
466 132 120 10
111 80 120 11
453 99 120 3
360 437 120 16
205 209 120 5
170 67 120 20
391 165 120 6
207 391 120 9
66 423 120 2
390 318 120 15
122 237 120 16
193 347 120 6
434 252 120 2
359 127 120 3
221 393 120 15
13 77 120 9
361 467 120 10
143 126 120 13
266 253 120 12
536 95 120 16
435 216 120 10
527 470 120 11
151 418 120 18
421 291 120 14
95 27 120 16
524 39 120 15
535 399 120 5
164 56 120 11
306 321 120 16
324 371 120 2
112 320 120 6
198 299 120 11
83 450 120 5
343 385 120 4
183 479 120 6
414 455 120 12
237 505 120 5
463 183 120 10
392 488 120 5
27 264 120 5
303 437 120 2
309 87 120 13
362 231 120 13
224 89 120 3
438 271 120 9
131 199 120 2
471 497 120 5
177 413 120 4
485 319 120 3
82 345 120 7
50 100 120 17
399 471 120 8
14 285 120 16
79 23 120 16
42 522 120 5
484 167 120 15
348 90 120 7
169 266 120 19
234 266 120 1
177 347 120 19
508 458 120 8
182 309 120 12
489 385 120 1
541 463 120 1
135 19 120 9
60 502 120 8
184 302 120 11
320 532 120 4
382 218 120 15
154 457 120 20
333 479 120 17
64 113 120 17
389 116 120 14
451 110 120 12
51 306 120 14
173 365 120 19
461 64 120 10
415 445 120 9
88 279 120 5
26 433 120 7
373 280 120 5
21 405 120 9
101 246 120 12
19 149 120 3
460 200 120 1
311 372 120 7
241 347 120 10
472 276 120 5
202 364 120 14
150 389 120 6
7 214 120 11
405 296 120 8
368 459 120 8
446 477 120 12
149 389 120 3
156 215 120 18
43 455 120 16
55 441 120 7
511 95 120 15
152 245 120 14
286 313 120 6
153 232 120 9
485 52 120 18
454 13 120 19
86 223 120 7
464 378 120 16
181 483 120 4
306 537 120 20
159 501 120 17
438 167 120 14
11 452 120 13
344 119 120 8
488 57 120 17
58 25 120 13
104 110 120 18
539 88 120 5
217 330 120 11
350 150 120 13
375 308 120 12
10 198 120 1
498 208 120 14
267 67 120 12
267 69 120 12
380 127 120 17
506 230 120 6
368 283 120 1
61 500 120 3
298 302 120 3
40 191 120 8
343 263 120 15
266 275 120 19
217 541 120 16
286 260 120 2
474 93 120 19
138 113 120 13
36 480 120 5
505 56 120 8
334 415 120 9
249 516 120 16
534 312 120 16
470 92 120 14
190 308 120 16
523 108 120 7
439 34 120 17
482 234 120 18
269 269 120 12
338 288 120 10
360 74 120 6
197 323 120 2
287 309 120 20
92 293 120 5
172 544 120 18
245 34 120 10
154 473 120 6
156 469 120 5
331 190 120 9
439 42 120 14
117 401 120 20
210 113 120 12
271 461 120 5
158 6 120 11
136 177 120 14
545 421 120 15
452 89 120 10
455 244 120 14
206 28 120 7
163 528 120 13
470 160 120 13
365 369 120 14
35 154 120 11
75 373 120 12
408 23 120 2
253 20 120 8
131 533 120 17
543 441 120 16
329 99 120 4
428 324 120 12
506 308 120 4
500 125 120 2
183 159 120 7
265 233 120 2
351 156 120 3
129 408 120 3
388 53 120 15
189 110 120 17
234 500 120 13
367 380 120 10
543 338 120 6
331 353 120 16
2 535 120 15
435 314 120 15
146 118 120 3
426 308 120 20
240 210 120 20
525 399 120 16
279 147 120 1
132 28 120 1
370 86 120 1
368 416 120 20
5 480 120 15
347 429 120 6
437 90 120 15
134 30 120 16
301 270 120 16
34 309 120 16
424 40 120 19
156 234 120 1
330 118 120 4
294 1 120 11
125 5 120 4
5 414 120 1
137 365 120 2
510 498 120 13
96 313 120 13
439 409 120 12
147 285 120 15
64 502 120 13
8 284 120 11
522 92 120 11
481 278 120 12
373 283 120 7
270 481 120 11
194 506 120 18
209 54 120 9
9 7 120 2
116 216 120 5
387 279 120 10
344 286 120 11
419 322 120 6
8 255 120 16
149 142 120 18
280 411 120 17
166 119 120 8
127 390 120 6
400 460 120 9
534 90 120 10
467 477 120 11
354 273 120 20
40 206 120 16
365 214 120 6
482 424 120 8
396 157 120 12
243 384 120 9
111 510 120 1
32 424 120 16
506 472 120 2
102 391 120 4
99 260 120 18
320 299 120 4
376 178 120 3
202 174 120 10
232 22 120 8
125 265 120 11
198 437 120 7
176 468 120 14
65 426 120 3
44 42 120 12
14 141 120 1
319 522 120 20
282 412 120 16
458 67 120 6
510 360 120 1
172 484 120 4
279 196 120 15
410 371 120 11
356 498 120 20
289 56 120 17
127 70 120 7
224 450 120 6
134 184 120 5
284 94 120 14
61 56 120 20
406 289 120 6
530 82 120 9
543 492 120 20
476 362 120 20
349 165 120 6
326 291 120 4
381 514 120 12
534 163 120 17
490 446 120 9
26 506 120 1
531 364 120 2
424 408 120 20
513 403 120 7
488 393 120 16
412 257 120 8
392 35 120 8
503 478 120 6
31 464 120 11
289 406 120 2
155 494 120 3
77 477 120 16
411 415 120 2
279 381 120 9
92 383 120 13
328 309 120 19
243 154 120 15
387 171 120 14
75 202 120 13
471 5 120 10
219 160 120 17
535 298 120 14
182 223 120 6
298 501 120 2
270 107 120 17
88 496 120 7
223 192 120 8
455 93 120 11
8 167 120 12
87 91 120 7
24 371 120 3
516 358 120 1
452 54 120 6
317 352 120 9
16 74 120 6
96 223 120 2
485 508 120 6
542 415 120 17
285 485 120 11
290 24 120 20
362 47 120 5
46 77 120 19
27 43 120 19
292 359 120 13
511 374 120 13
351 532 120 13
77 531 120 2
542 41 120 2
67 325 120 11
367 129 120 1
211 491 120 13
487 536 120 3
26 78 120 4
290 431 120 2
296 456 120 9
500 259 120 3
379 336 120 2
342 392 120 12
110 520 120 16
425 339 120 17
215 2 120 2
114 3 120 13
88 29 120 1
229 318 120 11
181 129 120 17
83 143 120 18
455 36 120 1
325 377 120 19
235 486 120 12
469 425 120 3
408 93 120 18
291 206 120 15
286 355 120 11
358 36 120 8
313 278 120 19
239 361 120 16
486 330 120 15
520 107 120 13
461 341 120 16
373 324 120 13
77 246 120 18
392 51 120 7
162 336 120 3
22 146 120 8
261 521 120 5
144 274 120 5
106 274 120 11
166 247 120 12
116 160 120 15
5 47 120 15
319 124 120 20
239 30 120 1
427 191 120 20
422 274 120 11
514 49 120 3
399 192 120 20
159 298 120 5
248 525 120 17
505 93 120 15
70 160 120 2
20 478 120 13
216 231 120 13
462 172 120 8
11 46 120 8
315 75 120 5
45 535 120 16
111 209 120 10
450 456 120 1
3 476 120 2
324 545 120 7
82 18 120 1
88 295 120 13
60 271 120 11
347 343 120 7
359 111 120 18
358 217 120 4
64 389 120 16
128 353 120 16
232 355 120 16
428 131 120 14
298 275 120 3
160 362 120 3
252 483 120 18
516 282 120 15
403 94 120 9
363 513 120 10
311 91 120 12
529 281 120 9
109 512 120 19
225 454 120 6
401 266 120 6
47 425 120 20
49 129 120 12
321 160 120 11
451 15 120 3
143 377 120 8
52 203 120 3
412 184 120 16
92 292 120 12
126 32 120 12
353 432 120 2
307 541 120 14
199 42 120 12
27 425 120 15
198 328 120 13
524 470 120 4
330 37 120 10
227 510 120 18
466 54 120 17
184 179 120 13
355 532 120 7
306 353 120 6
134 5 120 4
91 93 120 5
268 352 120 8
522 328 120 17
58 172 120 18
405 399 120 18
326 379 120 9
116 16 120 6
484 432 120 9
190 191 120 3
497 386 120 16
299 538 120 15
40 259 120 6
108 295 120 15
161 352 120 10
249 209 120 4
362 49 120 12
527 227 120 10
386 163 120 17
229 414 120 17
487 426 120 3
263 177 120 20
194 217 120 13
413 386 120 7
537 546 120 13
285 310 120 12
431 124 120 1
470 165 120 13
525 4 120 4
526 294 120 15
170 295 120 13
261 11 120 17
343 204 120 6
198 131 120 7
347 120 120 6
362 466 120 15
162 349 120 8
496 272 120 9
85 311 120 20
322 289 120 5
3 520 120 1
108 233 120 9
452 91 120 3
527 288 120 9
441 150 120 4
415 26 120 19
151 188 120 7
72 198 120 9
157 282 120 10
308 119 120 2
267 183 120 5
458 290 120 14
175 257 120 7
156 298 120 8
330 191 120 8
77 120 120 15
351 270 120 3
426 403 120 1
288 13 120 13
459 382 120 7
434 101 120 5
318 73 120 12
497 247 120 15
219 465 120 19
291 247 120 12
511 385 120 1
272 250 120 2
220 191 120 20
427 478 120 17
369 451 120 4
428 337 120 5
123 170 120 1
231 119 120 11
48 400 120 7
162 143 120 1
529 168 120 15
469 502 120 9
193 174 120 20
257 54 120 9
458 422 120 5
492 364 120 11
142 1 120 10
473 231 120 7
503 340 120 17
513 17 120 11
222 545 120 17
439 528 120 8
297 173 120 18
407 492 120 16
509 464 120 10
30 470 120 15
434 64 120 6
460 536 120 8
119 7 120 1
240 519 120 17
502 193 120 19
509 84 120 18
408 443 120 17
543 364 120 6
245 388 120 2
431 417 120 20
371 303 120 6
373 277 120 18
121 395 120 8
209 149 120 6
312 166 120 20
413 127 120 17
72 50 120 4
512 45 120 16
349 351 120 2
164 234 120 14
386 119 120 6
249 7 120 15
163 127 120 20
82 335 120 8
520 100 120 19
117 27 120 1
407 160 120 12
107 124 120 10
233 472 120 2
198 88 120 19
95 536 120 13
355 299 120 7
345 461 120 16
244 58 120 19
291 92 120 10
504 208 120 7
358 130 120 6
199 298 120 9
208 45 120 15
20 305 120 3
128 461 120 11
417 268 120 4
164 65 120 5
100 370 120 12
433 114 120 19
379 70 120 17
414 427 120 3
62 140 120 20
380 347 120 18
137 428 120 16
529 9 120 11
486 425 120 1
195 103 120 7
426 265 120 6
167 212 120 4
546 43 120 8
100 519 120 10
393 33 120 1
498 412 120 14
100 1 120 18
69 45 120 4
497 45 120 4
99 239 120 5
375 117 120 5
473 345 120 11
137 405 120 16
479 20 120 7
215 474 120 1
152 424 120 18
497 38 120 13
113 168 120 19
409 118 120 6
34 216 120 3
371 43 120 12
425 515 120 6
143 104 120 5
513 97 120 3
368 373 120 14
256 524 120 17
7 473 120 14
430 101 120 7
350 509 120 20
377 57 120 5
95 428 120 15
53 305 120 13
356 510 120 8
517 537 120 9
149 357 120 15
255 65 120 20
298 134 120 15
441 16 120 11
143 428 120 11
23 257 120 19
119 413 120 2
320 527 120 20
488 336 120 20
336 367 120 13
219 515 120 10
537 284 120 10
346 97 120 12
142 537 120 12
39 132 120 15
505 217 120 11
543 397 120 2
461 231 120 19
199 171 120 20
445 507 120 1
196 240 120 5
303 291 120 4
51 89 120 16
480 231 120 6
377 331 120 11
216 288 120 12
373 346 120 17
395 259 120 7
396 519 120 8
248 479 120 6
465 127 120 9
103 491 120 9
149 56 120 19
228 535 120 11
297 426 120 3
13 94 120 18
6 466 120 13
396 375 120 1
470 224 120 3
229 533 120 9
9 450 120 4
90 68 120 17
462 216 120 17
438 443 120 9
96 255 120 14
147 267 120 20
485 334 120 15
136 183 120 2
45 167 120 10
535 457 120 19
409 527 120 1
409 131 120 5
476 46 120 10
537 545 120 16
38 155 120 15
26 363 120 10
108 300 120 12
171 497 120 10
123 57 120 18
298 44 120 7
458 453 120 18
35 376 120 4
227 305 120 12
86 356 120 13
450 455 120 5
521 480 120 16
435 103 120 1
74 273 120 14
503 395 120 6
67 145 120 11
86 117 120 18
85 151 120 2
276 377 120 6
512 463 120 3
322 427 120 17
224 463 120 13
4 350 120 3
84 485 120 1
175 441 120 8
322 507 120 13
27 45 120 6
185 191 120 16
233 528 120 18
100 7 120 15
322 328 120 2
451 5 120 20
27 70 120 2
253 153 120 9
203 389 120 1
125 163 120 4
252 252 120 8
496 436 120 12
343 121 120 17
81 282 120 8
344 56 120 15
486 506 120 16
58 47 120 6
41 299 120 16
447 17 120 1
323 141 120 8
96 454 120 1
38 402 120 13
232 259 120 9
344 340 120 14
525 198 120 10
487 136 120 5
452 255 120 12
2 357 120 4
314 257 120 7
467 94 120 16
235 190 120 16
317 289 120 3
348 520 120 2
500 378 120 13
447 356 120 11
388 357 120 9
410 261 120 6
479 325 120 7
300 91 120 1
136 10 120 8
175 306 120 2
182 137 120 3
43 485 120 2
163 499 120 15
137 398 120 14
308 300 120 13
191 225 120 20
328 156 120 11
275 455 120 10
477 106 120 13
288 342 120 15
350 523 120 10
215 18 120 1
52 243 120 17
329 379 120 11
413 202 120 6
369 392 120 5
38 173 120 3
93 447 120 5
300 438 120 16
516 241 120 4
5 105 120 16
178 320 120 10
288 433 120 12
473 214 120 14
509 80 120 13
359 510 120 1
495 62 120 4
239 216 120 8
500 515 120 10
381 545 120 16
56 2 120 7
253 180 120 10
530 529 120 14
439 455 120 4
304 478 120 7
370 289 120 15
281 298 120 19
487 536 120 9
46 4 120 6
42 384 120 10
340 440 120 8
257 207 120 20
494 189 120 18
69 143 120 11
404 446 120 17
396 269 120 13
287 64 120 3
302 3 120 2
469 48 120 13
119 151 120 11
374 5 120 12
22 262 120 11
458 208 120 8
329 338 120 8
106 256 120 16
423 104 120 3
480 391 120 10
350 145 120 4
270 128 120 14
193 308 120 7
14 135 120 12
399 218 120 6
381 129 120 7
66 519 120 8
441 139 120 4
167 14 120 15
223 494 120 2
404 358 120 16
40 80 120 5
395 334 120 20
292 347 120 5
255 198 120 3
541 93 120 2
487 159 120 11
223 114 120 13
276 280 120 15
433 17 120 19
10 482 120 19
278 36 120 20
189 431 120 2
407 237 120 8
274 6 120 8
358 546 120 14
86 485 120 16
393 160 120 2
292 497 120 19
205 445 120 9
125 454 120 1
465 185 120 10
336 373 120 10
541 294 120 11
60 20 120 12
385 439 120 10
318 39 120 11
409 432 120 14
128 238 120 3
188 442 120 3
264 82 120 15
274 61 120 7
382 396 120 3
310 451 120 2
52 25 120 12
283 472 120 16
513 242 120 2
132 166 120 6
520 355 120 20
310 543 120 9
59 259 120 1
261 48 120 10
101 429 120 20
436 253 120 7
456 304 120 8
71 40 120 17
125 5 120 11
280 198 120 6
318 170 120 3
47 541 120 11
280 114 120 10
108 375 120 9
544 537 120 1
343 425 120 4
107 333 120 19
443 466 120 19
156 105 120 5
235 384 120 16
478 155 120 16
529 201 120 9
90 542 120 15
457 165 120 2
385 223 120 8
195 80 120 16
257 186 120 18
75 82 120 19
542 299 120 2
527 533 120 19
101 464 120 17
516 445 120 7
377 50 120 16
351 506 120 6
215 343 120 10
67 52 120 15
344 308 120 20
469 445 120 3
511 501 120 8
111 480 120 11
157 96 120 12
356 64 120 17
209 502 120 9
181 367 120 13
316 96 120 14
127 163 120 19
16 21 120 5
153 489 120 17
371 515 120 10
403 78 120 4
420 296 120 11
415 105 120 14
369 375 120 1
373 8 120 19
396 324 120 12
215 450 120 5
148 527 120 1
388 133 120 12
525 503 120 2
130 358 120 12
276 292 120 11
518 159 120 5
337 43 120 4
173 477 120 14
375 325 120 10
125 540 120 5
100 140 120 2
95 42 120 11
93 19 120 14
544 210 120 4
102 547 120 17
502 32 120 10
522 431 120 10
369 56 120 14
223 492 120 6
401 69 120 12
542 168 120 10
116 262 120 4
431 417 120 2
93 475 120 1
236 29 120 1
123 45 120 7
231 81 120 18
381 449 120 10
460 125 120 9
379 40 120 11
289 34 120 15
401 212 120 11
6 95 120 1
239 249 120 19
195 546 120 8
213 122 120 6
201 352 120 15
195 248 120 12
183 160 120 16
238 53 120 4
300 342 120 13
45 195 120 3
175 262 120 4
112 500 120 11
523 210 120 1
477 422 120 20
537 137 120 9
131 332 120 16
236 29 120 6
526 266 120 6
247 81 120 6
125 187 120 8
214 361 120 3
459 472 120 6
468 509 120 8
476 500 120 17
119 489 120 17
176 135 120 20
542 432 120 20
521 410 120 17
5 109 120 10
439 295 120 5
520 508 120 12
377 420 120 3
249 340 120 4
330 330 120 6
348 511 120 11
502 201 120 8
440 196 120 17
468 169 120 17
214 235 120 1
103 126 120 11
177 160 120 11
65 51 120 3
423 300 120 1
258 82 120 7
44 429 120 7
381 445 120 1
367 337 120 5
175 319 120 16
455 48 120 7
358 150 120 7
70 326 120 3
228 390 120 18
320 328 120 20
267 100 120 4
543 143 120 20
235 39 120 2
127 405 120 3
277 95 120 20
47 64 120 3
114 483 120 13
367 5 120 15
233 233 120 19
211 5 120 5
3 333 120 4
423 328 120 14
240 15 120 4
17 204 120 5
130 542 120 2
14 41 120 3
8 216 120 8
212 36 120 20
195 330 120 4
83 540 120 18
297 57 120 4
64 479 120 18
97 234 120 4
106 250 120 17
96 379 120 10
119 454 120 10
266 523 120 5
349 188 120 4
436 382 120 18
270 526 120 8
170 276 120 13
403 401 120 8
417 497 120 1
507 117 120 5
315 212 120 14
55 392 120 16
506 111 120 8
79 521 120 20
234 471 120 10
233 193 120 15
286 424 120 13
395 280 120 15
436 211 120 18
162 170 120 13
200 484 120 9
68 53 120 14
390 73 120 16
265 152 120 14
264 447 120 15
222 195 120 14
97 542 120 13
308 390 120 6
435 278 120 19
510 501 120 19
217 153 120 2
135 283 120 9
506 187 120 9
503 451 120 11
472 168 120 18
365 389 120 18
511 547 120 18
534 370 120 3
289 257 120 12
316 281 120 14
512 497 120 16
221 146 120 1
529 105 120 16
363 122 120 7
471 46 120 7
479 472 120 5
196 498 120 14
455 484 120 20
70 288 120 9
510 56 120 7
418 83 120 9
540 303 120 13
398 285 120 15
442 162 120 11
327 85 120 6
504 79 120 16
522 274 120 13
54 243 120 1
503 375 120 18
175 337 120 14
66 269 120 6
31 323 120 3
79 173 120 18
355 67 120 19
143 456 120 17
100 474 120 8
529 510 120 1
361 16 120 3
192 33 120 11
309 208 120 13
482 335 120 14
314 365 120 5
387 505 120 4
320 312 120 20
415 516 120 1
109 131 120 13
490 112 120 12
50 535 120 4
462 179 120 7
154 487 120 3
244 484 120 10
117 250 120 7
313 151 120 16
196 533 120 13
145 462 120 10
127 23 120 11
519 27 120 11
389 76 120 7
274 53 120 15
253 268 120 9
378 512 120 9
352 143 120 4
205 455 120 6
16 165 120 15
139 372 120 10
292 498 120 7
28 469 120 5
484 372 120 12
381 98 120 3
517 351 120 20
46 243 120 14
120 109 120 18
444 313 120 10
433 329 120 11
407 529 120 14
295 335 120 19
267 362 120 11
265 360 120 20
400 193 120 3
41 163 120 5
11 270 120 1
492 390 120 20
21 348 120 12
67 233 120 13
340 92 120 15
374 448 120 19
421 167 120 15
389 431 120 6
243 283 120 5
195 385 120 8
74 395 120 19
195 401 120 1
486 422 120 14
543 3 120 19
442 342 120 6
385 231 120 4
114 104 120 11
267 7 120 3
232 249 120 7
451 506 120 3
348 94 120 16
514 289 120 1
37 289 120 6
454 284 120 20
71 241 120 15
326 140 120 3
481 253 120 7
317 34 120 5
36 265 120 20
99 169 120 3
547 31 120 2
420 544 120 16
84 95 120 4
293 1 120 11
504 133 120 8
25 458 120 10
385 453 120 19
301 222 120 11
285 257 120 1
518 417 120 3
223 479 120 16
22 351 120 18
109 496 120 5
547 241 120 6
174 197 120 11
165 284 120 5
233 121 120 3
130 484 120 7
61 221 120 7
257 253 120 2
135 476 120 5
106 497 120 12
72 121 120 15
133 120 120 11
255 355 120 7
510 519 120 18
189 204 120 10
321 395 120 8
126 518 120 16
250 289 120 15
243 485 120 10
167 43 120 2
503 115 120 7
240 247 120 20
217 16 120 3
452 525 120 15
486 229 120 13
93 2 120 8
245 127 120 13
194 438 120 9
334 133 120 18
464 361 120 9
59 378 120 6
382 70 120 6
278 286 120 6
527 253 120 18
201 191 120 5
139 345 120 14
534 104 120 7
352 297 120 16
396 146 120 20
440 62 120 5
526 182 120 20
241 17 120 13
202 356 120 4
178 335 120 1
132 535 120 9
376 127 120 13
74 175 120 16
508 527 120 18
285 437 120 20
194 329 120 3
526 369 120 10
204 124 120 6
498 325 120 3
45 503 120 15
392 149 120 10
443 40 120 7
292 175 120 5
305 135 120 9
130 481 120 19
38 128 120 3
70 168 120 19
345 433 120 6
151 383 120 7
374 428 120 2
322 334 120 16
320 229 120 10
506 35 120 13
320 340 120 14
112 469 120 10
403 22 120 11
476 153 120 1
432 497 120 1
511 162 120 5
368 535 120 18
304 371 120 20
389 144 120 12
512 164 120 17
325 545 120 4
273 110 120 10
216 27 120 13
348 502 120 8
162 386 120 4
409 350 120 6
492 232 120 4
31 536 120 8
389 377 120 12
490 341 120 18
78 181 120 5
68 453 120 15
526 183 120 6
520 45 120 19
57 206 120 6
214 68 120 3
532 74 120 4
352 104 120 15
542 492 120 19
391 496 120 10
403 27 120 19
412 94 120 12
46 134 120 10
315 106 120 3
476 224 120 3
538 437 120 15
402 421 120 11
498 287 120 1
96 281 120 15
133 124 120 6
510 41 120 13
35 453 120 20
74 13 120 16
295 327 120 5
75 317 120 18
545 308 120 14
113 162 120 2
238 174 120 5
529 332 120 2
218 464 120 6
464 488 120 12
251 522 120 18
131 48 120 6
206 404 120 5
324 478 120 2
180 537 120 13
534 102 120 12
214 402 120 12
242 383 120 18
3 115 120 9
497 93 120 18
547 343 120 19
501 535 120 19
530 193 120 7
337 31 120 13
461 272 120 15
407 258 120 5
515 533 120 16
311 227 120 20
376 292 120 1
419 303 120 6
402 302 120 1
421 256 120 11
2 238 120 5
533 89 120 17
509 65 120 18
474 471 120 15
56 500 120 15
524 263 120 12
405 153 120 17
338 86 120 19
425 487 120 4
370 422 120 15
241 423 120 17
366 470 120 15
521 493 120 13
401 420 120 19
539 537 120 2
177 514 120 19
41 433 120 1
259 223 120 14
232 162 120 9
21 532 120 2
128 225 120 17
533 105 120 18
418 78 120 19
491 541 120 5
488 47 120 20
437 223 120 12
163 325 120 20
104 98 120 16
193 391 120 6
221 474 120 1
123 54 120 4
25 39 120 11
397 519 120 6
229 462 120 3
542 402 120 12
235 353 120 11
19 31 120 12
234 196 120 10
125 388 120 9
177 61 120 19
275 246 120 7
112 332 120 13
53 243 120 20
133 471 120 4
207 465 120 2
326 215 120 17
245 233 120 18
488 466 120 5
343 105 120 5
42 343 120 12
214 70 120 9
501 243 120 16
280 295 120 1
91 428 120 20
364 87 120 11
7 474 120 3
2 233 120 11
89 173 120 15
371 516 120 9
494 72 120 12
193 286 120 14
198 239 120 20
535 518 120 10
21 62 120 19
39 487 120 13
521 493 120 4
186 9 120 1
144 159 120 9
83 530 120 16
65 538 120 10
451 183 120 10
421 443 120 6
25 430 120 17
48 512 120 16
435 3 120 6
486 524 120 19
525 224 120 13
187 367 120 15
146 450 120 19
73 29 120 5
134 541 120 7
479 414 120 3
516 501 120 4
101 1 120 13
293 497 120 11
487 435 120 19
142 474 120 12
414 176 120 20
297 321 120 10
225 456 120 2
143 42 120 7
305 520 120 3
363 4 120 16
365 104 120 20
269 458 120 1
238 460 120 17
245 116 120 9
537 529 120 11
102 340 120 3
177 17 120 7
343 159 120 5
16 464 120 10
103 341 120 16
143 158 120 3
307 488 120 7
421 179 120 12
422 485 120 1
411 475 120 18
29 91 120 5
514 267 120 14
422 124 120 19
371 140 120 8
292 304 120 3
279 509 120 19
368 268 120 13
430 141 120 10
466 77 120 16
70 488 120 11
202 31 120 14
189 59 120 7
192 480 120 10
353 303 120 19
8 109 120 12
487 387 120 19
92 270 120 11
184 214 120 2
516 133 120 18
300 264 120 1
12 466 120 1
422 169 120 12
5 360 120 12
321 227 120 5
290 234 120 1
16 236 120 6
250 389 120 8
267 87 120 9
362 117 120 3
48 416 120 10
284 489 120 20
487 364 120 17
264 430 120 18
34 203 120 10
107 8 120 3
288 23 120 9
370 335 120 2
175 54 120 10
193 477 120 6
467 524 120 18
395 322 120 15
366 262 120 20
504 40 120 15
455 73 120 12
147 179 120 19
72 528 120 3
295 351 120 1
420 40 120 8
85 294 120 13
412 213 120 17
61 122 120 2
261 2 120 19
338 506 120 12
298 475 120 20
523 74 120 13
207 207 120 9
523 16 120 3
141 498 120 18
359 35 120 18
21 446 120 17
269 507 120 9
291 282 120 20
89 134 120 12
473 432 120 10
444 469 120 7
109 190 120 6
302 166 120 14
359 368 120 18
456 242 120 19
298 324 120 11
415 45 120 2
106 397 120 11
345 485 120 5
58 410 120 11
306 369 120 20
81 477 120 3
124 231 120 1
244 43 120 14
315 498 120 14
419 248 120 1
422 115 120 14
446 282 120 8
266 142 120 7
158 199 120 8
542 19 120 9
363 99 120 14
311 284 120 5
1 43 120 11
58 419 120 2
357 352 120 7
494 289 120 4
190 187 120 19
283 515 120 5
376 187 120 13
393 243 120 13
169 58 120 2
483 430 120 7
481 430 120 12
36 3 120 15
88 359 120 6
388 367 120 16
379 71 120 18
42 354 120 13
456 244 120 14
520 89 120 3
118 319 120 1
424 316 120 12
466 312 120 14
65 347 120 15
144 435 120 9
27 337 120 8
137 168 120 5
10 271 120 20
397 179 120 19
423 214 120 13
144 331 120 10
532 207 120 4
256 187 120 10
471 313 120 10
141 456 120 6
231 483 120 16
140 134 120 3
181 205 120 6
29 54 120 12
181 538 120 3
484 196 120 3
10 181 120 4
399 498 120 18
67 421 120 10
144 14 120 8
107 244 120 20
531 445 120 10
27 78 120 11
341 106 120 19
411 349 120 11
84 285 120 1
88 294 120 6
361 208 120 1
273 336 120 11
12 479 120 10
145 101 120 6
337 84 120 2
115 110 120 19
97 513 120 7
132 376 120 2
219 459 120 12
17 62 120 11
479 484 120 9
407 209 120 11
269 220 120 4
145 427 120 16
263 278 120 15
341 393 120 11
11 489 120 2
333 136 120 7
457 416 120 13
317 432 120 1
48 426 120 15
471 347 120 4
260 68 120 17
465 212 120 14
285 537 120 14
250 392 120 17
324 402 120 5
426 187 120 17
417 96 120 3
382 475 120 6
408 522 120 13
370 508 120 4
117 220 120 2
84 199 120 7
538 545 120 14
238 247 120 16
268 85 120 3
364 510 120 10
47 380 120 1
208 214 120 9
254 137 120 4
301 506 120 5
86 138 120 3
547 221 120 1
125 273 120 10
240 511 120 20
260 293 120 5
135 109 120 8
258 156 120 2
538 425 120 15
261 193 120 16
505 494 120 11
224 32 120 14
224 93 120 18
484 217 120 12
194 456 120 6
212 231 120 20
252 365 120 9
379 137 120 19
338 127 120 4
511 449 120 12
334 406 120 13
178 144 120 14
159 367 120 16
422 365 120 6
411 11 120 8
424 222 120 19
183 536 120 13
51 367 120 19
135 158 120 2
159 183 120 9
376 516 120 17
53 209 120 16
309 367 120 2
171 304 120 13
250 167 120 20
238 43 120 4
517 226 120 19
67 338 120 16
361 534 120 3
297 146 120 11
135 36 120 3
378 88 120 2
279 458 120 13
547 144 120 12
86 393 120 3
244 145 120 19
138 115 120 16
506 243 120 10
270 118 120 12
191 477 120 16
294 64 120 14
427 503 120 18
284 296 120 3
507 296 120 7
486 443 120 7
146 139 120 20
457 276 120 7
509 296 120 1
288 80 120 20
116 270 120 2
151 16 120 3
221 505 120 19
503 241 120 10
86 200 120 16
421 200 120 18
116 407 120 19
441 316 120 2
457 277 120 19
168 80 120 3
59 257 120 2
425 470 120 12
370 205 120 17
331 160 120 10
41 307 120 15
108 242 120 11
8 358 120 4
170 313 120 1
123 223 120 8
433 390 120 16
275 510 120 12
387 388 120 10
30 272 120 11
176 117 120 6
78 158 120 19
240 265 120 6
55 335 120 4
275 19 120 4
326 141 120 5
169 26 120 3
152 301 120 4
392 202 120 15
131 231 120 14
13 469 120 8
116 61 120 17
525 300 120 20
144 354 120 3
58 82 120 20
347 469 120 7
372 90 120 20
178 304 120 20
71 210 120 8
288 341 120 9
292 353 120 18
474 468 120 5
204 507 120 16
322 104 120 7
228 223 120 8
152 84 120 19
278 456 120 1
430 148 120 8
459 218 120 3
143 21 120 16
57 374 120 9
501 300 120 7
520 18 120 1
229 339 120 3
416 81 120 12
137 232 120 1
327 510 120 17
183 454 120 10
280 366 120 9
101 23 120 15
263 79 120 14
229 94 120 5
178 66 120 12
148 356 120 18
283 225 120 7
93 423 120 16
49 264 120 17
522 446 120 9
49 178 120 18
340 341 120 8
166 56 120 7
365 284 120 12
316 523 120 15
284 185 120 7
105 467 120 3
7 75 120 10
203 185 120 17
422 160 120 6
1 208 120 14
7 62 120 5
520 227 120 18
141 44 120 18
402 359 120 6
243 157 120 20
502 323 120 12
437 392 120 19
310 47 120 1
447 530 120 1
482 531 120 5
209 537 120 9
277 25 120 11
399 165 120 12
258 82 120 20
155 386 120 6
298 340 120 15
360 292 120 18
497 116 120 18
333 77 120 4
390 11 120 3
107 220 120 16
494 496 120 19
75 409 120 2
184 182 120 3
228 398 120 12
490 148 120 5
527 507 120 15
409 518 120 11
398 365 120 15
370 207 120 2
387 375 120 15
394 383 120 14
424 457 120 17
196 155 120 8
49 444 120 5
288 386 120 19
381 366 120 9
280 227 120 19
356 139 120 7
509 24 120 7
126 410 120 9
23 256 120 7
478 195 120 1
247 390 120 12
259 439 120 1
121 179 120 15
130 74 120 11
98 415 120 15
99 285 120 4
465 247 120 14
490 434 120 7
404 518 120 9
154 448 120 20
361 209 120 9
175 467 120 1
494 102 120 20
105 231 120 10
81 329 120 5
345 489 120 15
263 406 120 19
141 410 120 6
491 329 120 15
65 482 120 10
379 357 120 9
51 46 120 17
99 540 120 12
449 97 120 10
387 240 120 13
192 37 120 19
344 361 120 17
194 17 120 15
540 22 120 20
247 86 120 2
525 527 120 3
465 30 120 20
387 191 120 19
410 92 120 14
178 541 120 14
275 185 120 5
375 528 120 12
395 237 120 19
278 229 120 4
4 537 120 9
274 514 120 20
415 494 120 17
539 333 120 13
233 257 120 19
85 434 120 3
114 161 120 1
303 535 120 9
244 445 120 4
263 175 120 4
304 241 120 7
430 514 120 18
50 443 120 10
184 434 120 19
24 181 120 4
502 265 120 19
488 440 120 11
111 196 120 16
386 501 120 1
288 279 120 16
480 35 120 9
114 526 120 9
324 90 120 10
479 335 120 4
420 358 120 8
131 374 120 1
276 314 120 2
97 487 120 1
514 325 120 9
281 128 120 3
284 122 120 11
528 236 120 9
252 74 120 20
419 5 120 20
49 486 120 15
344 132 120 9
481 407 120 10
449 18 120 17
188 46 120 18
428 388 120 17
399 125 120 1
466 167 120 15
26 480 120 9
222 413 120 20
206 461 120 4
62 320 120 11
229 253 120 11
287 216 120 16
284 404 120 15
121 346 120 6
146 198 120 7
293 178 120 7
190 266 120 2
160 2 120 7
197 207 120 19
172 268 120 11
278 12 120 3
305 298 120 7
412 97 120 17
80 217 120 9
73 424 120 16
314 170 120 8
174 359 120 6
28 34 120 9
295 230 120 7
476 463 120 20
490 255 120 15
148 12 120 9
84 486 120 15
484 18 120 6
136 152 120 11
532 465 120 13
136 153 120 14
4 180 120 19
421 475 120 3
13 465 120 5
481 407 120 11
413 70 120 4
95 153 120 18
545 151 120 12
116 287 120 19
111 333 120 9
337 468 120 8
437 534 120 5
22 407 120 11
446 419 120 12
299 352 120 3
345 279 120 13
464 436 120 13
36 433 120 19
172 1 120 4
521 112 120 11
302 510 120 10
235 399 120 16
409 483 120 17
26 443 120 2
106 194 120 12
46 538 120 19
117 454 120 5
340 4 120 4
229 175 120 14
403 210 120 20
425 511 120 18
368 260 120 15
296 184 120 8
146 209 120 20
415 314 120 7
65 360 120 13
478 476 120 7
295 331 120 20
543 74 120 13
245 476 120 6
120 416 120 9
505 236 120 11
194 531 120 15
489 130 120 4
70 59 120 13
453 123 120 1
280 115 120 16
76 471 120 9
484 529 120 19
519 226 120 1
217 408 120 6
3 365 120 3
48 73 120 20
338 14 120 12
227 83 120 1
6 50 120 2
83 330 120 13
212 467 120 12
186 465 120 1
171 436 120 5
208 168 120 4
52 232 120 7
192 279 120 12
316 69 120 2
146 357 120 20
34 362 120 13
106 506 120 4
293 232 120 20
527 479 120 20
195 102 120 8
88 372 120 10
451 423 120 14
83 129 120 10
335 445 120 16
52 43 120 15
461 139 120 20
434 244 120 2
251 51 120 18
534 30 120 18
249 224 120 2
461 374 120 1
294 277 120 17
357 421 120 8
214 208 120 14
138 260 120 6
543 235 120 15
215 183 120 14
516 433 120 9
502 481 120 1
420 244 120 12
439 157 120 17
344 450 120 20
186 260 120 19
156 473 120 7
86 125 120 16
120 182 120 6
292 396 120 9
160 365 120 12
79 319 120 2
28 253 120 14
324 144 120 11
446 2 120 8
359 249 120 5
145 467 120 4
201 67 120 20
516 186 120 13
33 477 120 20
341 151 120 4
534 230 120 14
175 319 120 18
59 95 120 11
162 55 120 11
167 413 120 8
493 72 120 8
321 335 120 9
211 365 120 8
345 398 120 19
390 253 120 7
313 240 120 5
8 476 120 1
18 535 120 18
171 211 120 16
449 377 120 10
429 384 120 19
390 157 120 4
355 429 120 16
82 289 120 1
285 131 120 3
154 443 120 16
251 513 120 9
120 530 120 20
144 215 120 15
223 116 120 1
228 60 120 2
367 449 120 9
293 319 120 18
37 400 120 8
239 200 120 11
147 353 120 14
356 56 120 19
494 237 120 7
133 443 120 16
530 118 120 1
270 407 120 16
394 227 120 12
188 34 120 6
411 132 120 9
375 433 120 6
469 94 120 8
36 512 120 7
114 520 120 5
175 105 120 2
511 149 120 14
416 419 120 18
442 327 120 17
432 514 120 14
130 378 120 11
352 205 120 6
164 189 120 17
452 224 120 2
249 337 120 10
344 26 120 12
272 537 120 16
441 467 120 1
469 424 120 9
177 308 120 20
42 499 120 4
38 304 120 4
467 467 120 5
442 434 120 9
381 135 120 6
354 478 120 4
431 264 120 1
234 157 120 5
455 78 120 8
455 316 120 17
484 419 120 2
342 457 120 2
467 376 120 10
295 270 120 6
346 165 120 16
249 518 120 8
239 463 120 11
218 150 120 2
178 119 120 19
15 89 120 9
158 25 120 7
315 428 120 14
290 410 120 16
185 157 120 9
512 18 120 18
427 266 120 8
395 504 120 6
18 174 120 16
405 351 120 18
447 427 120 11
258 100 120 7
487 476 120 9
78 219 120 1
106 403 120 11
341 367 120 14
255 308 120 8
201 156 120 16
62 235 120 18
135 154 120 10
388 54 120 1
120 311 120 18
485 312 120 14
307 389 120 11
539 494 120 10
380 349 120 13
300 118 120 10
547 380 120 18
203 503 120 7
94 152 120 11
459 539 120 19
95 173 120 16
439 172 120 4
103 479 120 20
46 470 120 15
392 364 120 17
72 116 120 3
121 177 120 12
326 379 120 17
279 534 120 7
324 445 120 9
546 55 120 3
469 493 120 5
280 110 120 5
417 156 120 7
77 62 120 9
147 133 120 8
396 253 120 11
477 93 120 5
29 372 120 15
217 148 120 15
520 209 120 12
387 192 120 7
426 472 120 3
457 341 120 1
411 480 120 3
180 141 120 13
127 52 120 20
311 528 120 3
327 9 120 19
328 287 120 10
351 260 120 15
428 161 120 1
451 39 120 10
36 11 120 13
385 421 120 17
248 115 120 10
243 303 120 13
67 67 120 17
469 393 120 4
148 235 120 18
99 39 120 17
195 466 120 7
545 369 120 11
210 466 120 15
340 303 120 17
401 65 120 6
118 369 120 16
495 436 120 11
306 357 120 15
125 20 120 15
354 180 120 16
234 436 120 17
336 434 120 10
538 158 120 3
204 497 120 2
351 413 120 7
66 45 120 4
84 540 120 3
229 298 120 14
158 484 120 8
383 290 120 14
99 38 120 19
280 435 120 14
407 488 120 16
391 144 120 3
254 9 120 10
119 75 120 14
415 220 120 12
114 448 120 20
170 58 120 1
368 502 120 17
137 53 120 11
403 395 120 7
70 254 120 2
379 159 120 3
215 412 120 10
463 46 120 9
209 522 120 3
70 151 120 15
229 382 120 10
323 202 120 4
222 400 120 2
221 317 120 2
107 386 120 13
480 280 120 16
511 494 120 18
3 410 120 4
179 133 120 9
511 202 120 16
259 430 120 10
127 268 120 11
496 489 120 19
370 224 120 18
216 392 120 11
315 324 120 3
87 349 120 8
333 414 120 14
139 45 120 19
467 70 120 10
459 329 120 20
286 455 120 12
376 403 120 18
256 287 120 2
515 17 120 20
66 331 120 15
442 480 120 19
280 327 120 3
527 466 120 19
359 447 120 18
393 420 120 5
371 158 120 14
69 533 120 8
317 304 120 20
304 333 120 13
136 460 120 9
291 417 120 5
371 149 120 2
256 129 120 14
246 487 120 18
306 394 120 13
209 279 120 2
81 347 120 13
417 179 120 6
493 544 120 14
38 132 120 2
37 484 120 6
454 308 120 5
165 78 120 19
341 323 120 10
416 144 120 17
425 414 120 1
45 10 120 15
260 426 120 15
292 433 120 14
110 532 120 13
388 22 120 4
49 537 120 11
406 154 120 4
344 9 120 14
346 424 120 17
132 363 120 9
258 408 120 16
246 120 120 5
474 411 120 14
152 521 120 9
23 423 120 9
439 471 120 7
69 392 120 8
384 250 120 13
475 48 120 11
286 241 120 14
26 499 120 4
321 259 120 5
10 186 120 3
194 337 120 18
362 359 120 8
4 312 120 6
244 380 120 17
152 217 120 11
6 206 120 8
407 7 120 14
76 32 120 12
91 352 120 16
348 424 120 13
469 70 120 16
78 431 120 9
109 434 120 16
188 192 120 18
110 343 120 20
220 348 120 15
502 269 120 2
415 344 120 2
341 496 120 6
525 297 120 15
410 280 120 18
83 358 120 7
115 528 120 2
520 168 120 9
210 278 120 7
179 12 120 20
415 513 120 18
110 442 120 19
383 297 120 13
522 337 120 10
538 199 120 20
75 281 120 3
43 457 120 14
20 491 120 4
127 154 120 16
90 394 120 16
401 323 120 1
494 432 120 14
384 329 120 16
285 303 120 13
481 293 120 10
472 430 120 2
273 534 120 19
55 6 120 18
66 194 120 18
416 284 120 18
292 199 120 12
196 145 120 13
542 44 120 6
90 328 120 13
36 323 120 11
242 248 120 7
181 520 120 11
30 89 120 13
432 216 120 20
439 146 120 12
355 438 120 20
107 86 120 14
291 80 120 11
255 231 120 12
522 328 120 2
112 22 120 17
130 203 120 3
135 294 120 12
207 178 120 17
534 132 120 15
536 1 120 3
250 107 120 5
109 397 120 1
73 167 120 8
426 203 120 12
70 314 120 20
507 444 120 16
370 93 120 6
384 361 120 1
128 347 120 1
502 397 120 20
282 100 120 13
147 270 120 14
153 405 120 7
452 345 120 16
532 414 120 5
148 374 120 19
513 258 120 9
77 156 120 11
428 345 120 20
363 300 120 13
360 34 120 20
464 242 120 14
479 394 120 14
175 361 120 15
73 407 120 9
285 69 120 14
455 34 120 4
232 172 120 9
369 115 120 7
368 539 120 11
216 352 120 8
225 330 120 10
503 323 120 9
92 497 120 5
87 22 120 9
10 369 120 20
369 276 120 5
438 23 120 18
177 453 120 2
323 335 120 9
221 3 120 15
152 227 120 8
386 245 120 17
529 398 120 20
484 546 120 17
423 8 120 19
367 376 120 16
407 328 120 9
133 20 120 16
520 342 120 11
351 78 120 4
49 229 120 8
75 130 120 18
424 173 120 15
236 171 120 17
132 46 120 5
396 413 120 11
451 334 120 20
527 466 120 11
24 438 120 2
403 241 120 4
299 289 120 16
483 426 120 18
365 302 120 19
158 52 120 15
435 184 120 8
296 32 120 12
532 482 120 8
2 524 120 9
100 547 120 12
55 464 120 13
86 215 120 20
346 213 120 19
312 30 120 19
388 187 120 19
150 136 120 20
504 431 120 20
238 416 120 5
305 479 120 5
352 94 120 19
289 210 120 4
43 295 120 9
86 156 120 20
7 467 120 7
291 308 120 12
142 519 120 9
237 475 120 16
364 227 120 9
3 46 120 7
102 459 120 11
325 200 120 3
465 242 120 10
334 390 120 16
353 396 120 10
525 202 120 1
274 405 120 4
283 94 120 18
176 458 120 6
483 460 120 3
299 76 120 1
208 463 120 11
388 380 120 5
316 166 120 3
398 33 120 3
462 10 120 6
286 345 120 19
143 81 120 13
474 318 120 20
546 253 120 4
178 67 120 2
206 336 120 11
495 177 120 19
56 7 120 14
490 466 120 15
288 381 120 12
287 181 120 4
205 324 120 4
155 312 120 7
138 311 120 14
34 3 120 10
67 209 120 9
77 218 120 2
466 273 120 18
50 278 120 17
151 18 120 15
323 367 120 12
354 24 120 16
528 178 120 12
471 378 120 16
120 411 120 10
444 539 120 15
10 130 120 5
422 48 120 19
232 97 120 5
84 309 120 17
316 146 120 7
181 14 120 5
432 541 120 17
509 465 120 1
349 99 120 13
191 543 120 14
304 67 120 14
149 488 120 3
204 234 120 14
52 379 120 1
526 147 120 19
210 328 120 11
526 274 120 10
473 235 120 17
312 98 120 5
76 350 120 4
378 106 120 14
324 254 120 17
317 520 120 1
468 86 120 4
442 64 120 18
76 335 120 8
271 313 120 17
521 301 120 20
203 127 120 20
530 203 120 11
368 95 120 2
333 419 120 15
301 188 120 7
18 171 120 3
113 65 120 3
416 203 120 1
500 473 120 5
371 446 120 20
477 101 120 10
194 83 120 18
261 512 120 5
496 360 120 17
499 113 120 8
474 192 120 10
49 366 120 3
296 235 120 18
268 249 120 5
129 72 120 5
229 63 120 18
517 319 120 17
460 94 120 4
12 104 120 6
530 55 120 19
203 43 120 2
46 153 120 20
15 448 120 9
187 230 120 17
283 359 120 4
340 102 120 19
11 133 120 16
312 45 120 1
93 118 120 13
232 162 120 12
546 364 120 6
505 409 120 19
344 486 120 7
479 125 120 16
377 469 120 16
346 323 120 6
440 334 120 15
305 160 120 12
326 314 120 2
450 546 120 4
143 544 120 7
488 501 120 10
377 359 120 5
290 352 120 1
432 181 120 11
386 42 120 14
502 481 120 5
204 239 120 16
11 17 120 17
545 528 120 19
147 123 120 8
50 64 120 8
485 502 120 20
312 306 120 18
262 190 120 4
196 90 120 8
453 45 120 20
10 310 120 8
274 382 120 20
367 442 120 12
457 41 120 16
59 152 120 16
162 89 120 11
138 400 120 11
527 177 120 3
65 372 120 12
129 339 120 14
189 349 120 12
486 137 120 1
253 503 120 11
61 475 120 17
54 533 120 17
110 209 120 13
182 408 120 8
497 388 120 4
32 514 120 15
141 96 120 1
356 284 120 20
333 284 120 19
268 536 120 5
36 112 120 6
452 165 120 13
411 275 120 20
35 456 120 12
58 468 120 13
320 499 120 18
406 154 120 15
283 509 120 7
24 356 120 10
448 76 120 14
342 173 120 4
164 78 120 15
518 3 120 9
48 37 120 12
533 94 120 15
373 413 120 20
180 271 120 18
143 69 120 14
452 154 120 7
435 116 120 10
530 457 120 16
190 135 120 19
76 167 120 19
298 215 120 8
490 262 120 6
118 88 120 3
305 329 120 19
37 533 120 13
400 437 120 17
510 386 120 1
210 369 120 9
82 73 120 20
32 210 120 16
45 22 120 10
95 511 120 1
238 143 120 12
308 448 120 1
164 546 120 2
150 398 120 7
351 360 120 11
120 84 120 13
408 166 120 4
345 259 120 2
386 303 120 3
219 459 120 3
251 211 120 15
494 34 120 4
518 259 120 15
42 409 120 6
3 274 120 10
350 394 120 10
32 316 120 12
396 113 120 3
421 13 120 5
530 293 120 7
55 543 120 4
269 4 120 12
508 36 120 13
197 78 120 14
284 80 120 19
308 491 120 5
415 38 120 20
140 495 120 7
123 368 120 2
470 412 120 13
244 466 120 14
229 250 120 6
246 210 120 19
522 406 120 5
174 205 120 2
100 512 120 10
480 379 120 12
144 33 120 4
528 217 120 7
440 139 120 5
36 445 120 10
298 126 120 6
16 371 120 20
317 408 120 15
210 34 120 11
183 133 120 6
99 128 120 1
114 271 120 7
76 251 120 18
467 144 120 18
176 241 120 6
351 53 120 13
289 68 120 7
437 447 120 7
505 109 120 18
230 291 120 12
528 451 120 20
234 79 120 6
457 154 120 16
411 74 120 12
503 311 120 2
8 114 120 7
246 403 120 5
370 292 120 1
292 311 120 3
310 540 120 10
522 35 120 5
252 330 120 9
314 239 120 7
141 164 120 15
174 181 120 5
508 188 120 9
286 496 120 10
255 318 120 15
61 125 120 10
99 434 120 17
428 408 120 9
114 174 120 10
425 2 120 6
404 204 120 14
519 377 120 4
397 400 120 20
450 138 120 8
359 454 120 2
73 514 120 3
98 127 120 17
176 8 120 15
351 121 120 12
307 60 120 9
17 525 120 13
436 496 120 9
489 407 120 17
183 310 120 16
495 183 120 10
516 255 120 11
238 414 120 1
393 105 120 2
470 455 120 10
173 276 120 1
486 292 120 14
456 181 120 14
255 122 120 7
515 366 120 8
427 314 120 11
245 344 120 10
29 35 120 4
1 427 120 12
528 350 120 19
142 37 120 2
363 523 120 4
499 431 120 13
160 200 120 12
228 229 120 14
120 108 120 13
194 414 120 6
523 504 120 4
233 504 120 11
47 546 120 16
377 203 120 18
497 18 120 10
300 516 120 12
407 190 120 8
151 480 120 2
260 52 120 13
197 246 120 10
477 283 120 15
307 30 120 1
78 138 120 20
198 29 120 3
416 525 120 2
63 340 120 2
201 199 120 9
539 411 120 16
10 123 120 2
260 319 120 2
375 249 120 5
447 70 120 14
537 147 120 12
78 406 120 9
431 274 120 19
253 336 120 12
106 537 120 4
210 43 120 8
184 114 120 15
271 373 120 11
57 201 120 12
186 162 120 2
407 151 120 19
155 290 120 2
541 235 120 20
357 488 120 12
27 108 120 20
442 317 120 12
174 500 120 1
91 285 120 13
264 341 120 16
262 42 120 17
329 448 120 8
57 117 120 12
190 172 120 1
49 43 120 19
306 69 120 8
129 511 120 20
479 199 120 18
458 289 120 15
262 67 120 6
390 328 120 2
70 171 120 1
509 227 120 14
143 478 120 11
12 527 120 12
492 347 120 6
470 476 120 19
279 469 120 18
102 379 120 7
272 155 120 10
235 544 120 8
301 128 120 20
329 89 120 10
473 294 120 17
304 367 120 14
178 312 120 20
182 234 120 17
149 28 120 4
376 191 120 7
407 462 120 16
505 211 120 8
445 511 120 17
70 292 120 16
469 280 120 3
314 36 120 2
199 213 120 8
431 394 120 12
44 57 120 12
188 495 120 13
225 354 120 15
416 373 120 1
119 332 120 2
12 402 120 12
540 385 120 6
329 213 120 2
484 412 120 14
404 295 120 9
134 339 120 3
438 41 120 19
385 265 120 11
371 195 120 7
21 376 120 8
243 387 120 4
271 379 120 12
32 222 120 14
437 158 120 2
507 76 120 7
1 209 120 18
99 99 120 10
143 546 120 9
56 431 120 11
404 513 120 14
536 208 120 15
522 541 120 1
345 87 120 6
443 523 120 7
343 544 120 9
53 545 120 9
162 158 120 8
374 300 120 13
302 418 120 18
425 336 120 13
438 324 120 1
228 298 120 15
520 157 120 4
486 53 120 5
125 457 120 8
448 24 120 8
432 248 120 20
30 74 120 2
235 375 120 9
324 315 120 15
378 205 120 19
216 495 120 16
48 529 120 18
512 468 120 17
467 107 120 14
418 7 120 13
428 438 120 18
48 530 120 11
29 217 120 12
428 540 120 20
67 432 120 20
92 101 120 9
413 148 120 15
406 174 120 16
28 93 120 10
45 510 120 13
209 452 120 18
11 499 120 11
433 528 120 16
259 470 120 4
338 536 120 13
136 142 120 17
428 8 120 14
216 475 120 16
472 503 120 10
410 62 120 1
293 270 120 18
190 342 120 2
69 289 120 13
102 547 120 20
190 337 120 9
225 534 120 20
359 414 120 19
94 145 120 11
64 131 120 17
126 540 120 10
213 347 120 2
205 536 120 10
210 57 120 16
195 221 120 12
164 472 120 8
121 149 120 5
282 508 120 1
450 116 120 12
61 241 120 5
235 366 120 2
471 94 120 2
490 360 120 16
366 22 120 16
467 278 120 7
83 441 120 16
36 76 120 10
522 420 120 3
389 322 120 16
463 382 120 8
119 70 120 9
315 55 120 10
373 59 120 9
419 424 120 11
521 344 120 16
359 426 120 7
121 523 120 12
31 12 120 11
511 401 120 14
73 378 120 18
423 496 120 17
44 326 120 8
367 151 120 17
17 22 120 8
235 542 120 2
245 415 120 10
210 535 120 18
312 81 120 4
287 106 120 7
36 240 120 19
228 115 120 8
490 158 120 4
320 39 120 20
209 55 120 15
37 351 120 13
207 110 120 11
318 319 120 18
405 146 120 2
18 432 120 6
31 529 120 5
483 209 120 20
336 213 120 9
515 48 120 3
358 318 120 16
223 354 120 16
144 14 120 4
541 393 120 12
379 312 120 2
359 329 120 13
506 359 120 2
346 356 120 18
362 145 120 7
50 174 120 11
324 531 120 2
106 268 120 13
362 411 120 12
180 405 120 8
317 298 120 12
176 110 120 5
404 130 120 7
128 537 120 14
123 413 120 7
330 463 120 17
37 239 120 8
123 406 120 1
16 220 120 2
531 400 120 20
407 231 120 12
532 407 120 12
500 325 120 5
280 515 120 2
478 90 120 8
272 419 120 10
240 517 120 2
253 92 120 9
48 170 120 16
254 215 120 12
379 74 120 8
317 58 120 12
363 73 120 12
54 352 120 10
344 344 120 11
499 69 120 17
507 370 120 18
330 75 120 16
497 184 120 2
399 438 120 19
152 331 120 16
260 100 120 14
227 525 120 19
519 93 120 9
292 436 120 16
217 387 120 20
74 408 120 5
448 191 120 10
428 202 120 16
92 53 120 3
455 267 120 14
407 526 120 18
417 206 120 1
498 177 120 3
508 530 120 11
253 261 120 10
127 335 120 3
433 297 120 10
265 177 120 19
343 330 120 11
311 237 120 4
63 97 120 17
523 28 120 14
413 40 120 18
457 1 120 19
452 315 120 6
287 503 120 9
106 388 120 17
115 168 120 5
387 510 120 14
165 274 120 15
209 398 120 10
