300 30
69 116 120 15
161 103 120 15
49 124 120 16
29 140 120 5
89 166 120 4
163 71 120 3
72 112 120 1
122 85 120 7
140 168 120 2
29 127 120 8
122 22 120 4
46 9 120 11
154 9 120 11
63 37 120 18
85 77 120 5
7 67 120 19
40 90 120 14
110 163 120 10
56 129 120 7
148 158 120 3
107 106 120 17
134 152 120 15
89 84 120 1
168 146 120 7
165 10 120 15
106 16 120 13
118 55 120 19
68 116 120 6
55 123 120 13
35 98 120 8
142 31 120 17
50 116 120 9
91 32 120 15
140 151 120 10
53 94 120 7
43 151 120 13
50 96 120 18
99 115 120 2
137 169 120 8
130 31 120 12
108 172 120 5
95 173 120 12
60 90 120 14
108 57 120 2
128 61 120 5
110 103 120 7
106 105 120 19
61 30 120 6
130 166 120 8
149 122 120 1
92 8 120 11
18 102 120 1
11 161 120 11
160 95 120 20
113 2 120 14
63 111 120 9
38 168 120 8
61 55 120 10
25 12 120 4
157 160 120 18
147 31 120 17
39 173 120 11
151 10 120 6
84 169 120 14
73 60 120 6
123 122 120 20
54 111 120 13
89 171 120 17
28 22 120 11
36 131 120 18
40 104 120 12
129 94 120 18
147 23 120 19
152 107 120 8
30 6 120 18
83 80 120 13
24 133 120 19
133 48 120 8
76 27 120 7
29 62 120 13
142 54 120 18
64 9 120 12
158 107 120 20
40 85 120 7
42 67 120 4
103 101 120 10
64 124 120 7
88 36 120 8
109 111 120 12
151 91 120 16
103 12 120 4
109 75 120 16
36 12 120 4
158 51 120 3
40 45 120 16
52 147 120 12
144 163 120 19
23 77 120 8
74 12 120 20
151 114 120 13
69 168 120 17
40 104 120 15
20 139 120 3
58 123 120 3
132 114 120 15
100 165 120 12
167 88 120 1
137 62 120 9
94 135 120 3
113 64 120 5
98 133 120 17
45 172 120 7
67 143 120 11
52 152 120 4
40 111 120 16
71 37 120 2
28 30 120 12
147 119 120 20
121 164 120 17
58 104 120 7
109 28 120 12
106 72 120 11
33 91 120 9
98 94 120 11
112 133 120 1
18 156 120 18
40 10 120 2
150 109 120 10
99 8 120 13
135 66 120 11
61 126 120 8
119 10 120 1
127 42 120 15
57 139 120 12
14 77 120 20
32 46 120 20
87 37 120 7
75 138 120 10
56 64 120 9
152 25 120 17
6 85 120 7
11 155 120 19
88 108 120 19
159 117 120 9
26 130 120 8
102 113 120 19
35 151 120 11
54 52 120 9
57 59 120 3
19 163 120 10
46 168 120 4
150 5 120 20
90 45 120 8
119 30 120 17
65 7 120 9
39 108 120 17
10 94 120 17
17 148 120 20
162 156 120 9
24 1 120 6
35 171 120 13
82 147 120 2
110 63 120 12
25 133 120 17
55 149 120 10
167 139 120 12
45 100 120 4
25 116 120 11
9 105 120 15
52 80 120 12
83 67 120 14
61 148 120 3
43 37 120 13
21 61 120 2
105 115 120 6
71 60 120 8
49 104 120 14
72 81 120 18
21 41 120 17
125 92 120 9
56 127 120 18
109 14 120 11
87 8 120 8
79 153 120 20
30 84 120 4
81 107 120 19
97 155 120 3
164 5 120 15
173 25 120 2
66 149 120 6
38 156 120 19
76 43 120 6
40 81 120 20
166 159 120 12
5 15 120 18
84 47 120 12
50 95 120 13
71 85 120 16
172 36 120 15
92 101 120 20
104 90 120 18
69 165 120 18
172 157 120 6
109 149 120 6
25 105 120 7
73 16 120 6
130 17 120 14
169 87 120 20
38 37 120 18
57 128 120 11
2 11 120 9
103 79 120 7
24 30 120 1
74 138 120 14
12 163 120 10
138 14 120 11
88 143 120 4
133 138 120 15
40 128 120 6
156 11 120 2
152 137 120 17
64 66 120 1
92 90 120 18
104 115 120 19
42 126 120 20
85 42 120 6
95 130 120 13
169 89 120 8
108 128 120 12
35 111 120 19
90 41 120 9
154 56 120 10
76 147 120 9
152 29 120 7
20 71 120 18
49 107 120 7
44 29 120 13
8 149 120 9
109 36 120 19
117 70 120 7
86 159 120 4
67 92 120 10
18 119 120 3
57 98 120 13
38 117 120 16
96 117 120 13
147 160 120 3
155 167 120 5
77 55 120 8
127 123 120 9
66 35 120 3
170 54 120 13
31 71 120 3
116 127 120 7
56 116 120 19
18 163 120 19
86 137 120 19
135 118 120 17
159 146 120 19
45 100 120 9
173 165 120 5
18 114 120 16
2 96 120 15
57 38 120 11
160 93 120 9
159 110 120 12
101 148 120 1
154 109 120 5
153 46 120 12
158 90 120 13
112 41 120 2
5 59 120 13
123 12 120 7
139 20 120 20
12 132 120 10
48 117 120 10
26 169 120 11
92 101 120 4
54 33 120 9
162 142 120 17
147 33 120 12
124 37 120 5
166 159 120 8
6 76 120 6
8 87 120 15
54 87 120 17
162 64 120 18
71 108 120 13
40 161 120 17
54 101 120 8
109 27 120 7
32 150 120 18
137 143 120 9
33 100 120 17
122 59 120 10
168 64 120 19
110 53 120 15
171 75 120 11
112 115 120 3
85 120 120 13
