300 30
27 56 120 15
125 39 120 2
135 127 120 5
82 160 120 11
104 60 120 3
165 54 120 18
14 115 120 10
100 65 120 17
71 3 120 13
30 40 120 10
167 18 120 1
31 142 120 1
170 55 120 15
57 136 120 1
168 19 120 13
164 10 120 17
3 24 120 19
66 75 120 11
31 97 120 13
62 79 120 2
40 72 120 17
24 54 120 17
47 51 120 6
23 59 120 18
158 6 120 16
131 169 120 1
157 123 120 4
77 16 120 19
61 171 120 9
173 12 120 3
102 51 120 18
49 26 120 16
137 72 120 11
106 94 120 7
163 30 120 13
17 160 120 3
54 96 120 16
113 172 120 20
151 12 120 15
112 136 120 2
103 16 120 2
165 64 120 16
107 27 120 7
4 85 120 19
132 26 120 6
92 168 120 10
172 48 120 6
29 112 120 16
26 41 120 11
21 152 120 11
151 81 120 14
159 24 120 11
19 131 120 4
75 134 120 17
4 92 120 7
136 135 120 10
33 133 120 18
150 162 120 19
92 139 120 18
123 159 120 17
115 137 120 16
123 74 120 14
22 92 120 17
24 118 120 16
110 74 120 17
173 161 120 12
58 145 120 3
114 121 120 18
109 164 120 16
145 113 120 2
111 7 120 19
109 129 120 8
83 150 120 4
14 173 120 18
30 61 120 7
89 61 120 5
109 70 120 13
41 10 120 8
133 71 120 5
143 42 120 16
139 104 120 2
49 164 120 16
33 74 120 2
59 87 120 1
155 69 120 11
151 157 120 9
134 45 120 13
40 85 120 12
18 169 120 17
112 139 120 5
145 104 120 12
136 104 120 2
82 136 120 11
5 147 120 3
5 128 120 14
113 106 120 12
12 18 120 7
28 10 120 10
5 152 120 14
53 90 120 11
141 13 120 6
64 100 120 18
150 9 120 9
136 138 120 12
112 142 120 20
157 33 120 2
137 44 120 2
161 23 120 13
48 28 120 18
103 80 120 8
76 172 120 20
103 14 120 9
61 163 120 8
107 77 120 2
125 141 120 2
50 124 120 8
80 87 120 10
80 74 120 10
40 121 120 2
152 2 120 11
133 77 120 17
78 132 120 1
122 19 120 6
2 77 120 4
144 29 120 16
81 30 120 8
3 110 120 15
142 16 120 19
82 55 120 5
49 34 120 14
47 118 120 2
168 22 120 13
130 143 120 16
82 96 120 13
14 66 120 2
134 99 120 14
31 101 120 11
91 21 120 6
99 102 120 20
131 102 120 13
164 148 120 13
101 95 120 7
121 51 120 7
112 84 120 10
6 97 120 19
5 9 120 5
81 164 120 19
94 81 120 17
73 131 120 14
59 88 120 17
30 79 120 2
118 131 120 16
6 31 120 7
37 94 120 18
115 51 120 18
85 55 120 4
106 135 120 13
54 7 120 1
147 32 120 16
169 42 120 16
72 72 120 1
74 141 120 8
170 147 120 18
143 10 120 2
104 124 120 8
162 160 120 9
7 44 120 11
63 49 120 11
152 23 120 20
74 143 120 5
160 166 120 1
151 66 120 8
99 62 120 5
30 157 120 18
53 87 120 20
127 27 120 10
81 33 120 11
122 96 120 7
122 26 120 9
152 51 120 6
3 37 120 4
98 14 120 6
161 113 120 5
23 94 120 10
20 146 120 10
91 99 120 12
101 132 120 9
30 32 120 7
132 153 120 6
35 84 120 12
32 86 120 2
22 11 120 6
78 123 120 5
147 145 120 16
74 116 120 1
39 159 120 18
156 86 120 17
8 67 120 16
31 25 120 8
128 11 120 14
55 168 120 18
66 16 120 7
42 45 120 5
83 18 120 12
91 91 120 19
24 82 120 20
8 64 120 20
122 23 120 15
47 54 120 9
77 133 120 4
141 14 120 4
118 31 120 16
57 25 120 15
118 107 120 15
103 24 120 19
155 173 120 15
19 7 120 14
141 80 120 6
109 79 120 20
102 155 120 9
9 122 120 10
131 19 120 10
172 75 120 20
133 20 120 4
64 122 120 10
85 103 120 17
91 73 120 7
160 40 120 4
31 101 120 8
128 154 120 18
137 162 120 8
159 71 120 14
163 69 120 6
67 29 120 5
28 44 120 6
138 80 120 7
74 170 120 7
16 156 120 18
163 14 120 13
41 93 120 13
26 56 120 1
132 41 120 12
35 156 120 13
12 49 120 7
134 28 120 20
30 118 120 2
154 18 120 19
128 159 120 13
142 100 120 20
83 92 120 19
129 117 120 4
38 27 120 10
142 61 120 20
94 25 120 5
73 158 120 9
96 139 120 4
149 71 120 18
151 26 120 6
135 119 120 7
84 154 120 17
77 109 120 4
126 99 120 1
168 19 120 7
18 112 120 9
42 12 120 15
45 59 120 19
165 159 120 18
81 136 120 20
156 49 120 14
156 84 120 3
75 161 120 15
63 65 120 15
77 11 120 18
55 29 120 11
106 22 120 6
44 18 120 10
169 134 120 1
19 41 120 12
18 23 120 13
136 6 120 17
61 32 120 8
47 94 120 17
130 122 120 4
59 129 120 10
100 13 120 19
55 56 120 19
69 52 120 17
68 22 120 3
154 164 120 9
116 127 120 7
162 139 120 1
146 12 120 17
147 142 120 17
34 27 120 6
25 78 120 5
38 85 120 8
67 153 120 6
9 47 120 4
164 27 120 18
120 95 120 16
