3000 750
149 160 48 15
532 173 48 13
257 311 48 12
252 53 48 17
126 220 48 3
440 237 48 9
359 54 48 13
365 193 48 14
506 472 48 1
3 37 48 17
143 185 48 15
545 232 48 1
420 3 48 14
331 254 48 12
35 441 48 14
260 395 48 14
231 207 48 15
407 86 48 1
348 106 48 2
216 109 48 9
35 313 48 6
14 372 48 8
165 244 48 18
141 28 48 10
170 124 48 6
541 383 48 14
55 128 48 11
231 49 48 9
52 397 48 16
406 127 48 2
312 161 48 10
465 175 48 20
301 339 48 18
202 542 48 1
355 164 48 5
402 219 48 5
296 335 48 8
458 18 48 20
220 69 48 1
88 537 48 16
64 363 48 13
415 280 48 15
43 96 48 6
523 297 48 18
546 104 48 15
144 20 48 10
187 315 48 10
420 287 48 19
154 22 48 15
346 109 48 14
117 173 48 20
48 102 48 12
216 206 48 20
175 243 48 18
128 241 48 11
368 447 48 14
279 148 48 18
463 20 48 19
242 173 48 12
27 518 48 4
410 87 48 9
61 197 48 8
54 412 48 8
142 39 48 11
41 228 48 8
44 110 48 17
66 388 48 2
464 366 48 1
117 60 48 7
276 86 48 18
59 10 48 3
75 132 48 13
193 248 48 7
30 389 48 6
110 492 48 3
493 535 48 20
227 115 48 18
109 93 48 19
73 210 48 1
271 547 48 10
439 120 48 19
209 257 48 16
237 511 48 7
129 540 48 7
59 165 48 6
340 110 48 6
183 336 48 8
352 507 48 14
400 94 48 13
508 364 48 4
153 255 48 8
417 526 48 20
327 215 48 20
484 344 48 7
544 464 48 12
64 257 48 14
117 501 48 2
347 305 48 4
60 220 48 17
106 180 48 3
89 394 48 3
316 325 48 8
190 166 48 2
27 102 48 2
466 161 48 1
521 224 48 6
201 402 48 16
216 201 48 19
252 322 48 15
381 427 48 8
326 31 48 16
40 346 48 20
342 51 48 5
249 77 48 7
14 57 48 2
304 93 48 19
304 293 48 12
319 23 48 11
91 274 48 19
145 107 48 10
439 432 48 17
33 533 48 11
499 327 48 18
36 90 48 9
283 165 48 20
206 469 48 5
351 225 48 6
413 58 48 4
129 148 48 14
228 354 48 12
206 246 48 12
215 278 48 16
146 229 48 1
65 326 48 2
122 62 48 18
298 267 48 20
19 132 48 6
94 545 48 11
253 188 48 5
76 415 48 16
67 73 48 18
489 349 48 10
474 494 48 5
238 73 48 13
91 195 48 14
109 492 48 17
110 26 48 17
397 181 48 12
194 434 48 13
201 24 48 2
14 91 48 4
72 94 48 13
469 20 48 5
63 257 48 19
468 348 48 2
448 518 48 17
210 143 48 9
103 539 48 11
55 248 48 9
256 448 48 4
324 523 48 20
526 47 48 20
530 30 48 18
58 93 48 20
143 75 48 2
422 522 48 5
222 246 48 13
48 348 48 7
116 464 48 4
70 172 48 17
109 10 48 1
177 536 48 5
400 33 48 18
95 90 48 17
47 232 48 18
346 168 48 19
131 390 48 3
57 499 48 12
37 129 48 11
264 260 48 10
453 368 48 12
132 544 48 14
404 458 48 16
159 6 48 13
67 52 48 17
50 398 48 15
69 43 48 9
333 161 48 7
460 198 48 19
504 523 48 17
234 491 48 1
520 75 48 13
248 479 48 14
70 152 48 12
466 280 48 18
62 329 48 2
435 459 48 20
102 245 48 17
392 157 48 10
262 175 48 2
392 470 48 10
342 443 48 2
350 205 48 5
331 274 48 17
317 254 48 14
355 378 48 15
304 265 48 12
296 428 48 13
510 272 48 5
436 534 48 17
337 440 48 20
244 234 48 16
287 98 48 11
323 429 48 12
25 198 48 19
491 5 48 1
254 309 48 4
476 119 48 5
456 143 48 13
108 31 48 8
482 429 48 6
231 187 48 7
484 535 48 8
394 372 48 17
30 396 48 1
528 340 48 7
248 46 48 15
293 36 48 5
281 492 48 17
541 52 48 12
301 533 48 19
501 278 48 1
448 276 48 1
493 122 48 13
481 213 48 3
120 194 48 6
434 441 48 20
509 248 48 3
155 529 48 13
5 522 48 2
494 337 48 9
255 352 48 15
265 253 48 13
325 260 48 19
147 194 48 10
364 375 48 18
436 261 48 15
6 222 48 13
220 438 48 19
379 504 48 14
104 450 48 17
361 219 48 3
411 546 48 1
252 323 48 6
214 469 48 7
388 285 48 8
271 235 48 3
108 240 48 14
193 522 48 1
259 353 48 8
361 456 48 10
315 331 48 14
135 257 48 3
207 508 48 18
538 236 48 3
31 138 48 8
506 408 48 12
148 516 48 4
72 161 48 8
434 482 48 16
266 357 48 13
1 186 48 16
16 320 48 10
29 526 48 20
302 32 48 12
73 62 48 7
128 82 48 16
418 229 48 12
463 301 48 19
543 187 48 16
429 514 48 20
222 29 48 2
408 44 48 18
303 72 48 18
158 435 48 17
310 507 48 5
538 88 48 10
203 20 48 5
383 544 48 13
238 540 48 18
90 421 48 8
298 157 48 15
144 18 48 10
372 320 48 9
94 540 48 11
393 302 48 16
269 354 48 13
226 9 48 13
411 453 48 2
412 206 48 17
51 295 48 13
266 107 48 19
510 312 48 17
312 199 48 8
247 292 48 12
70 137 48 4
524 405 48 17
517 145 48 12
45 9 48 6
117 420 48 11
242 532 48 14
303 251 48 2
520 275 48 1
331 101 48 15
461 347 48 14
99 479 48 18
38 455 48 13
392 424 48 18
208 531 48 19
477 100 48 12
403 341 48 3
201 158 48 2
42 192 48 12
319 522 48 6
185 498 48 4
342 49 48 5
213 148 48 8
488 539 48 14
422 262 48 6
303 191 48 18
179 108 48 2
40 308 48 20
151 412 48 4
51 183 48 16
536 430 48 10
398 286 48 2
190 498 48 15
437 500 48 5
137 375 48 4
305 192 48 17
87 370 48 19
271 410 48 10
66 75 48 13
115 126 48 12
138 176 48 20
173 26 48 18
256 216 48 17
63 167 48 11
408 303 48 15
468 60 48 11
232 208 48 3
104 478 48 12
346 59 48 19
513 173 48 8
378 372 48 16
125 544 48 17
158 314 48 5
203 376 48 11
262 236 48 8
87 156 48 13
164 450 48 11
126 6 48 8
497 413 48 2
458 379 48 5
543 271 48 8
195 396 48 16
482 68 48 6
498 332 48 8
72 46 48 18
9 194 48 13
6 358 48 8
271 483 48 13
467 495 48 7
236 405 48 5
239 400 48 18
66 110 48 18
498 106 48 10
149 56 48 6
237 189 48 13
14 198 48 20
493 265 48 15
389 535 48 16
290 517 48 1
119 205 48 1
326 506 48 7
319 86 48 3
159 99 48 17
129 247 48 6
429 546 48 7
290 12 48 13
345 19 48 16
271 407 48 15
133 211 48 20
4 392 48 12
279 170 48 16
407 488 48 3
158 162 48 15
15 290 48 9
474 233 48 13
89 38 48 16
511 444 48 2
102 167 48 10
290 362 48 13
385 427 48 16
262 159 48 15
96 80 48 9
16 237 48 14
34 313 48 4
361 301 48 4
200 390 48 7
536 415 48 4
404 516 48 2
194 259 48 3
256 158 48 3
162 481 48 19
237 30 48 13
377 107 48 16
69 203 48 15
174 78 48 9
512 277 48 15
339 327 48 6
125 246 48 9
77 501 48 7
452 209 48 15
159 370 48 11
25 121 48 16
31 498 48 20
398 81 48 20
469 255 48 1
355 281 48 7
83 72 48 7
225 258 48 5
459 334 48 19
343 238 48 5
508 397 48 18
59 483 48 12
249 28 48 20
483 426 48 3
496 347 48 7
524 216 48 4
281 298 48 12
427 37 48 16
333 495 48 7
130 352 48 17
197 374 48 19
210 433 48 4
282 134 48 16
365 131 48 7
44 79 48 15
524 55 48 8
252 397 48 12
114 339 48 20
171 124 48 5
76 316 48 12
281 27 48 17
335 237 48 13
324 33 48 4
341 397 48 5
235 503 48 3
538 479 48 18
23 246 48 16
353 359 48 20
233 44 48 2
61 181 48 19
303 462 48 19
433 249 48 16
448 26 48 17
111 428 48 6
451 115 48 12
384 167 48 17
433 252 48 17
393 57 48 7
207 351 48 10
144 412 48 17
458 229 48 11
313 114 48 10
405 14 48 14
528 124 48 6
16 89 48 5
6 534 48 4
537 481 48 12
218 388 48 12
382 47 48 4
41 252 48 3
428 224 48 9
244 537 48 2
371 394 48 2
37 374 48 12
131 390 48 12
339 395 48 20
290 446 48 5
431 179 48 14
204 13 48 20
266 53 48 10
254 481 48 8
532 239 48 3
376 62 48 19
295 161 48 4
399 291 48 8
44 144 48 10
284 433 48 5
457 378 48 3
409 35 48 2
469 362 48 20
295 69 48 16
345 115 48 20
384 491 48 11
269 300 48 17
43 214 48 16
267 319 48 20
401 56 48 16
372 512 48 5
35 435 48 1
320 418 48 15
48 166 48 2
380 510 48 10
403 409 48 11
3 192 48 14
310 296 48 15
360 16 48 5
68 416 48 14
209 302 48 14
242 399 48 4
309 171 48 1
252 280 48 8
326 174 48 12
514 29 48 14
98 94 48 16
43 403 48 11
202 278 48 9
132 345 48 19
117 6 48 19
128 309 48 10
27 70 48 18
344 384 48 10
278 224 48 5
299 190 48 2
181 349 48 4
255 453 48 15
139 107 48 5
38 238 48 9
414 416 48 8
122 59 48 4
166 85 48 11
442 428 48 2
512 221 48 15
208 34 48 15
542 215 48 8
421 469 48 15
218 60 48 16
292 159 48 13
164 87 48 1
103 209 48 16
350 436 48 13
244 393 48 14
521 357 48 17
474 80 48 13
131 74 48 8
136 494 48 9
109 227 48 6
188 518 48 7
19 196 48 15
266 298 48 3
86 163 48 4
53 406 48 16
447 380 48 20
29 368 48 19
191 499 48 7
83 87 48 19
442 195 48 10
438 444 48 4
529 463 48 20
222 243 48 7
185 329 48 7
37 381 48 10
218 342 48 10
271 370 48 1
465 75 48 20
185 157 48 10
399 114 48 3
353 4 48 12
216 47 48 7
337 331 48 12
270 515 48 13
427 4 48 11
442 284 48 15
414 69 48 5
144 534 48 17
434 233 48 12
325 84 48 17
473 437 48 6
518 167 48 1
539 18 48 13
194 349 48 8
239 228 48 8
179 185 48 2
460 51 48 17
78 256 48 14
318 204 48 19
167 43 48 4
191 31 48 17
280 63 48 1
415 54 48 13
396 310 48 5
406 1 48 9
481 242 48 13
293 154 48 7
235 232 48 11
163 2 48 8
385 230 48 7
206 482 48 11
463 214 48 15
402 143 48 2
358 53 48 18
177 458 48 19
286 392 48 4
32 199 48 3
437 433 48 19
65 110 48 5
443 494 48 12
441 153 48 4
406 130 48 10
11 531 48 18
216 403 48 18
183 95 48 11
212 380 48 2
483 412 48 20
422 301 48 13
107 366 48 6
402 323 48 10
379 216 48 7
352 137 48 13
538 147 48 14
381 362 48 8
277 59 48 5
146 270 48 5
467 205 48 15
440 79 48 5
235 247 48 6
202 101 48 17
177 479 48 11
304 345 48 16
75 335 48 14
439 231 48 18
112 22 48 5
363 167 48 6
24 149 48 15
34 41 48 4
469 337 48 1
174 538 48 4
264 229 48 14
85 532 48 16
103 122 48 9
268 13 48 12
370 124 48 14
469 2 48 16
352 25 48 1
501 121 48 20
182 42 48 18
110 215 48 11
200 541 48 10
283 140 48 11
164 242 48 20
380 24 48 18
340 394 48 7
260 377 48 13
471 243 48 20
220 196 48 1
72 378 48 5
260 2 48 13
500 263 48 18
422 545 48 18
329 162 48 1
480 56 48 11
97 395 48 19
385 170 48 17
250 93 48 14
140 312 48 17
150 445 48 4
263 157 48 12
106 110 48 12
3 46 48 1
525 374 48 15
256 369 48 2
10 465 48 18
158 364 48 3
196 67 48 5
477 206 48 16
406 418 48 17
227 133 48 7
111 300 48 18
195 303 48 11
400 342 48 7
220 50 48 7
156 59 48 20
487 216 48 3
440 474 48 10
485 403 48 12
419 261 48 16
188 2 48 6
237 112 48 12
396 368 48 6
115 220 48 10
207 501 48 16
183 110 48 2
14 49 48 12
270 4 48 1
46 3 48 15
27 421 48 2
425 123 48 5
470 422 48 19
268 270 48 3
430 446 48 1
324 105 48 17
329 287 48 3
455 362 48 8
249 85 48 15
516 130 48 16
153 218 48 9
50 95 48 20
10 17 48 18
81 347 48 1
34 229 48 19
206 68 48 10
332 458 48 10
82 365 48 20
490 66 48 16
353 96 48 7
219 310 48 4
21 359 48 14
7 430 48 3
414 25 48 1
543 58 48 5
85 264 48 17
278 110 48 12
211 254 48 2
21 196 48 8
523 1 48 20
123 282 48 14
424 364 48 1
397 432 48 7
386 298 48 20
174 355 48 16
252 439 48 2
336 169 48 14
392 442 48 19
327 524 48 16
328 499 48 8
487 136 48 9
470 75 48 12
264 471 48 4
3 309 48 14
314 544 48 14
135 248 48 2
281 98 48 19
51 4 48 3
75 331 48 9
293 173 48 1
27 174 48 16
104 96 48 11
544 360 48 19
383 362 48 14
457 128 48 16
400 324 48 18
234 57 48 19
299 170 48 4
257 244 48 5
192 51 48 17
140 78 48 13
285 243 48 4
443 302 48 4
38 137 48 7
4 109 48 7
512 508 48 9
174 257 48 4
543 8 48 7
368 264 48 20
523 455 48 7
365 109 48 6
381 394 48 5
493 351 48 8
416 388 48 10
216 453 48 11
144 418 48 16
395 106 48 3
217 101 48 6
271 530 48 4
20 20 48 12
367 447 48 12
368 280 48 2
65 225 48 1
547 94 48 11
134 309 48 7
376 514 48 3
94 423 48 20
129 93 48 6
110 425 48 14
478 444 48 14
206 326 48 9
43 208 48 3
335 272 48 13
492 272 48 13
490 467 48 9
393 358 48 9
228 513 48 11
168 94 48 20
271 265 48 2
419 195 48 9
39 463 48 6
105 505 48 18
450 355 48 3
535 299 48 19
166 241 48 15
168 148 48 10
198 375 48 15
41 58 48 1
101 390 48 12
522 261 48 17
417 361 48 14
90 465 48 6
518 430 48 15
185 417 48 9
123 98 48 1
42 327 48 7
381 524 48 11
199 79 48 14
111 179 48 9
350 216 48 12
298 147 48 6
161 237 48 9
528 269 48 13
218 453 48 14
268 28 48 11
11 131 48 17
511 26 48 8
354 225 48 14
253 397 48 20
57 199 48 6
122 496 48 20
547 109 48 8
466 152 48 11
206 431 48 7
424 151 48 18
254 223 48 19
472 249 48 18
119 55 48 15
391 369 48 18
419 426 48 9
177 547 48 10
20 61 48 12
160 41 48 14
22 246 48 18
397 184 48 16
253 499 48 17
363 423 48 10
436 541 48 18
249 447 48 2
520 380 48 3
442 10 48 4
313 91 48 10
417 250 48 10
186 333 48 7
324 183 48 4
188 497 48 5
213 312 48 4
1 262 48 18
390 25 48 6
116 544 48 15
204 439 48 1
416 266 48 16
202 135 48 19
29 383 48 10
102 159 48 18
420 408 48 1
142 74 48 17
349 136 48 3
3 526 48 7
102 156 48 4
34 421 48 8
37 289 48 16
130 6 48 2
473 34 48 1
116 197 48 2
3 69 48 1
386 273 48 13
110 136 48 3
33 138 48 13
43 240 48 12
50 335 48 19
494 434 48 8
172 16 48 6
532 488 48 18
179 118 48 5
47 120 48 20
322 20 48 6
185 129 48 10
183 224 48 3
222 328 48 5
415 377 48 6
482 386 48 15
353 10 48 19
228 541 48 7
199 235 48 10
367 281 48 7
118 55 48 8
203 239 48 19
423 421 48 8
234 157 48 9
346 25 48 8
308 506 48 14
93 373 48 2
503 54 48 12
369 314 48 6
352 195 48 5
454 374 48 1
29 29 48 6
342 514 48 3
330 262 48 15
99 123 48 15
369 430 48 13
476 37 48 15
108 55 48 20
343 423 48 5
264 227 48 5
528 195 48 1
298 224 48 8
431 18 48 9
437 409 48 6
52 23 48 2
301 391 48 7
23 319 48 15
55 489 48 5
203 346 48 7
179 62 48 10
349 104 48 1
346 464 48 18
434 347 48 20
487 236 48 14
317 349 48 1
331 164 48 20
227 186 48 13
284 241 48 20
332 505 48 5
380 198 48 13
168 546 48 2
89 345 48 19
357 231 48 14
95 232 48 17
242 64 48 2
472 456 48 1
546 136 48 20
453 419 48 19
301 265 48 17
9 159 48 18
325 327 48 19
322 415 48 3
173 225 48 18
432 381 48 12
441 75 48 15
314 547 48 16
350 545 48 12
86 450 48 18
63 265 48 10
58 273 48 16
313 112 48 16
504 434 48 2
69 121 48 12
411 68 48 5
499 23 48 13
104 336 48 2
164 200 48 19
483 348 48 16
126 410 48 12
95 529 48 15
223 294 48 6
130 312 48 9
514 380 48 10
89 305 48 15
107 257 48 20
200 360 48 17
291 38 48 8
504 520 48 11
71 160 48 17
450 254 48 2
68 539 48 13
407 183 48 2
85 149 48 1
493 300 48 5
420 468 48 19
370 120 48 9
171 411 48 10
171 429 48 13
33 499 48 15
304 401 48 18
71 531 48 16
194 452 48 12
144 52 48 1
473 544 48 13
12 478 48 12
417 363 48 4
148 533 48 1
526 218 48 2
328 250 48 2
352 6 48 6
144 138 48 7
474 394 48 10
439 537 48 16
68 462 48 6
120 535 48 15
31 466 48 5
61 129 48 5
78 107 48 10
461 496 48 2
310 362 48 9
75 20 48 12
370 493 48 4
23 447 48 10
273 29 48 18
35 149 48 13
336 179 48 8
452 301 48 13
6 378 48 17
324 353 48 13
406 177 48 10
493 252 48 7
294 74 48 13
427 96 48 17
125 431 48 7
285 527 48 14
432 315 48 10
74 219 48 18
392 224 48 2
330 62 48 3
279 467 48 2
105 474 48 17
497 220 48 6
349 161 48 5
163 286 48 11
5 23 48 1
57 516 48 9
349 104 48 3
456 495 48 15
455 340 48 14
259 133 48 5
301 237 48 4
48 248 48 7
415 50 48 4
392 274 48 10
315 278 48 18
154 396 48 16
370 259 48 20
318 229 48 13
490 136 48 1
237 456 48 20
451 271 48 10
43 318 48 19
526 247 48 18
14 154 48 16
457 530 48 11
376 198 48 4
262 82 48 8
252 400 48 20
252 404 48 1
105 93 48 13
91 543 48 13
314 101 48 7
299 79 48 18
395 154 48 16
279 64 48 19
440 439 48 20
511 153 48 10
293 467 48 9
427 233 48 15
149 337 48 2
326 428 48 5
350 256 48 17
145 69 48 16
249 525 48 8
505 256 48 20
259 148 48 5
210 111 48 7
242 465 48 16
189 344 48 13
476 492 48 10
371 332 48 11
262 134 48 13
252 341 48 18
383 42 48 19
183 61 48 3
45 319 48 20
346 43 48 17
314 285 48 9
325 473 48 7
506 463 48 3
538 287 48 17
451 63 48 6
133 376 48 3
431 212 48 10
158 394 48 10
203 500 48 15
332 298 48 18
87 126 48 14
367 450 48 7
444 470 48 12
464 461 48 9
331 426 48 3
393 73 48 2
186 503 48 14
144 176 48 6
100 378 48 10
375 224 48 1
270 372 48 15
448 192 48 9
67 88 48 5
148 66 48 3
30 396 48 18
36 303 48 10
417 3 48 10
463 146 48 15
478 246 48 16
384 135 48 8
103 404 48 5
9 305 48 18
364 371 48 14
157 33 48 15
410 124 48 3
541 159 48 1
198 28 48 5
419 5 48 2
330 483 48 3
133 381 48 14
221 545 48 3
134 68 48 13
238 494 48 14
491 103 48 9
263 513 48 6
7 506 48 19
538 218 48 10
525 151 48 11
111 542 48 13
3 189 48 5
30 410 48 6
461 543 48 12
101 296 48 2
174 301 48 12
278 16 48 5
506 22 48 6
406 75 48 19
334 52 48 11
329 224 48 18
320 227 48 5
145 256 48 10
92 169 48 1
44 332 48 16
4 20 48 16
128 297 48 14
218 317 48 18
328 176 48 15
108 509 48 1
101 352 48 7
89 125 48 18
327 331 48 15
427 422 48 6
522 527 48 2
428 45 48 17
87 173 48 3
370 452 48 7
190 232 48 18
84 401 48 17
92 502 48 16
261 105 48 10
233 431 48 11
460 310 48 10
309 346 48 4
66 288 48 12
327 436 48 20
400 259 48 17
242 510 48 20
321 109 48 15
423 200 48 17
330 460 48 3
361 207 48 17
238 119 48 20
536 490 48 13
328 8 48 14
165 335 48 16
174 249 48 15
149 5 48 8
417 387 48 14
539 262 48 13
67 45 48 3
371 405 48 1
10 157 48 14
21 145 48 18
439 473 48 6
112 90 48 11
159 326 48 11
526 536 48 8
371 406 48 3
261 459 48 5
413 525 48 16
476 410 48 9
261 420 48 16
164 502 48 16
9 455 48 2
408 19 48 9
110 178 48 3
59 218 48 16
75 41 48 16
476 302 48 9
45 229 48 4
267 157 48 2
409 479 48 13
98 157 48 4
55 165 48 11
423 88 48 20
395 197 48 1
207 317 48 4
69 453 48 14
337 382 48 15
30 488 48 16
248 208 48 15
391 69 48 6
405 228 48 4
374 282 48 20
311 219 48 6
267 128 48 17
462 396 48 3
328 465 48 13
234 316 48 12
503 345 48 4
453 108 48 5
74 498 48 15
236 355 48 9
8 243 48 7
491 69 48 9
29 335 48 5
372 312 48 15
484 154 48 20
17 449 48 15
540 466 48 9
457 371 48 4
95 506 48 6
411 257 48 15
468 264 48 8
322 269 48 14
395 297 48 4
110 121 48 11
282 119 48 6
434 136 48 14
353 190 48 1
132 99 48 2
80 194 48 12
40 119 48 15
355 39 48 19
489 361 48 3
82 270 48 20
71 441 48 2
496 237 48 11
464 123 48 20
334 538 48 12
183 184 48 9
465 264 48 9
158 365 48 14
169 234 48 5
505 175 48 11
15 256 48 9
430 389 48 7
418 337 48 7
101 253 48 2
467 101 48 9
475 346 48 12
96 263 48 7
458 420 48 3
390 103 48 13
423 60 48 18
269 74 48 5
446 503 48 15
516 435 48 6
276 535 48 12
220 516 48 1
154 505 48 15
271 54 48 3
167 511 48 20
427 415 48 20
373 291 48 5
494 74 48 5
386 520 48 19
118 3 48 4
249 340 48 19
147 12 48 2
207 227 48 18
66 13 48 6
248 241 48 11
303 120 48 2
521 7 48 20
314 501 48 11
179 339 48 18
62 518 48 11
378 281 48 10
259 427 48 10
47 149 48 17
401 214 48 9
261 523 48 13
146 278 48 15
445 314 48 7
3 142 48 19
181 320 48 15
393 381 48 10
545 274 48 20
5 532 48 10
86 93 48 19
455 8 48 14
289 268 48 17
425 413 48 1
133 373 48 16
456 375 48 7
186 8 48 10
315 400 48 5
477 459 48 14
373 526 48 19
210 126 48 3
195 33 48 1
393 383 48 20
81 322 48 12
109 454 48 8
450 424 48 11
447 62 48 7
217 439 48 9
429 368 48 16
429 255 48 20
475 464 48 19
67 111 48 13
214 18 48 10
143 99 48 2
484 269 48 15
166 234 48 15
221 133 48 2
346 411 48 13
322 354 48 5
272 235 48 11
200 163 48 2
315 291 48 6
524 504 48 10
83 99 48 20
448 98 48 8
296 325 48 20
506 545 48 2
292 405 48 9
516 180 48 19
75 513 48 11
498 228 48 2
291 57 48 14
256 34 48 9
238 116 48 8
381 79 48 4
307 374 48 4
404 394 48 11
148 138 48 10
303 168 48 3
265 305 48 17
38 255 48 18
520 60 48 8
198 377 48 12
442 130 48 19
238 25 48 9
254 331 48 20
533 187 48 16
386 334 48 8
34 90 48 14
533 416 48 13
450 453 48 19
109 425 48 15
309 137 48 4
58 32 48 9
531 331 48 9
50 37 48 11
489 84 48 6
228 469 48 4
167 18 48 16
273 3 48 1
198 514 48 9
377 75 48 1
131 445 48 10
324 17 48 9
36 62 48 13
382 111 48 10
510 53 48 10
340 342 48 9
441 23 48 3
208 295 48 19
452 492 48 13
54 384 48 10
142 514 48 1
366 290 48 19
199 388 48 20
299 284 48 6
498 308 48 3
296 100 48 6
77 55 48 20
360 262 48 20
222 166 48 16
50 281 48 13
14 422 48 17
422 303 48 13
300 501 48 20
240 314 48 7
290 327 48 8
454 75 48 2
474 151 48 18
517 25 48 5
370 308 48 5
167 419 48 8
409 432 48 20
132 368 48 12
145 121 48 16
60 360 48 13
320 102 48 15
341 70 48 8
461 543 48 16
88 28 48 1
39 397 48 1
218 78 48 12
192 1 48 11
40 132 48 10
191 339 48 20
418 460 48 4
412 295 48 15
185 150 48 15
94 63 48 14
215 212 48 10
360 313 48 3
327 45 48 20
165 236 48 13
496 275 48 2
163 527 48 20
496 460 48 6
95 386 48 5
465 24 48 9
296 179 48 19
246 394 48 20
223 268 48 13
111 110 48 2
138 336 48 2
227 347 48 17
509 509 48 17
36 457 48 19
84 66 48 19
488 531 48 10
432 341 48 19
500 39 48 6
294 323 48 11
463 495 48 5
128 147 48 7
29 435 48 20
328 396 48 5
59 493 48 2
250 91 48 13
341 31 48 18
455 462 48 19
262 476 48 13
525 285 48 9
23 200 48 17
177 327 48 8
119 355 48 6
470 197 48 5
234 256 48 11
517 20 48 3
381 360 48 3
289 329 48 13
476 105 48 9
277 82 48 12
401 104 48 6
471 342 48 13
203 461 48 5
368 445 48 20
382 131 48 5
342 163 48 7
454 58 48 8
49 346 48 5
106 336 48 20
216 66 48 12
547 528 48 9
46 513 48 17
418 168 48 13
112 536 48 17
488 370 48 13
149 226 48 7
314 132 48 19
353 181 48 11
235 348 48 8
222 16 48 8
290 78 48 7
38 123 48 14
66 55 48 15
69 166 48 1
31 169 48 12
124 317 48 1
378 84 48 12
205 498 48 10
377 186 48 15
337 407 48 9
487 211 48 14
7 310 48 8
40 376 48 3
303 506 48 15
6 537 48 16
79 113 48 10
440 5 48 14
385 209 48 15
510 100 48 6
435 499 48 2
376 438 48 14
456 444 48 11
111 546 48 20
367 301 48 13
304 306 48 7
408 447 48 6
220 401 48 17
239 238 48 1
209 262 48 18
425 149 48 18
16 40 48 5
363 10 48 9
535 121 48 12
535 2 48 20
71 305 48 6
142 166 48 8
388 447 48 3
91 201 48 18
126 471 48 18
199 348 48 1
347 363 48 12
323 241 48 12
320 228 48 19
252 278 48 3
547 348 48 4
53 489 48 16
67 329 48 20
481 481 48 2
100 60 48 4
527 320 48 16
70 120 48 18
262 504 48 5
463 276 48 11
237 43 48 2
74 42 48 3
278 156 48 12
100 222 48 4
493 217 48 5
538 378 48 5
22 357 48 17
400 488 48 5
108 264 48 5
119 179 48 15
357 415 48 9
325 489 48 19
155 281 48 18
535 381 48 5
150 388 48 6
308 440 48 6
39 461 48 14
152 375 48 10
384 483 48 11
88 116 48 6
129 472 48 7
150 249 48 15
336 465 48 5
68 452 48 5
83 117 48 14
314 424 48 18
375 524 48 7
307 129 48 18
241 512 48 19
377 114 48 15
207 242 48 16
513 453 48 15
213 241 48 6
255 308 48 8
131 390 48 9
455 218 48 13
187 45 48 5
380 413 48 12
400 107 48 10
417 545 48 13
64 204 48 5
182 231 48 8
1 443 48 10
346 213 48 6
110 343 48 14
538 312 48 9
356 499 48 6
89 331 48 8
12 245 48 15
509 176 48 9
25 239 48 9
267 420 48 19
477 482 48 7
381 342 48 16
107 451 48 3
222 503 48 13
70 312 48 12
510 462 48 10
268 536 48 12
194 12 48 8
55 36 48 4
182 302 48 15
55 294 48 15
370 189 48 13
412 295 48 5
311 516 48 10
521 101 48 6
198 63 48 5
204 392 48 13
517 38 48 8
457 92 48 14
89 336 48 7
201 452 48 7
310 336 48 11
212 200 48 16
80 25 48 8
513 545 48 14
162 195 48 12
335 461 48 17
496 430 48 15
183 339 48 6
452 489 48 7
476 205 48 20
307 514 48 11
327 240 48 7
155 382 48 10
499 347 48 5
458 508 48 10
479 358 48 20
344 306 48 18
308 4 48 20
364 455 48 12
269 445 48 2
17 205 48 20
161 46 48 15
20 262 48 6
449 214 48 15
329 186 48 19
404 118 48 3
453 523 48 11
385 284 48 9
170 100 48 14
443 368 48 2
374 446 48 10
332 122 48 17
530 203 48 2
77 104 48 13
455 433 48 3
371 351 48 14
96 318 48 10
127 155 48 10
223 386 48 7
289 344 48 8
190 170 48 7
357 501 48 16
84 546 48 1
72 75 48 4
336 45 48 20
238 415 48 7
257 510 48 8
313 152 48 2
106 436 48 6
59 177 48 9
442 428 48 16
239 237 48 3
156 382 48 3
338 454 48 9
76 242 48 12
246 479 48 6
219 250 48 10
24 15 48 13
531 182 48 15
392 303 48 11
48 197 48 20
483 497 48 5
386 168 48 20
287 505 48 20
262 33 48 1
406 278 48 5
416 11 48 5
389 34 48 15
90 80 48 11
289 533 48 5
117 33 48 20
372 30 48 9
379 415 48 5
283 154 48 20
92 478 48 9
143 336 48 3
248 204 48 16
541 108 48 20
425 259 48 15
490 547 48 7
311 116 48 16
390 3 48 19
418 443 48 20
67 178 48 19
281 332 48 19
528 536 48 20
504 236 48 7
6 291 48 6
150 168 48 17
373 173 48 17
96 483 48 6
398 387 48 2
245 257 48 1
507 385 48 16
437 181 48 5
359 161 48 1
69 179 48 20
44 246 48 16
127 457 48 5
530 344 48 19
447 439 48 14
480 352 48 9
515 49 48 5
508 70 48 13
193 506 48 10
209 317 48 20
213 447 48 2
452 491 48 10
435 132 48 5
163 114 48 11
547 75 48 16
382 8 48 6
55 522 48 11
109 544 48 20
1 189 48 13
72 397 48 18
366 124 48 16
291 29 48 7
523 463 48 4
180 140 48 7
119 140 48 13
11 36 48 6
254 152 48 19
545 261 48 6
359 261 48 8
194 332 48 7
407 150 48 13
519 502 48 3
28 540 48 16
276 172 48 15
91 290 48 20
42 362 48 16
547 68 48 12
479 66 48 3
470 486 48 10
165 194 48 14
318 53 48 20
47 87 48 15
414 176 48 2
149 451 48 17
23 56 48 17
99 97 48 11
209 96 48 14
471 90 48 10
446 74 48 6
134 238 48 5
216 70 48 18
447 179 48 11
85 45 48 19
325 255 48 17
251 277 48 5
466 437 48 5
11 99 48 12
109 22 48 7
395 468 48 15
73 116 48 17
492 331 48 9
478 230 48 5
3 377 48 15
250 216 48 10
400 466 48 9
121 446 48 18
1 457 48 10
461 80 48 12
525 474 48 13
115 62 48 2
5 6 48 18
27 483 48 6
226 485 48 2
532 187 48 3
544 101 48 13
286 284 48 9
42 284 48 4
380 259 48 20
317 298 48 10
174 474 48 12
209 541 48 18
27 20 48 1
136 245 48 7
137 229 48 18
352 226 48 11
63 26 48 1
219 67 48 13
284 509 48 10
490 278 48 10
137 452 48 7
393 175 48 2
106 201 48 3
426 398 48 15
135 534 48 15
93 401 48 2
151 463 48 4
69 196 48 1
332 479 48 12
306 483 48 20
92 72 48 8
413 464 48 18
119 85 48 19
452 510 48 4
483 97 48 20
196 189 48 8
195 401 48 9
282 531 48 19
436 315 48 17
3 135 48 14
457 288 48 11
330 154 48 13
377 272 48 16
139 176 48 1
237 112 48 14
445 369 48 10
506 16 48 17
544 298 48 9
230 248 48 16
456 312 48 9
70 284 48 19
364 66 48 10
90 505 48 15
447 96 48 1
281 394 48 1
274 291 48 10
517 311 48 1
128 307 48 18
270 536 48 1
304 506 48 14
472 90 48 7
380 516 48 19
442 58 48 8
289 20 48 16
374 300 48 13
23 88 48 4
102 57 48 2
197 247 48 9
103 31 48 13
257 334 48 12
237 320 48 5
500 153 48 20
281 47 48 5
82 397 48 18
40 224 48 19
329 246 48 15
486 348 48 13
345 59 48 3
25 161 48 5
302 479 48 5
538 230 48 13
379 182 48 6
187 525 48 6
115 121 48 19
62 160 48 14
309 3 48 15
220 489 48 10
187 348 48 20
401 372 48 14
160 188 48 2
252 179 48 11
117 72 48 5
196 258 48 17
383 435 48 15
420 496 48 2
132 319 48 6
214 538 48 7
96 178 48 2
98 31 48 7
261 190 48 7
417 503 48 12
255 73 48 3
337 330 48 15
458 166 48 5
152 38 48 2
67 231 48 15
532 445 48 20
452 540 48 8
173 91 48 14
326 413 48 10
120 282 48 4
154 51 48 9
321 388 48 2
199 298 48 15
510 512 48 11
223 31 48 11
255 15 48 2
277 529 48 5
538 154 48 18
282 541 48 15
277 176 48 1
227 329 48 14
312 103 48 3
179 363 48 12
211 325 48 18
342 1 48 2
156 317 48 3
477 108 48 6
305 98 48 5
223 441 48 14
68 170 48 12
256 458 48 2
432 222 48 5
511 400 48 16
402 63 48 19
257 466 48 8
142 137 48 5
104 128 48 1
532 432 48 3
81 169 48 16
233 236 48 1
12 6 48 2
120 499 48 18
392 462 48 4
541 378 48 20
468 87 48 18
394 291 48 11
90 394 48 9
439 441 48 8
401 36 48 17
255 268 48 2
279 280 48 3
275 461 48 5
430 368 48 12
15 361 48 5
210 281 48 3
323 128 48 18
87 279 48 16
525 170 48 11
362 85 48 19
367 340 48 12
60 133 48 7
367 407 48 13
78 351 48 5
313 366 48 10
379 28 48 16
46 412 48 13
65 13 48 14
477 537 48 11
236 413 48 8
92 232 48 11
215 353 48 5
71 234 48 7
449 311 48 18
100 139 48 14
111 517 48 10
465 77 48 19
461 203 48 7
188 132 48 14
85 429 48 7
128 520 48 6
510 188 48 20
477 320 48 7
303 221 48 8
541 382 48 1
51 492 48 15
196 472 48 8
268 385 48 17
289 26 48 13
362 172 48 4
361 299 48 14
45 261 48 8
142 190 48 4
473 7 48 14
82 62 48 14
376 174 48 6
154 370 48 4
8 152 48 4
126 440 48 20
437 254 48 2
145 68 48 1
435 174 48 15
364 315 48 12
190 302 48 18
235 383 48 11
115 211 48 15
1 364 48 13
420 433 48 3
191 73 48 12
535 25 48 4
502 231 48 7
345 118 48 6
447 544 48 5
192 186 48 17
4 482 48 3
487 49 48 13
535 111 48 3
466 45 48 10
2 236 48 12
39 223 48 12
329 239 48 13
264 36 48 14
309 483 48 9
246 189 48 6
423 254 48 18
497 194 48 8
296 181 48 19
521 161 48 12
85 224 48 5
392 262 48 2
176 106 48 4
190 369 48 13
446 192 48 14
151 438 48 19
103 375 48 9
537 386 48 11
534 134 48 3
94 108 48 18
370 254 48 5
272 98 48 1
520 335 48 16
460 39 48 1
497 485 48 9
531 88 48 17
268 191 48 5
258 180 48 3
504 228 48 16
444 383 48 9
60 206 48 12
385 539 48 16
1 512 48 12
207 486 48 16
358 435 48 18
91 480 48 2
324 200 48 12
383 519 48 6
281 537 48 11
374 434 48 17
89 493 48 16
57 392 48 4
184 392 48 13
160 113 48 15
174 532 48 14
188 76 48 11
289 399 48 8
95 296 48 1
142 29 48 6
416 402 48 16
40 490 48 8
355 61 48 8
114 306 48 18
508 465 48 15
231 154 48 17
450 403 48 6
116 144 48 18
528 300 48 18
426 503 48 7
314 433 48 6
88 472 48 1
417 341 48 5
105 454 48 3
246 476 48 20
15 159 48 10
316 123 48 11
144 238 48 16
433 218 48 4
470 97 48 4
50 472 48 14
32 13 48 10
19 491 48 9
66 110 48 4
480 355 48 9
265 432 48 16
265 200 48 12
120 405 48 5
180 352 48 16
54 336 48 4
492 386 48 6
268 417 48 10
31 497 48 11
134 77 48 20
205 10 48 7
205 336 48 17
426 54 48 15
160 235 48 2
193 477 48 13
506 530 48 15
430 475 48 16
217 257 48 13
139 349 48 5
490 482 48 6
464 202 48 9
308 468 48 5
36 346 48 4
25 20 48 4
419 275 48 11
132 233 48 20
118 178 48 15
5 456 48 9
370 47 48 2
137 51 48 4
528 515 48 17
443 275 48 17
147 373 48 13
450 397 48 18
503 268 48 6
485 399 48 16
450 32 48 2
465 36 48 18
190 405 48 5
264 56 48 19
272 37 48 14
543 541 48 12
249 140 48 18
239 105 48 18
373 60 48 4
233 60 48 18
388 24 48 17
173 488 48 9
413 193 48 6
215 456 48 12
67 180 48 5
495 237 48 5
165 485 48 3
146 239 48 20
38 126 48 7
197 358 48 5
270 199 48 6
374 433 48 16
28 361 48 4
86 28 48 15
262 156 48 8
535 165 48 15
255 329 48 1
115 474 48 9
202 26 48 17
349 223 48 2
8 7 48 4
299 381 48 12
46 408 48 14
531 9 48 7
378 332 48 9
465 319 48 13
242 27 48 2
80 203 48 7
156 404 48 3
357 206 48 7
430 275 48 16
155 89 48 9
374 134 48 14
406 179 48 17
527 9 48 13
256 474 48 19
149 230 48 14
432 371 48 5
95 526 48 11
331 397 48 19
303 279 48 17
344 495 48 17
218 321 48 7
15 241 48 14
428 282 48 14
79 537 48 13
48 200 48 18
105 85 48 9
302 241 48 14
417 24 48 1
191 389 48 3
239 247 48 13
375 465 48 4
159 541 48 11
121 483 48 14
92 76 48 7
113 123 48 16
363 289 48 12
436 43 48 1
2 460 48 16
511 103 48 5
205 403 48 3
455 230 48 17
478 388 48 5
257 23 48 11
318 115 48 13
430 227 48 7
194 105 48 20
105 55 48 10
318 57 48 5
7 82 48 3
147 348 48 20
533 255 48 12
351 248 48 9
162 19 48 5
517 336 48 4
401 280 48 18
470 474 48 5
280 93 48 5
194 410 48 2
21 478 48 8
11 77 48 15
466 124 48 17
540 474 48 19
32 150 48 11
31 120 48 17
268 35 48 5
184 19 48 1
267 298 48 17
404 492 48 1
50 27 48 4
448 99 48 16
38 17 48 1
7 72 48 17
222 103 48 10
518 195 48 20
56 524 48 11
482 160 48 12
287 426 48 4
308 344 48 15
191 393 48 10
4 294 48 15
441 393 48 7
517 461 48 12
519 198 48 15
123 168 48 16
456 285 48 6
338 219 48 14
176 20 48 6
436 327 48 16
93 32 48 19
323 36 48 1
229 538 48 16
89 507 48 18
82 478 48 20
239 54 48 16
105 24 48 12
432 361 48 14
495 51 48 12
437 487 48 4
176 32 48 12
369 417 48 18
370 98 48 9
278 248 48 19
162 391 48 10
181 144 48 17
430 248 48 7
478 194 48 2
197 141 48 18
545 31 48 13
126 268 48 13
285 151 48 20
541 520 48 20
240 312 48 7
446 474 48 4
98 169 48 17
349 113 48 13
139 43 48 5
226 302 48 19
488 299 48 11
80 424 48 5
251 223 48 3
352 278 48 9
4 518 48 6
449 478 48 20
253 28 48 10
199 377 48 14
393 515 48 1
232 255 48 19
274 196 48 15
408 275 48 18
262 40 48 17
266 392 48 11
242 457 48 11
107 420 48 15
444 125 48 2
465 386 48 11
52 231 48 9
290 524 48 9
282 251 48 17
25 173 48 9
316 435 48 16
283 153 48 19
42 457 48 17
318 16 48 9
39 521 48 9
397 439 48 7
99 490 48 11
315 232 48 2
301 513 48 5
543 52 48 2
28 368 48 10
100 103 48 11
139 206 48 4
26 523 48 7
394 76 48 7
401 535 48 6
247 86 48 17
322 401 48 12
498 216 48 1
377 211 48 7
429 301 48 10
367 462 48 3
520 53 48 12
35 140 48 7
112 533 48 2
225 449 48 11
166 148 48 12
112 531 48 16
288 482 48 20
430 311 48 4
138 254 48 9
213 74 48 18
390 108 48 14
287 143 48 20
221 316 48 18
292 540 48 19
351 221 48 10
10 332 48 9
69 72 48 10
405 16 48 9
466 153 48 14
343 365 48 8
71 207 48 13
461 8 48 19
444 290 48 8
474 35 48 4
405 447 48 15
545 456 48 10
59 39 48 8
117 505 48 15
547 423 48 15
74 218 48 19
346 351 48 19
178 326 48 20
214 284 48 18
18 272 48 16
424 129 48 4
503 188 48 17
366 247 48 18
363 425 48 10
375 424 48 9
539 12 48 2
521 419 48 8
225 111 48 4
545 324 48 4
60 404 48 11
219 342 48 13
338 298 48 1
428 178 48 14
493 540 48 2
31 429 48 17
53 421 48 12
354 394 48 16
397 71 48 11
342 68 48 9
508 190 48 16
399 408 48 15
543 260 48 13
265 140 48 11
357 148 48 7
264 240 48 17
171 354 48 18
89 160 48 16
488 71 48 7
389 412 48 8
190 373 48 18
394 286 48 4
392 281 48 10
203 60 48 15
191 416 48 18
171 194 48 8
95 364 48 17
439 515 48 7
145 455 48 8
468 358 48 1
373 62 48 20
468 455 48 19
546 300 48 20
337 17 48 1
268 207 48 1
469 439 48 7
301 534 48 1
547 487 48 13
406 84 48 6
336 4 48 8
192 439 48 13
420 421 48 18
386 419 48 8
148 209 48 8
32 538 48 16
331 459 48 2
338 274 48 15
162 336 48 20
15 256 48 3
385 106 48 4
80 297 48 9
321 169 48 4
532 8 48 16
10 217 48 3
51 248 48 15
298 93 48 18
499 431 48 10
138 107 48 9
326 184 48 5
51 21 48 4
326 100 48 20
69 482 48 18
170 467 48 2
204 538 48 19
509 42 48 12
318 401 48 3
101 352 48 5
158 5 48 2
2 330 48 19
164 380 48 9
432 220 48 19
449 288 48 18
149 519 48 10
404 238 48 14
390 261 48 18
76 31 48 9
526 194 48 19
250 351 48 12
143 414 48 19
218 31 48 13
376 524 48 3
147 487 48 3
462 88 48 18
149 491 48 14
374 333 48 18
154 471 48 12
273 449 48 6
321 214 48 9
310 418 48 2
82 88 48 20
296 525 48 7
182 187 48 14
417 101 48 18
139 312 48 14
98 138 48 6
317 353 48 3
82 141 48 3
39 461 48 5
409 223 48 19
36 305 48 15
302 115 48 3
59 358 48 20
302 227 48 7
85 428 48 2
359 525 48 10
481 295 48 9
525 438 48 18
533 538 48 8
207 399 48 6
298 434 48 3
539 250 48 7
272 370 48 16
253 124 48 5
396 209 48 10
242 20 48 16
348 500 48 13
260 540 48 12
312 525 48 7
277 185 48 9
465 544 48 17
471 50 48 4
45 321 48 6
522 88 48 18
194 484 48 19
355 240 48 2
494 40 48 3
441 300 48 6
279 126 48 5
169 403 48 15
457 320 48 2
147 305 48 6
87 349 48 3
458 386 48 6
467 94 48 12
138 449 48 7
437 395 48 16
203 288 48 4
509 81 48 8
307 249 48 14
351 221 48 20
329 367 48 8
481 515 48 18
407 487 48 12
420 407 48 6
431 59 48 10
134 495 48 3
485 212 48 18
42 235 48 5
333 541 48 16
479 344 48 18
397 188 48 15
134 121 48 8
220 527 48 20
144 461 48 10
224 344 48 16
204 477 48 11
32 415 48 18
209 518 48 9
528 303 48 2
2 296 48 13
305 207 48 5
490 340 48 11
157 75 48 16
372 280 48 15
447 503 48 1
94 160 48 10
298 253 48 8
166 523 48 11
268 503 48 14
426 20 48 18
443 386 48 18
99 390 48 13
485 61 48 13
304 433 48 9
98 332 48 17
297 487 48 8
426 237 48 4
546 402 48 14
89 185 48 15
543 125 48 9
198 20 48 17
59 119 48 3
322 56 48 16
111 421 48 17
180 33 48 7
205 330 48 14
450 270 48 15
463 331 48 13
388 419 48 15
331 415 48 2
355 127 48 20
218 248 48 12
532 22 48 12
297 132 48 17
10 374 48 19
115 31 48 4
160 542 48 1
504 457 48 16
155 360 48 11
114 143 48 20
135 13 48 20
176 292 48 19
397 276 48 2
189 87 48 1
401 158 48 17
98 273 48 6
249 494 48 8
122 450 48 17
387 119 48 16
523 232 48 11
42 429 48 9
296 119 48 11
188 516 48 15
225 219 48 12
393 72 48 20
450 231 48 12
474 479 48 17
8 115 48 19
546 16 48 8
348 539 48 4
355 95 48 15
436 390 48 12
261 92 48 19
423 378 48 7
187 223 48 4
108 125 48 17
363 114 48 12
17 183 48 11
183 243 48 7
530 106 48 4
76 522 48 9
50 411 48 5
80 186 48 10
203 124 48 5
543 310 48 3
408 479 48 19
18 294 48 12
168 372 48 9
433 70 48 17
167 52 48 5
15 189 48 19
505 238 48 18
289 379 48 16
289 34 48 8
56 92 48 13
170 14 48 6
409 31 48 14
275 260 48 18
386 146 48 7
193 374 48 17
104 388 48 3
537 345 48 11
348 149 48 4
407 499 48 14
41 7 48 6
47 239 48 8
530 162 48 12
213 498 48 17
329 337 48 18
29 44 48 5
327 147 48 14
266 199 48 12
504 61 48 17
511 467 48 18
67 508 48 12
323 7 48 20
45 51 48 13
406 325 48 14
480 168 48 8
213 196 48 7
320 522 48 16
267 302 48 12
135 258 48 12
152 222 48 5
181 350 48 9
217 188 48 5
6 294 48 14
503 153 48 7
404 147 48 3
93 359 48 10
435 193 48 14
438 459 48 7
92 109 48 9
353 260 48 17
534 502 48 4
190 172 48 14
461 239 48 18
298 195 48 4
397 51 48 4
178 205 48 4
155 154 48 19
107 106 48 16
422 197 48 5
385 65 48 15
147 113 48 3
320 365 48 13
133 278 48 4
239 90 48 11
13 486 48 4
479 117 48 6
334 271 48 13
320 439 48 2
341 313 48 6
408 213 48 3
311 421 48 9
168 193 48 13
197 325 48 11
526 16 48 7
502 28 48 5
43 22 48 2
335 355 48 7
296 189 48 15
363 529 48 14
141 451 48 2
530 276 48 19
484 444 48 8
256 155 48 6
367 133 48 7
20 149 48 9
159 191 48 5
538 40 48 2
156 398 48 5
212 275 48 15
33 415 48 14
129 397 48 18
35 333 48 20
196 41 48 5
133 407 48 8
148 427 48 7
191 100 48 9
316 153 48 7
249 308 48 10
433 519 48 7
113 66 48 7
243 194 48 20
164 291 48 11
466 1 48 11
437 195 48 4
540 343 48 15
306 48 48 20
262 425 48 1
320 127 48 8
289 74 48 15
471 248 48 16
34 490 48 15
56 107 48 20
472 87 48 2
381 39 48 7
274 31 48 12
46 399 48 6
527 175 48 13
127 494 48 7
97 236 48 4
37 221 48 18
105 316 48 15
367 371 48 11
433 357 48 5
500 191 48 6
214 526 48 1
332 25 48 7
497 66 48 20
54 254 48 12
285 350 48 19
103 449 48 4
169 6 48 9
239 434 48 19
539 382 48 2
316 396 48 2
194 62 48 2
164 393 48 7
532 404 48 5
42 457 48 20
46 256 48 13
347 359 48 5
321 42 48 15
126 342 48 7
301 333 48 15
347 163 48 9
99 356 48 7
314 34 48 4
130 80 48 5
11 122 48 2
83 167 48 3
82 29 48 2
467 411 48 5
373 536 48 18
227 351 48 3
462 151 48 12
60 249 48 16
266 77 48 5
379 206 48 15
348 216 48 8
288 360 48 3
546 504 48 11
68 423 48 7
178 310 48 10
144 51 48 8
504 27 48 5
418 86 48 3
264 351 48 15
143 182 48 7
164 44 48 15
306 394 48 10
192 392 48 5
43 460 48 16
367 152 48 16
133 358 48 13
311 314 48 3
92 246 48 12
245 509 48 20
474 167 48 12
423 392 48 10
102 151 48 9
202 342 48 11
321 446 48 8
315 328 48 12
133 460 48 5
64 285 48 9
22 376 48 6
127 73 48 5
35 546 48 9
187 483 48 12
445 99 48 2
486 300 48 5
434 135 48 12
356 449 48 8
368 97 48 15
251 222 48 20
448 243 48 19
344 431 48 2
201 466 48 7
286 167 48 20
215 126 48 3
357 127 48 17
354 13 48 8
312 369 48 1
50 251 48 1
247 501 48 4
243 464 48 11
67 260 48 15
25 460 48 6
43 260 48 15
58 474 48 13
109 345 48 11
522 214 48 15
37 525 48 9
547 28 48 4
60 336 48 5
403 32 48 11
503 160 48 20
487 247 48 8
389 351 48 11
35 409 48 12
353 517 48 14
250 6 48 16
221 42 48 5
76 42 48 13
180 163 48 18
362 80 48 6
398 35 48 15
208 522 48 3
477 425 48 4
458 459 48 20
490 326 48 1
319 28 48 5
361 311 48 1
380 386 48 19
489 80 48 11
386 504 48 20
438 416 48 9
40 77 48 3
13 68 48 19
274 41 48 5
520 530 48 11
188 301 48 1
471 176 48 8
249 70 48 5
191 11 48 3
296 458 48 3
479 348 48 11
150 450 48 17
404 462 48 20
536 250 48 11
94 222 48 13
462 409 48 19
435 333 48 4
109 96 48 5
292 286 48 5
8 96 48 3
226 28 48 2
313 239 48 10
476 158 48 17
222 146 48 2
7 301 48 20
384 215 48 16
513 165 48 13
271 335 48 4
160 80 48 7
121 87 48 14
540 312 48 15
337 140 48 6
35 130 48 6
195 351 48 9
180 420 48 15
387 256 48 15
455 221 48 20
432 6 48 5
504 227 48 19
438 348 48 12
406 402 48 11
463 191 48 13
274 226 48 18
241 482 48 3
416 114 48 5
343 500 48 13
547 469 48 9
368 415 48 18
39 433 48 2
335 324 48 11
233 182 48 15
442 160 48 6
305 495 48 15
297 188 48 2
155 118 48 5
432 461 48 18
479 460 48 18
200 343 48 15
50 381 48 6
64 168 48 16
488 400 48 10
281 356 48 3
264 175 48 20
473 534 48 7
68 203 48 7
324 150 48 12
110 81 48 12
364 342 48 13
485 391 48 12
492 517 48 19
337 519 48 7
364 252 48 16
64 515 48 20
321 440 48 19
218 23 48 3
232 408 48 9
160 517 48 1
62 333 48 14
368 333 48 11
507 339 48 20
266 129 48 16
2 7 48 9
94 132 48 20
360 452 48 5
127 122 48 4
158 354 48 13
277 513 48 11
53 89 48 5
108 456 48 11
131 477 48 2
61 195 48 16
24 197 48 11
300 290 48 1
59 164 48 7
257 352 48 5
477 509 48 15
72 300 48 16
184 352 48 19
144 522 48 20
435 105 48 10
518 228 48 20
244 313 48 15
38 66 48 11
449 124 48 7
279 442 48 5
230 433 48 3
535 504 48 7
381 203 48 3
254 346 48 18
158 233 48 2
539 266 48 13
20 24 48 18
368 62 48 18
458 25 48 12
226 365 48 4
345 47 48 9
487 96 48 12
382 477 48 2
206 245 48 16
3 464 48 16
514 455 48 4
220 536 48 15
239 356 48 18
322 328 48 14
106 6 48 13
330 350 48 11
440 290 48 4
506 186 48 14
289 391 48 16
417 456 48 17
230 484 48 20
433 157 48 6
112 395 48 7
461 231 48 15
349 398 48 10
54 181 48 10
352 73 48 3
261 93 48 7
161 381 48 15
305 312 48 14
366 541 48 17
396 488 48 7
414 52 48 2
303 512 48 19
520 313 48 7
195 366 48 4
219 233 48 15
48 8 48 11
62 169 48 1
466 535 48 16
294 353 48 11
58 263 48 11
525 192 48 20
354 494 48 13
475 466 48 17
447 175 48 6
114 456 48 9
462 503 48 1
355 17 48 8
143 544 48 13
180 290 48 3
335 409 48 19
430 386 48 17
29 254 48 15
202 182 48 9
203 143 48 6
22 319 48 9
73 233 48 20
193 41 48 9
482 183 48 19
273 425 48 6
416 274 48 8
337 156 48 1
449 246 48 16
508 448 48 14
547 103 48 9
275 186 48 9
397 320 48 20
535 512 48 7
205 508 48 6
418 233 48 1
435 164 48 18
252 15 48 3
32 464 48 20
3 424 48 12
