3000 428
514 450 84 5
510 93 84 12
510 354 84 17
171 284 84 12
485 256 84 12
432 143 84 13
62 537 84 10
528 392 84 20
379 274 84 13
72 96 84 3
246 63 84 8
465 87 84 11
181 111 84 3
155 282 84 2
212 219 84 2
66 104 84 17
256 227 84 18
543 207 84 14
177 100 84 18
48 234 84 2
232 479 84 15
318 397 84 2
12 92 84 19
58 246 84 14
512 520 84 8
127 100 84 16
493 417 84 8
301 474 84 20
16 104 84 11
65 213 84 2
210 445 84 19
479 215 84 11
287 226 84 17
206 346 84 4
467 310 84 5
462 437 84 11
75 382 84 17
461 198 84 6
507 275 84 12
229 339 84 11
122 2 84 6
8 480 84 16
353 220 84 14
242 487 84 12
376 406 84 15
545 383 84 19
328 457 84 4
527 371 84 16
106 392 84 20
335 73 84 6
292 256 84 10
83 325 84 10
151 130 84 20
507 371 84 6
51 262 84 6
29 321 84 6
381 101 84 5
145 142 84 7
105 310 84 7
340 159 84 3
366 450 84 16
393 533 84 9
414 198 84 11
170 157 84 4
349 270 84 18
511 298 84 10
446 194 84 2
353 338 84 10
144 504 84 4
327 296 84 11
96 114 84 12
183 21 84 6
47 497 84 8
40 119 84 2
404 467 84 5
544 431 84 7
395 391 84 1
470 258 84 19
140 464 84 8
118 305 84 1
255 400 84 13
357 97 84 15
443 143 84 15
180 245 84 5
136 101 84 2
360 98 84 12
397 7 84 20
142 539 84 13
224 131 84 7
325 248 84 20
174 18 84 15
136 374 84 18
243 269 84 7
237 511 84 7
411 99 84 1
505 520 84 7
543 432 84 6
487 88 84 18
142 374 84 5
321 151 84 2
258 324 84 8
47 521 84 18
541 217 84 14
146 515 84 18
542 379 84 8
7 336 84 4
115 393 84 13
292 333 84 15
522 536 84 19
273 309 84 13
334 19 84 1
473 127 84 15
501 183 84 10
250 328 84 20
509 385 84 12
381 391 84 16
225 20 84 3
78 374 84 17
503 348 84 18
269 74 84 17
185 469 84 12
424 456 84 11
213 409 84 18
219 111 84 3
254 72 84 13
182 514 84 12
445 192 84 15
6 331 84 10
509 286 84 10
514 7 84 4
281 191 84 13
191 129 84 5
227 403 84 20
445 74 84 13
20 389 84 19
527 23 84 19
329 467 84 15
213 535 84 4
470 496 84 20
528 524 84 1
173 320 84 11
411 510 84 2
495 251 84 8
17 210 84 12
197 229 84 11
511 208 84 2
244 537 84 14
230 264 84 7
546 187 84 1
53 167 84 10
237 401 84 1
64 264 84 2
81 273 84 7
15 290 84 13
23 1 84 2
420 511 84 12
416 269 84 1
269 498 84 15
172 11 84 4
84 125 84 9
520 361 84 14
181 486 84 18
413 81 84 3
286 96 84 15
430 118 84 6
256 52 84 8
289 467 84 5
373 251 84 17
173 484 84 5
160 82 84 14
436 55 84 18
19 297 84 5
475 163 84 10
109 510 84 6
94 393 84 12
141 101 84 17
152 451 84 8
494 276 84 17
239 510 84 19
56 184 84 18
545 73 84 16
363 91 84 13
119 18 84 9
17 188 84 10
11 343 84 13
246 484 84 19
470 88 84 19
191 96 84 5
162 396 84 20
131 452 84 18
120 511 84 1
286 326 84 18
202 506 84 1
342 38 84 2
507 110 84 5
31 355 84 9
203 339 84 9
339 530 84 20
204 206 84 12
93 337 84 20
165 456 84 5
310 256 84 10
60 458 84 17
374 314 84 17
391 273 84 19
204 304 84 10
499 21 84 11
397 359 84 20
453 77 84 1
295 231 84 5
103 458 84 1
483 220 84 5
157 341 84 8
337 167 84 2
68 73 84 6
456 276 84 11
165 289 84 12
151 139 84 15
181 44 84 6
479 400 84 18
503 17 84 18
498 499 84 18
201 171 84 15
423 507 84 2
473 89 84 19
249 544 84 15
390 224 84 6
4 374 84 13
39 70 84 15
212 1 84 3
130 18 84 20
444 515 84 19
6 230 84 20
456 167 84 12
525 93 84 11
181 403 84 9
112 246 84 14
393 249 84 8
266 349 84 19
305 75 84 11
197 205 84 17
104 163 84 16
25 168 84 18
116 76 84 8
290 115 84 9
491 295 84 6
265 468 84 20
200 314 84 14
23 94 84 4
525 398 84 13
479 109 84 12
451 213 84 2
453 299 84 17
199 477 84 6
111 219 84 20
178 224 84 19
162 488 84 7
391 140 84 12
321 225 84 7
115 264 84 6
46 195 84 5
118 161 84 2
415 128 84 19
394 388 84 12
510 498 84 4
132 190 84 16
111 413 84 18
72 256 84 13
346 30 84 10
290 206 84 7
84 251 84 7
534 431 84 5
164 360 84 9
93 206 84 16
497 168 84 5
88 362 84 6
450 534 84 2
205 58 84 6
99 465 84 10
342 207 84 1
300 290 84 9
453 339 84 20
343 502 84 12
360 47 84 13
279 59 84 12
149 146 84 9
270 48 84 10
256 252 84 5
498 413 84 5
284 269 84 4
338 21 84 12
33 536 84 12
282 331 84 13
281 206 84 19
547 484 84 8
495 147 84 7
258 478 84 13
6 187 84 13
421 199 84 1
267 545 84 10
382 335 84 19
301 429 84 1
11 163 84 12
222 505 84 5
57 504 84 3
435 451 84 9
536 161 84 14
137 229 84 2
51 164 84 14
440 430 84 20
2 326 84 8
132 79 84 2
250 151 84 17
214 373 84 20
382 429 84 19
64 379 84 2
440 367 84 4
199 503 84 16
206 68 84 6
473 22 84 3
191 24 84 17
242 155 84 9
299 467 84 8
455 133 84 8
84 29 84 11
277 155 84 3
436 47 84 19
209 307 84 15
271 512 84 3
497 437 84 5
120 142 84 1
68 384 84 1
157 135 84 14
397 104 84 15
523 249 84 17
46 41 84 17
494 476 84 20
276 199 84 3
13 532 84 19
489 481 84 1
377 115 84 10
350 182 84 4
477 401 84 5
39 312 84 1
279 349 84 13
63 395 84 18
1 341 84 1
47 132 84 15
337 206 84 18
168 147 84 16
436 38 84 11
360 387 84 11
120 379 84 13
76 417 84 8
259 148 84 12
144 273 84 6
69 273 84 4
532 320 84 5
161 171 84 15
321 401 84 7
414 351 84 15
136 163 84 9
39 282 84 3
405 419 84 2
534 130 84 9
527 274 84 11
367 404 84 16
1 450 84 12
374 125 84 17
406 445 84 16
38 373 84 14
316 23 84 16
371 124 84 9
320 528 84 17
137 29 84 8
226 71 84 19
525 437 84 7
65 499 84 19
532 388 84 7
138 246 84 14
144 345 84 17
500 113 84 20
471 546 84 11
238 380 84 6
547 31 84 1
377 257 84 10
56 234 84 10
201 298 84 14
187 345 84 9
421 482 84 1
5 79 84 18
24 93 84 20
66 17 84 13
230 316 84 7
437 316 84 16
187 207 84 7
7 324 84 10
263 525 84 14
533 226 84 1
96 99 84 7
452 103 84 8
120 189 84 13
509 254 84 20
350 545 84 13
22 496 84 17
334 135 84 11
293 203 84 14
1 528 84 15
68 513 84 1
479 124 84 2
339 28 84 19
340 209 84 1
433 232 84 7
57 96 84 12
58 118 84 16
375 513 84 5
474 259 84 18
288 259 84 14
141 388 84 18
281 319 84 1
34 172 84 4
437 511 84 4
480 458 84 12
292 514 84 10
101 87 84 3
405 461 84 10
421 387 84 18
93 190 84 16
291 392 84 9
517 188 84 9
319 221 84 11
210 110 84 5
371 43 84 13
217 334 84 16
158 496 84 20
278 415 84 17
363 289 84 14
160 381 84 3
338 186 84 18
295 218 84 20
146 536 84 2
107 261 84 13
156 84 84 3
115 300 84 18
102 519 84 5
176 249 84 16
224 65 84 6
112 286 84 5
313 76 84 6
359 432 84 7
44 31 84 12
12 199 84 3
90 354 84 7
271 468 84 13
301 23 84 12
340 198 84 20
185 421 84 13
380 48 84 5
408 422 84 7
199 233 84 13
144 339 84 10
140 412 84 20
458 501 84 1
313 287 84 11
529 102 84 3
169 441 84 4
58 79 84 3
73 458 84 4
373 381 84 9
202 94 84 17
524 237 84 10
329 439 84 17
332 349 84 12
142 176 84 20
482 157 84 7
358 388 84 1
432 445 84 6
441 518 84 19
12 343 84 3
4 59 84 8
291 35 84 20
369 363 84 11
312 210 84 3
270 351 84 1
29 285 84 3
436 96 84 19
189 42 84 8
83 544 84 7
496 8 84 8
257 73 84 16
111 426 84 9
263 309 84 14
307 73 84 4
214 404 84 11
358 432 84 4
112 382 84 7
315 24 84 19
354 168 84 18
486 178 84 19
414 496 84 11
463 59 84 9
546 383 84 14
21 142 84 4
191 417 84 20
226 228 84 3
60 401 84 9
52 169 84 20
146 37 84 5
175 522 84 18
334 451 84 5
19 366 84 5
129 426 84 18
63 446 84 5
131 89 84 10
55 376 84 12
473 498 84 5
179 2 84 16
516 147 84 8
474 383 84 16
123 170 84 6
206 188 84 6
470 379 84 8
508 503 84 1
265 86 84 14
500 202 84 3
415 128 84 5
245 368 84 18
306 398 84 1
402 386 84 10
535 509 84 9
24 167 84 16
487 89 84 18
281 112 84 5
521 438 84 8
426 390 84 6
97 257 84 14
328 16 84 20
74 321 84 4
514 238 84 1
305 225 84 10
326 311 84 7
535 250 84 17
90 46 84 8
147 81 84 5
351 506 84 9
272 117 84 3
319 506 84 11
311 33 84 18
91 546 84 14
318 365 84 14
507 144 84 12
314 193 84 17
334 283 84 15
465 429 84 15
486 295 84 14
411 81 84 2
107 399 84 9
366 224 84 3
460 314 84 12
244 147 84 19
314 106 84 15
86 419 84 3
231 268 84 13
421 185 84 1
206 186 84 13
11 111 84 15
479 218 84 12
359 98 84 5
271 72 84 7
244 377 84 20
96 143 84 5
91 290 84 1
340 35 84 3
325 517 84 18
253 175 84 15
475 185 84 10
230 117 84 8
507 475 84 20
399 261 84 3
120 504 84 6
48 52 84 10
20 204 84 8
534 543 84 10
221 320 84 8
30 25 84 6
149 14 84 3
316 305 84 19
215 265 84 14
273 178 84 11
464 359 84 13
546 407 84 6
223 488 84 8
190 474 84 14
316 147 84 3
349 238 84 13
71 448 84 2
525 216 84 18
125 492 84 3
200 279 84 9
49 257 84 16
402 255 84 2
320 478 84 16
442 182 84 6
12 497 84 14
448 298 84 13
486 369 84 7
476 408 84 15
285 533 84 14
358 247 84 5
61 357 84 20
185 273 84 14
106 46 84 18
91 487 84 11
2 498 84 1
59 460 84 9
478 399 84 7
250 389 84 1
299 188 84 2
231 60 84 11
504 182 84 15
1 367 84 1
237 534 84 8
404 78 84 15
267 79 84 7
79 200 84 15
189 192 84 14
120 441 84 6
521 192 84 20
359 485 84 6
506 503 84 4
462 503 84 2
143 192 84 9
417 110 84 11
144 438 84 5
369 517 84 13
21 158 84 3
133 278 84 17
148 313 84 6
412 124 84 2
126 82 84 18
83 58 84 17
469 201 84 20
232 132 84 18
134 275 84 19
176 158 84 17
418 240 84 20
303 434 84 5
82 96 84 13
176 507 84 17
207 147 84 9
255 292 84 1
320 213 84 15
91 506 84 2
519 154 84 5
291 329 84 9
93 261 84 6
538 17 84 7
290 160 84 19
292 335 84 11
542 56 84 14
326 372 84 18
167 144 84 9
271 234 84 3
505 268 84 6
529 11 84 10
226 165 84 1
224 156 84 20
108 507 84 16
88 314 84 6
90 308 84 11
238 86 84 8
130 252 84 17
358 37 84 17
544 57 84 18
336 38 84 14
518 325 84 10
476 1 84 8
388 171 84 8
521 258 84 3
503 409 84 1
540 99 84 6
463 290 84 3
44 100 84 5
468 96 84 19
64 493 84 5
280 464 84 2
113 454 84 1
163 295 84 15
172 330 84 14
495 286 84 10
30 340 84 14
198 318 84 9
194 361 84 9
226 281 84 18
315 407 84 3
503 139 84 15
530 251 84 14
11 475 84 10
271 99 84 10
242 46 84 8
136 76 84 10
128 335 84 10
410 528 84 8
307 206 84 2
361 35 84 8
360 537 84 4
338 520 84 7
160 45 84 16
400 316 84 10
422 72 84 17
245 207 84 12
469 334 84 17
401 259 84 10
270 80 84 11
420 440 84 8
429 252 84 15
91 42 84 3
65 263 84 16
28 177 84 19
28 52 84 14
135 358 84 14
379 279 84 20
472 194 84 17
545 463 84 9
276 336 84 5
104 279 84 12
469 432 84 3
320 11 84 13
216 39 84 5
489 66 84 6
224 262 84 15
289 155 84 5
141 79 84 13
250 76 84 11
439 413 84 7
34 32 84 8
428 15 84 10
441 334 84 19
169 65 84 1
73 6 84 2
91 292 84 14
527 33 84 8
148 173 84 20
23 423 84 11
423 376 84 3
64 409 84 4
531 352 84 20
396 307 84 6
272 475 84 16
186 547 84 20
227 152 84 4
44 132 84 1
77 341 84 1
188 363 84 14
436 239 84 16
65 302 84 16
333 347 84 4
7 258 84 3
76 529 84 17
271 230 84 2
409 456 84 13
354 15 84 15
331 91 84 5
480 279 84 7
505 229 84 12
419 355 84 14
195 141 84 15
384 209 84 6
332 346 84 5
269 69 84 11
206 539 84 9
294 345 84 13
28 128 84 14
102 61 84 18
53 80 84 15
243 498 84 13
249 208 84 2
54 44 84 2
179 438 84 2
347 221 84 13
259 426 84 10
79 234 84 14
523 323 84 19
510 424 84 7
290 477 84 11
360 234 84 19
300 482 84 9
380 50 84 8
183 228 84 15
331 89 84 14
62 409 84 17
332 3 84 6
461 525 84 17
232 2 84 8
64 353 84 4
36 227 84 17
506 527 84 12
89 359 84 15
325 57 84 13
450 387 84 8
311 511 84 12
51 357 84 16
86 332 84 9
443 16 84 20
130 141 84 14
417 177 84 5
328 135 84 10
235 224 84 6
192 1 84 9
376 512 84 20
225 276 84 4
421 388 84 18
134 535 84 19
433 430 84 18
248 75 84 8
477 491 84 13
324 334 84 15
211 21 84 17
519 212 84 3
336 102 84 15
55 327 84 11
283 262 84 7
321 458 84 8
204 405 84 3
165 106 84 2
205 35 84 4
482 420 84 10
347 146 84 11
435 179 84 4
100 515 84 11
215 22 84 10
181 366 84 4
535 201 84 9
390 405 84 5
128 84 84 2
487 288 84 13
243 223 84 4
331 84 84 7
502 34 84 15
338 133 84 1
337 409 84 12
53 43 84 8
92 92 84 1
42 481 84 3
396 62 84 15
370 63 84 3
378 305 84 1
321 151 84 3
409 167 84 8
191 19 84 14
486 355 84 1
318 469 84 18
515 76 84 16
365 179 84 18
135 27 84 3
535 396 84 20
128 288 84 3
68 124 84 11
91 532 84 10
147 237 84 18
335 176 84 11
385 493 84 16
539 460 84 18
237 339 84 9
478 473 84 5
232 460 84 7
111 103 84 20
295 232 84 6
143 322 84 3
220 468 84 7
254 317 84 17
219 217 84 9
105 270 84 18
129 22 84 4
330 499 84 3
73 245 84 11
210 356 84 12
212 165 84 6
275 369 84 7
385 42 84 14
184 357 84 1
220 28 84 7
201 194 84 9
156 384 84 15
449 229 84 14
183 301 84 17
377 25 84 6
249 237 84 12
291 511 84 9
168 410 84 19
513 46 84 7
204 327 84 7
111 527 84 15
287 197 84 19
547 99 84 9
210 343 84 13
118 234 84 6
443 483 84 10
447 226 84 6
273 393 84 14
139 420 84 14
424 76 84 16
188 186 84 6
270 535 84 15
189 534 84 5
335 258 84 18
297 376 84 10
345 333 84 7
82 295 84 19
329 20 84 12
16 220 84 1
296 96 84 8
355 346 84 9
455 68 84 11
143 256 84 13
53 106 84 16
306 402 84 9
245 199 84 17
119 342 84 10
342 123 84 1
410 201 84 16
413 496 84 7
492 303 84 7
271 210 84 14
99 415 84 4
522 529 84 20
108 287 84 11
70 531 84 2
426 164 84 6
529 20 84 8
166 430 84 14
84 295 84 13
98 301 84 4
519 24 84 13
461 184 84 13
173 220 84 4
537 328 84 1
270 459 84 15
263 337 84 2
50 380 84 14
21 60 84 8
193 205 84 20
374 303 84 4
311 336 84 10
519 249 84 2
109 483 84 2
227 534 84 8
147 256 84 17
51 33 84 17
180 144 84 5
328 165 84 5
359 419 84 20
199 245 84 9
339 8 84 18
18 41 84 11
490 149 84 5
87 438 84 5
11 37 84 15
455 87 84 14
141 328 84 5
268 109 84 10
454 529 84 19
297 242 84 20
20 95 84 2
16 175 84 3
384 117 84 1
141 265 84 18
432 275 84 2
8 244 84 13
163 384 84 10
462 104 84 20
440 72 84 18
289 368 84 7
445 449 84 7
61 526 84 10
326 363 84 10
193 503 84 8
12 449 84 3
477 518 84 11
543 134 84 20
327 48 84 14
344 488 84 17
341 291 84 20
33 188 84 13
428 310 84 3
450 89 84 2
41 343 84 6
505 355 84 18
211 346 84 14
98 341 84 18
492 182 84 6
442 525 84 8
463 381 84 2
366 413 84 10
171 355 84 3
17 257 84 14
162 359 84 15
387 316 84 4
29 526 84 14
126 138 84 5
418 82 84 11
210 38 84 2
67 500 84 17
152 380 84 14
486 4 84 19
98 20 84 5
283 243 84 9
326 145 84 10
237 173 84 14
494 360 84 19
58 230 84 8
351 501 84 14
75 20 84 9
240 233 84 17
271 234 84 9
170 331 84 8
326 129 84 7
292 516 84 12
89 205 84 12
472 213 84 12
446 271 84 1
500 136 84 5
107 272 84 18
274 512 84 7
274 297 84 12
277 466 84 11
423 306 84 2
265 113 84 11
312 201 84 14
470 125 84 3
501 23 84 4
277 38 84 19
6 206 84 20
301 541 84 5
344 268 84 11
73 59 84 13
195 482 84 10
382 261 84 8
53 25 84 20
537 9 84 20
139 25 84 17
74 301 84 20
144 306 84 6
547 121 84 12
306 527 84 17
422 114 84 17
519 370 84 4
375 267 84 4
404 319 84 17
87 308 84 9
503 508 84 1
456 34 84 17
509 239 84 9
281 239 84 15
532 544 84 16
80 480 84 11
172 514 84 12
321 403 84 11
184 259 84 11
133 407 84 5
90 362 84 15
134 333 84 18
477 356 84 18
94 89 84 8
440 136 84 4
280 215 84 17
233 448 84 18
71 284 84 1
113 467 84 1
50 114 84 19
294 203 84 4
14 336 84 2
314 328 84 8
305 421 84 16
50 313 84 16
337 45 84 8
72 339 84 10
382 410 84 4
62 37 84 14
1 87 84 12
346 442 84 10
20 455 84 6
89 221 84 15
27 41 84 2
54 90 84 17
216 488 84 15
170 75 84 6
24 456 84 6
161 33 84 13
279 33 84 20
510 378 84 19
458 459 84 10
257 62 84 4
383 89 84 16
382 142 84 9
270 420 84 11
202 42 84 17
535 65 84 16
182 287 84 1
475 18 84 8
369 42 84 19
96 499 84 6
401 209 84 5
379 106 84 1
398 3 84 13
20 272 84 15
68 474 84 3
252 523 84 10
407 157 84 19
46 147 84 11
327 515 84 13
437 125 84 10
521 525 84 4
120 357 84 17
415 207 84 1
305 226 84 4
191 356 84 9
56 122 84 13
109 528 84 2
448 89 84 3
319 415 84 11
231 304 84 10
157 340 84 7
352 459 84 11
44 388 84 5
347 208 84 18
437 398 84 15
452 516 84 20
443 77 84 14
105 40 84 4
460 420 84 10
235 166 84 2
197 322 84 6
137 126 84 18
432 232 84 11
449 93 84 4
206 529 84 3
318 434 84 15
66 391 84 17
342 495 84 18
159 469 84 8
452 218 84 4
17 415 84 3
467 66 84 1
282 12 84 13
61 522 84 15
532 242 84 20
368 12 84 15
173 78 84 13
116 481 84 19
160 93 84 3
138 59 84 7
282 75 84 13
261 542 84 19
428 338 84 4
341 398 84 3
409 444 84 7
458 264 84 8
455 498 84 7
357 66 84 17
206 287 84 12
38 425 84 1
87 221 84 11
66 543 84 14
109 424 84 4
164 279 84 19
256 140 84 2
42 112 84 7
386 81 84 2
385 437 84 1
255 157 84 3
341 256 84 14
423 343 84 18
95 408 84 1
370 516 84 8
435 195 84 19
412 512 84 15
347 6 84 17
484 453 84 9
86 290 84 17
362 59 84 5
378 399 84 1
395 337 84 2
23 493 84 9
318 378 84 4
488 265 84 11
390 192 84 12
9 538 84 17
224 536 84 2
34 136 84 16
343 13 84 17
200 390 84 14
374 300 84 9
405 384 84 16
234 154 84 15
155 95 84 1
333 484 84 13
474 492 84 12
74 230 84 3
126 326 84 5
529 121 84 5
506 382 84 17
397 208 84 15
138 65 84 8
434 360 84 15
498 30 84 17
404 424 84 4
500 350 84 9
102 423 84 10
302 1 84 18
90 45 84 1
499 65 84 13
203 523 84 4
269 176 84 1
109 62 84 10
102 75 84 8
252 478 84 5
338 430 84 5
430 47 84 3
267 348 84 14
429 499 84 20
165 450 84 1
282 167 84 8
121 435 84 4
87 58 84 20
413 160 84 15
282 473 84 1
90 263 84 7
185 207 84 7
155 536 84 16
188 417 84 6
327 34 84 5
531 377 84 9
225 13 84 2
94 99 84 13
86 26 84 18
91 370 84 13
149 459 84 13
28 96 84 7
15 250 84 3
411 500 84 10
211 279 84 2
460 262 84 17
453 486 84 16
333 94 84 15
270 180 84 6
367 332 84 18
450 480 84 15
311 23 84 13
378 99 84 11
495 510 84 17
481 173 84 6
501 148 84 12
413 53 84 4
336 447 84 15
358 169 84 7
468 50 84 3
399 500 84 15
242 325 84 14
179 217 84 14
428 164 84 1
82 97 84 4
15 113 84 16
271 40 84 9
527 375 84 4
330 248 84 18
312 230 84 15
140 81 84 1
386 322 84 4
230 501 84 6
111 381 84 13
16 463 84 15
94 539 84 12
380 262 84 5
234 303 84 9
533 86 84 19
454 397 84 20
425 537 84 2
409 437 84 2
171 119 84 10
210 292 84 12
413 307 84 11
289 462 84 5
277 295 84 5
242 43 84 6
158 28 84 15
322 482 84 10
167 421 84 20
155 282 84 16
465 452 84 19
242 177 84 15
400 104 84 4
50 392 84 8
238 121 84 8
202 424 84 12
469 34 84 8
335 355 84 8
51 37 84 11
365 191 84 9
83 170 84 15
529 412 84 5
171 326 84 4
182 438 84 6
108 128 84 14
451 392 84 4
228 375 84 16
94 162 84 18
503 275 84 20
238 92 84 11
254 237 84 10
237 218 84 1
458 388 84 11
173 23 84 19
279 192 84 9
20 95 84 8
184 384 84 18
444 539 84 17
511 9 84 15
129 246 84 19
546 15 84 11
101 313 84 6
5 224 84 10
297 396 84 19
540 190 84 20
302 271 84 9
32 517 84 12
136 413 84 14
464 438 84 4
518 19 84 6
179 79 84 15
76 180 84 9
190 246 84 9
207 57 84 2
245 50 84 20
537 413 84 12
438 445 84 10
175 33 84 1
513 496 84 14
251 467 84 8
358 160 84 6
479 236 84 16
365 425 84 18
475 146 84 16
10 453 84 19
281 442 84 3
275 394 84 8
239 83 84 15
129 49 84 19
457 361 84 16
255 171 84 16
256 164 84 8
436 528 84 9
315 517 84 10
312 526 84 20
358 259 84 19
269 49 84 7
140 287 84 3
105 477 84 5
80 386 84 4
37 94 84 9
91 349 84 6
442 238 84 20
185 67 84 14
74 378 84 19
415 250 84 4
165 33 84 2
308 234 84 14
49 338 84 1
384 480 84 7
48 516 84 13
490 59 84 4
2 15 84 14
103 261 84 1
235 335 84 4
346 202 84 1
293 429 84 2
287 251 84 20
21 299 84 19
293 198 84 19
403 307 84 7
60 249 84 10
189 312 84 7
8 414 84 7
502 102 84 10
341 509 84 19
429 316 84 5
64 56 84 2
480 138 84 3
140 492 84 18
340 347 84 18
509 468 84 4
188 109 84 12
6 178 84 15
22 194 84 5
434 534 84 12
15 477 84 1
25 541 84 16
285 535 84 19
296 189 84 6
20 529 84 19
111 5 84 16
389 254 84 10
494 259 84 4
527 280 84 20
114 228 84 15
333 243 84 15
259 267 84 7
302 4 84 2
544 361 84 5
183 442 84 20
231 68 84 13
199 456 84 6
275 464 84 4
44 443 84 7
7 71 84 2
503 404 84 13
443 177 84 20
439 541 84 8
422 52 84 20
108 297 84 12
323 527 84 3
541 178 84 8
466 514 84 9
103 11 84 2
81 79 84 9
348 96 84 7
311 538 84 4
539 491 84 18
348 427 84 15
32 535 84 13
157 310 84 10
412 303 84 5
90 222 84 16
231 324 84 9
330 466 84 16
15 266 84 19
102 91 84 16
428 145 84 15
200 492 84 7
86 38 84 10
205 256 84 19
366 120 84 19
156 209 84 14
522 502 84 20
413 284 84 3
444 298 84 4
508 462 84 17
140 404 84 12
200 57 84 9
201 142 84 7
190 408 84 9
2 226 84 11
55 444 84 18
391 480 84 20
18 408 84 10
110 304 84 15
45 327 84 3
8 466 84 13
177 180 84 5
290 442 84 10
440 146 84 20
360 148 84 6
400 202 84 11
164 108 84 6
490 125 84 20
6 297 84 8
491 403 84 7
280 410 84 17
50 101 84 20
361 390 84 18
390 344 84 18
342 218 84 9
519 71 84 1
107 296 84 8
236 300 84 13
226 368 84 5
34 311 84 12
230 105 84 10
406 155 84 10
152 30 84 12
463 420 84 2
311 276 84 8
306 247 84 13
18 353 84 14
445 103 84 11
450 328 84 16
266 423 84 20
422 167 84 9
17 25 84 16
259 238 84 17
405 154 84 12
347 464 84 1
22 285 84 1
313 364 84 2
477 261 84 1
393 164 84 11
129 429 84 5
175 366 84 15
387 444 84 15
145 218 84 18
541 75 84 20
324 422 84 10
382 443 84 5
139 270 84 17
310 199 84 6
98 44 84 19
214 234 84 16
268 408 84 9
488 248 84 7
123 454 84 2
58 509 84 17
146 285 84 2
151 119 84 16
501 257 84 12
121 81 84 6
1 240 84 10
44 454 84 17
92 236 84 20
506 176 84 6
331 360 84 11
373 418 84 15
489 78 84 9
542 290 84 17
4 244 84 15
345 364 84 20
338 426 84 20
498 531 84 18
282 75 84 18
536 95 84 18
5 425 84 1
536 312 84 7
481 316 84 15
163 310 84 8
510 375 84 1
19 235 84 11
279 25 84 3
170 37 84 7
90 318 84 10
246 369 84 10
29 435 84 3
172 424 84 8
247 419 84 16
462 35 84 9
357 544 84 6
72 78 84 7
150 356 84 9
168 40 84 1
107 130 84 12
182 375 84 20
414 465 84 18
462 90 84 1
398 398 84 3
40 312 84 3
53 183 84 17
440 254 84 12
30 465 84 19
252 85 84 4
511 253 84 10
540 497 84 14
452 363 84 14
313 339 84 9
51 189 84 9
207 290 84 6
459 342 84 9
98 297 84 12
424 388 84 3
11 92 84 14
246 55 84 5
64 109 84 15
379 75 84 13
3 388 84 20
325 500 84 9
498 159 84 1
435 132 84 10
69 229 84 8
19 167 84 6
434 177 84 4
448 485 84 12
167 63 84 15
507 441 84 10
115 444 84 17
123 221 84 5
320 233 84 8
322 120 84 8
180 251 84 13
272 269 84 16
266 155 84 5
351 55 84 5
6 284 84 17
317 243 84 15
217 357 84 3
504 479 84 9
258 314 84 3
170 150 84 20
275 329 84 10
61 115 84 8
14 442 84 11
206 245 84 10
396 313 84 8
40 144 84 8
124 360 84 6
228 378 84 1
5 150 84 14
15 319 84 17
207 108 84 7
163 230 84 7
388 306 84 10
283 26 84 12
294 421 84 3
41 460 84 2
92 98 84 14
14 325 84 11
414 392 84 5
158 406 84 15
50 127 84 20
333 290 84 20
244 130 84 3
535 474 84 13
100 220 84 15
524 260 84 16
544 351 84 12
438 364 84 3
162 293 84 19
97 450 84 2
350 14 84 14
225 408 84 2
391 105 84 17
254 92 84 8
203 253 84 18
26 229 84 4
309 225 84 3
204 177 84 14
485 338 84 19
126 496 84 19
110 360 84 7
282 99 84 16
259 489 84 6
365 257 84 18
459 460 84 3
164 485 84 15
191 308 84 7
83 511 84 12
400 511 84 12
463 89 84 3
489 260 84 7
529 56 84 15
492 314 84 19
496 193 84 8
169 105 84 20
93 268 84 17
246 520 84 17
75 117 84 13
143 517 84 6
62 432 84 3
477 373 84 1
218 417 84 9
58 361 84 2
386 371 84 18
485 539 84 2
497 85 84 15
508 330 84 19
279 466 84 18
76 123 84 16
383 185 84 4
293 176 84 8
462 393 84 19
140 450 84 4
193 350 84 17
438 288 84 6
303 299 84 19
435 259 84 10
54 537 84 18
399 66 84 13
104 510 84 12
364 256 84 17
450 170 84 3
404 309 84 19
172 16 84 13
310 454 84 3
501 271 84 1
292 158 84 15
411 273 84 1
26 125 84 4
249 290 84 9
232 107 84 9
391 9 84 16
457 412 84 8
425 98 84 16
258 407 84 11
378 423 84 14
249 167 84 11
378 92 84 9
12 118 84 16
381 428 84 19
104 174 84 2
144 17 84 16
416 535 84 8
449 413 84 4
497 185 84 2
29 16 84 18
315 264 84 19
336 95 84 10
20 168 84 5
375 1 84 12
472 167 84 11
191 372 84 9
464 240 84 10
117 141 84 3
415 153 84 20
87 243 84 16
181 10 84 3
503 345 84 6
369 426 84 6
415 253 84 6
402 240 84 7
16 492 84 17
194 470 84 14
421 40 84 15
513 516 84 6
304 55 84 18
49 297 84 16
119 314 84 12
345 135 84 12
191 64 84 5
161 466 84 8
298 481 84 3
321 189 84 17
36 62 84 10
16 89 84 5
148 393 84 7
522 441 84 13
483 74 84 1
241 480 84 1
424 185 84 12
437 345 84 15
142 157 84 12
338 477 84 10
457 28 84 4
191 43 84 2
379 191 84 17
197 227 84 16
312 162 84 13
192 464 84 13
269 341 84 13
410 292 84 11
45 434 84 20
161 224 84 10
528 195 84 5
409 386 84 11
378 279 84 10
193 537 84 15
24 301 84 8
476 493 84 2
374 214 84 19
395 138 84 3
337 183 84 2
373 343 84 10
401 385 84 2
456 246 84 9
7 77 84 7
356 331 84 3
447 416 84 8
153 344 84 16
322 233 84 15
346 80 84 11
176 478 84 8
378 365 84 5
380 219 84 6
29 127 84 16
126 195 84 3
15 4 84 16
441 512 84 10
136 117 84 11
322 500 84 10
237 298 84 12
290 536 84 7
39 366 84 6
193 260 84 11
185 288 84 6
422 475 84 20
312 490 84 8
532 445 84 4
73 33 84 14
20 417 84 13
261 106 84 17
34 395 84 10
346 496 84 5
414 203 84 11
276 387 84 2
265 323 84 13
449 87 84 4
212 71 84 5
487 206 84 6
270 287 84 12
67 1 84 9
223 96 84 18
368 442 84 8
392 370 84 3
129 98 84 19
153 363 84 17
166 326 84 5
122 52 84 8
37 539 84 10
531 323 84 17
410 451 84 3
394 126 84 7
287 8 84 6
129 400 84 10
173 43 84 5
118 195 84 1
448 360 84 17
318 543 84 1
320 32 84 19
527 78 84 13
535 487 84 19
544 395 84 5
101 134 84 14
161 262 84 17
43 496 84 13
84 129 84 7
488 91 84 7
246 408 84 6
56 242 84 10
404 221 84 14
527 271 84 1
68 267 84 3
344 429 84 10
80 104 84 16
277 146 84 5
516 291 84 10
464 293 84 15
224 539 84 18
42 47 84 4
439 451 84 16
365 492 84 9
293 75 84 6
67 418 84 17
522 497 84 15
207 226 84 1
449 194 84 19
334 110 84 3
309 395 84 8
145 437 84 18
285 390 84 8
98 269 84 6
181 14 84 17
45 143 84 18
337 117 84 14
247 385 84 9
302 348 84 19
162 134 84 10
253 443 84 8
397 102 84 3
41 386 84 4
196 483 84 13
358 178 84 13
532 222 84 8
91 73 84 7
146 319 84 8
488 73 84 5
476 297 84 9
150 2 84 4
157 461 84 3
176 16 84 4
38 273 84 8
230 84 84 9
435 130 84 6
236 221 84 5
215 428 84 14
31 431 84 19
257 421 84 12
70 24 84 7
386 242 84 10
257 479 84 3
29 516 84 1
283 198 84 2
167 86 84 6
335 383 84 17
514 50 84 20
41 142 84 4
187 399 84 19
83 530 84 5
104 368 84 18
523 140 84 4
472 168 84 8
146 512 84 20
513 131 84 14
524 466 84 17
208 494 84 7
381 534 84 16
438 235 84 3
430 379 84 1
445 482 84 5
154 457 84 18
403 443 84 3
74 104 84 7
5 131 84 19
144 107 84 7
57 314 84 16
80 209 84 19
245 99 84 14
323 528 84 6
321 487 84 19
264 93 84 16
345 11 84 17
109 84 84 12
445 150 84 18
365 294 84 16
203 412 84 6
111 491 84 16
5 189 84 20
134 26 84 18
156 409 84 12
112 125 84 13
40 531 84 3
411 154 84 1
399 52 84 16
518 416 84 4
257 134 84 10
372 244 84 4
86 249 84 10
22 444 84 2
486 52 84 11
343 225 84 2
354 265 84 16
437 128 84 13
56 526 84 2
434 11 84 9
11 268 84 17
61 154 84 17
55 239 84 10
298 322 84 10
20 261 84 2
150 118 84 16
466 471 84 20
219 422 84 2
125 477 84 14
144 426 84 12
93 436 84 17
238 12 84 14
17 66 84 10
168 363 84 5
277 383 84 7
437 47 84 16
336 513 84 16
438 184 84 9
243 370 84 7
27 28 84 6
431 182 84 1
7 419 84 20
346 497 84 7
437 117 84 11
241 455 84 6
367 344 84 10
125 133 84 7
353 85 84 1
455 327 84 4
2 416 84 1
35 299 84 8
504 367 84 15
437 227 84 20
435 117 84 2
311 419 84 20
83 301 84 17
449 425 84 11
233 231 84 2
262 200 84 11
175 201 84 12
177 236 84 20
299 254 84 12
354 144 84 20
420 93 84 7
56 465 84 1
147 1 84 3
96 449 84 12
239 197 84 12
466 520 84 11
49 210 84 14
533 386 84 12
344 199 84 5
522 67 84 7
380 487 84 20
415 542 84 4
384 203 84 7
44 298 84 18
253 51 84 4
144 516 84 9
235 18 84 3
42 65 84 18
145 470 84 7
502 445 84 10
517 339 84 12
78 268 84 10
165 105 84 6
252 210 84 10
302 462 84 10
64 121 84 1
345 355 84 12
350 458 84 7
193 56 84 5
235 72 84 10
406 104 84 1
515 181 84 5
72 345 84 5
441 111 84 11
75 412 84 20
306 537 84 10
21 334 84 3
300 136 84 14
220 329 84 17
63 78 84 16
349 483 84 18
4 451 84 14
473 37 84 7
499 539 84 3
187 128 84 12
461 434 84 16
246 454 84 17
510 269 84 15
137 488 84 1
428 3 84 1
243 414 84 7
224 417 84 8
384 342 84 9
404 293 84 14
48 541 84 14
104 455 84 9
212 215 84 3
106 177 84 16
197 313 84 6
132 193 84 8
206 498 84 5
215 174 84 17
190 10 84 12
263 475 84 2
327 523 84 18
519 79 84 2
112 290 84 11
159 457 84 13
473 169 84 19
181 362 84 19
501 20 84 19
77 296 84 5
132 485 84 14
42 200 84 2
245 42 84 14
441 13 84 9
121 125 84 4
500 283 84 9
86 208 84 16
47 451 84 17
200 404 84 12
365 542 84 12
218 188 84 19
80 230 84 19
479 474 84 12
368 429 84 3
336 2 84 9
46 16 84 16
336 102 84 8
186 210 84 9
396 409 84 11
141 288 84 6
243 20 84 8
220 99 84 3
521 93 84 17
316 460 84 15
124 248 84 2
117 355 84 16
455 144 84 14
453 391 84 14
354 301 84 6
235 503 84 16
110 198 84 12
173 480 84 8
527 515 84 16
260 284 84 9
483 469 84 5
160 100 84 1
400 7 84 15
317 459 84 2
382 327 84 3
369 14 84 16
159 186 84 6
452 358 84 14
421 400 84 6
482 112 84 6
518 110 84 20
316 331 84 5
530 245 84 7
341 15 84 7
56 396 84 19
72 279 84 19
106 437 84 11
337 342 84 14
500 277 84 11
83 274 84 10
12 244 84 16
408 74 84 18
419 56 84 5
375 458 84 9
366 514 84 4
74 100 84 19
467 205 84 7
436 541 84 2
340 493 84 11
33 91 84 2
509 102 84 3
547 24 84 18
369 443 84 12
435 332 84 6
30 150 84 15
505 285 84 5
288 205 84 6
446 155 84 1
460 494 84 9
204 42 84 17
282 65 84 14
57 65 84 20
513 495 84 6
478 444 84 15
416 473 84 1
319 492 84 2
322 232 84 1
45 131 84 16
308 43 84 3
93 308 84 14
516 43 84 18
492 161 84 1
69 126 84 9
26 119 84 18
438 534 84 16
452 305 84 18
204 80 84 14
283 186 84 7
455 493 84 2
151 100 84 16
434 68 84 16
297 75 84 12
224 143 84 6
160 231 84 8
477 121 84 12
234 26 84 8
482 291 84 9
415 26 84 12
539 543 84 9
159 146 84 9
87 94 84 11
180 391 84 18
372 129 84 13
266 289 84 8
278 280 84 9
338 514 84 9
217 510 84 17
176 439 84 6
381 431 84 2
532 42 84 20
297 190 84 1
129 370 84 7
98 256 84 6
209 36 84 17
65 375 84 9
41 165 84 10
43 381 84 9
396 71 84 6
228 452 84 1
55 498 84 7
27 247 84 6
155 437 84 19
125 49 84 5
224 319 84 5
126 383 84 2
308 486 84 11
517 43 84 8
142 438 84 16
206 119 84 4
152 173 84 4
202 262 84 16
504 416 84 11
80 540 84 17
521 279 84 16
449 466 84 17
267 288 84 2
248 258 84 7
125 399 84 1
73 119 84 12
471 333 84 9
335 49 84 16
506 5 84 13
82 147 84 19
254 182 84 18
259 145 84 6
161 411 84 17
2 112 84 11
431 298 84 12
266 370 84 3
219 356 84 19
407 205 84 18
308 163 84 19
78 307 84 7
387 75 84 3
489 333 84 7
24 8 84 14
394 9 84 5
474 502 84 7
468 220 84 9
33 439 84 1
477 298 84 11
484 120 84 6
11 197 84 17
231 36 84 12
85 39 84 18
84 63 84 12
8 518 84 14
43 445 84 16
437 365 84 14
107 397 84 10
132 388 84 17
423 386 84 2
330 397 84 7
57 80 84 20
344 227 84 4
539 310 84 11
133 317 84 9
345 421 84 9
510 372 84 6
410 479 84 10
201 125 84 11
289 63 84 19
12 392 84 19
540 448 84 13
9 306 84 12
64 298 84 14
243 492 84 12
455 351 84 10
16 376 84 19
489 238 84 6
387 439 84 11
126 242 84 5
312 315 84 13
409 307 84 16
100 316 84 12
18 379 84 4
244 137 84 3
302 106 84 1
294 121 84 7
49 124 84 14
406 511 84 2
341 151 84 19
337 524 84 20
240 385 84 5
43 484 84 19
213 501 84 17
196 260 84 16
123 14 84 9
462 307 84 16
83 418 84 4
488 276 84 9
237 131 84 18
227 468 84 5
532 222 84 20
50 264 84 19
429 538 84 15
155 186 84 12
79 370 84 18
108 347 84 18
258 429 84 11
46 369 84 2
406 120 84 20
431 346 84 3
370 331 84 3
208 380 84 7
44 323 84 7
381 540 84 9
492 71 84 17
131 179 84 10
139 498 84 19
16 58 84 17
293 525 84 17
92 408 84 1
481 292 84 5
483 499 84 17
262 57 84 4
94 500 84 13
174 506 84 11
138 90 84 15
386 290 84 16
92 367 84 5
228 113 84 10
483 266 84 12
536 199 84 3
373 196 84 6
165 520 84 20
218 128 84 2
325 301 84 19
503 438 84 13
373 338 84 1
194 491 84 18
133 171 84 12
112 168 84 3
497 157 84 17
142 44 84 6
346 208 84 19
60 426 84 10
273 203 84 13
445 220 84 10
282 46 84 8
409 239 84 11
355 433 84 1
475 59 84 12
375 9 84 18
473 212 84 11
282 10 84 20
63 132 84 19
34 404 84 20
305 363 84 15
528 98 84 1
542 21 84 2
15 375 84 2
267 364 84 16
77 191 84 14
168 178 84 11
239 460 84 12
33 37 84 9
252 70 84 15
189 436 84 15
407 417 84 7
123 473 84 11
139 487 84 16
102 268 84 1
124 407 84 12
216 27 84 14
519 265 84 15
347 298 84 1
305 64 84 7
182 314 84 11
484 173 84 8
397 357 84 13
331 10 84 19
91 174 84 8
277 297 84 2
105 513 84 19
173 546 84 1
153 345 84 16
232 165 84 18
442 408 84 1
540 406 84 5
508 256 84 16
463 39 84 1
357 191 84 8
34 467 84 4
117 87 84 7
164 259 84 15
53 474 84 10
238 220 84 2
487 114 84 13
503 168 84 12
268 128 84 3
389 105 84 12
520 524 84 3
339 10 84 7
393 127 84 1
535 352 84 6
129 466 84 15
68 157 84 5
232 96 84 10
319 113 84 12
265 380 84 12
527 222 84 20
281 256 84 8
287 48 84 15
212 502 84 1
224 489 84 16
9 71 84 2
329 200 84 5
321 493 84 14
488 327 84 19
337 106 84 6
314 147 84 20
458 427 84 5
515 228 84 19
159 440 84 14
476 116 84 8
175 124 84 20
277 452 84 19
50 287 84 7
465 289 84 15
508 78 84 19
384 392 84 9
542 302 84 10
347 331 84 2
323 5 84 5
191 542 84 19
63 169 84 1
66 507 84 5
269 9 84 15
541 536 84 12
45 496 84 8
201 332 84 5
503 327 84 3
262 188 84 1
187 511 84 14
3 154 84 14
544 278 84 15
113 344 84 4
196 127 84 19
79 120 84 19
251 226 84 2
438 426 84 12
46 443 84 14
17 158 84 20
318 406 84 11
77 470 84 8
439 466 84 12
360 94 84 5
303 351 84 14
317 429 84 9
318 132 84 4
206 84 84 9
488 191 84 20
1 207 84 11
311 525 84 11
37 116 84 17
526 7 84 18
260 428 84 4
337 246 84 3
55 77 84 18
439 394 84 11
16 53 84 11
18 55 84 16
524 117 84 6
156 428 84 4
130 526 84 4
89 504 84 19
29 278 84 3
61 67 84 4
444 121 84 8
223 74 84 6
195 151 84 10
313 230 84 4
75 207 84 9
105 424 84 9
174 68 84 2
358 219 84 6
125 247 84 14
257 307 84 20
212 265 84 7
242 2 84 17
57 259 84 3
48 24 84 3
93 160 84 10
317 326 84 14
420 14 84 18
502 433 84 9
118 10 84 17
496 329 84 5
455 540 84 17
50 234 84 20
266 353 84 6
147 400 84 17
195 8 84 7
27 324 84 3
219 196 84 10
541 213 84 13
534 330 84 20
288 340 84 3
349 309 84 17
127 359 84 14
453 139 84 6
6 285 84 6
129 479 84 18
473 505 84 18
111 239 84 19
310 294 84 1
394 281 84 10
487 83 84 19
362 431 84 19
290 10 84 9
452 525 84 13
481 45 84 5
363 235 84 20
313 160 84 6
102 333 84 10
148 95 84 9
468 3 84 14
23 489 84 1
526 303 84 16
181 108 84 13
319 12 84 17
532 493 84 1
545 370 84 13
4 197 84 20
514 360 84 15
231 507 84 8
303 489 84 3
108 511 84 19
542 489 84 12
375 185 84 17
218 503 84 7
37 2 84 12
510 546 84 5
122 64 84 8
441 31 84 5
60 323 84 20
382 78 84 11
159 247 84 9
487 303 84 2
23 131 84 14
213 410 84 9
476 508 84 4
200 470 84 14
292 45 84 20
34 547 84 18
136 60 84 18
259 503 84 16
323 177 84 1
413 116 84 9
445 200 84 20
113 412 84 6
346 402 84 16
518 54 84 1
265 346 84 3
76 441 84 17
464 29 84 20
142 349 84 15
506 187 84 13
84 52 84 20
450 496 84 11
522 124 84 2
457 469 84 12
352 501 84 19
169 218 84 5
93 356 84 17
16 334 84 6
60 476 84 13
121 496 84 11
359 33 84 4
226 544 84 11
293 33 84 4
223 489 84 20
132 293 84 6
95 462 84 7
402 7 84 15
180 84 84 15
534 143 84 15
204 263 84 10
60 74 84 5
29 300 84 8
9 45 84 19
112 329 84 14
136 461 84 2
175 8 84 14
494 471 84 1
73 104 84 15
533 152 84 11
436 355 84 19
350 414 84 9
295 504 84 15
361 513 84 8
397 77 84 1
374 275 84 6
159 511 84 13
405 457 84 19
172 45 84 19
22 30 84 19
14 528 84 3
331 330 84 13
236 139 84 4
502 499 84 15
327 410 84 13
480 237 84 4
124 457 84 9
321 315 84 12
504 486 84 2
305 508 84 17
257 36 84 8
78 428 84 12
374 178 84 14
80 194 84 4
359 520 84 10
168 515 84 16
313 91 84 3
422 411 84 5
502 368 84 6
79 187 84 7
294 444 84 18
490 36 84 3
529 410 84 8
222 4 84 9
414 362 84 3
530 530 84 4
335 295 84 17
111 231 84 7
202 185 84 7
231 325 84 19
282 72 84 2
430 76 84 18
459 119 84 2
181 341 84 18
158 269 84 8
45 251 84 17
509 100 84 12
453 210 84 20
323 411 84 14
75 156 84 13
14 437 84 19
395 382 84 7
327 355 84 1
183 535 84 5
42 207 84 11
263 252 84 12
527 275 84 11
54 242 84 14
421 18 84 7
425 154 84 13
206 167 84 12
183 77 84 20
172 465 84 11
342 101 84 14
305 204 84 15
51 528 84 10
47 508 84 2
142 76 84 20
24 496 84 9
316 373 84 15
216 94 84 2
68 276 84 10
363 509 84 16
404 304 84 6
494 123 84 17
305 174 84 3
368 220 84 14
157 424 84 17
188 447 84 18
298 215 84 20
77 492 84 10
84 75 84 3
167 437 84 1
229 355 84 13
454 363 84 3
335 121 84 4
196 488 84 15
80 159 84 7
101 347 84 17
70 159 84 19
474 297 84 6
424 380 84 12
164 61 84 12
413 290 84 2
541 258 84 13
183 107 84 13
122 302 84 7
281 443 84 13
377 543 84 13
373 128 84 11
97 54 84 11
375 478 84 16
180 156 84 5
484 21 84 16
48 15 84 15
459 259 84 10
21 443 84 3
69 176 84 1
276 67 84 18
344 439 84 13
24 51 84 17
62 425 84 10
479 120 84 14
472 56 84 3
207 103 84 8
261 76 84 3
421 96 84 12
336 227 84 9
270 502 84 5
199 299 84 15
318 384 84 7
428 507 84 10
45 438 84 14
302 363 84 19
157 84 84 2
26 345 84 3
216 218 84 20
362 68 84 18
75 337 84 9
463 51 84 10
257 368 84 11
102 310 84 2
433 416 84 11
336 170 84 9
294 389 84 7
478 414 84 16
128 144 84 9
545 506 84 11
32 95 84 12
83 72 84 8
493 328 84 16
193 491 84 12
398 376 84 5
71 164 84 20
106 519 84 20
225 449 84 4
140 92 84 13
335 89 84 20
51 183 84 13
165 327 84 12
391 272 84 20
499 526 84 14
369 439 84 17
107 509 84 20
76 68 84 7
434 292 84 13
235 493 84 18
179 281 84 17
144 393 84 2
264 72 84 10
456 462 84 14
490 413 84 6
529 296 84 14
335 402 84 12
367 477 84 9
432 425 84 19
336 174 84 14
456 353 84 17
55 11 84 15
507 274 84 15
191 244 84 8
208 248 84 9
204 230 84 9
153 79 84 12
126 445 84 9
165 329 84 1
11 180 84 9
349 88 84 19
482 204 84 18
460 225 84 11
24 415 84 12
111 137 84 18
63 341 84 5
310 8 84 17
473 133 84 19
80 298 84 15
112 308 84 11
380 171 84 4
452 105 84 2
50 79 84 6
468 102 84 9
35 212 84 5
459 336 84 10
18 160 84 17
265 85 84 11
409 164 84 11
396 338 84 4
140 232 84 7
517 198 84 8
66 247 84 9
447 229 84 8
149 264 84 12
49 237 84 9
289 255 84 11
536 519 84 5
431 442 84 15
76 352 84 2
90 491 84 6
274 461 84 14
15 41 84 6
443 487 84 6
425 150 84 20
195 198 84 13
300 486 84 14
17 537 84 15
427 482 84 2
454 11 84 14
394 162 84 16
19 436 84 17
450 512 84 6
95 408 84 13
516 347 84 13
168 542 84 16
57 356 84 17
261 373 84 14
499 252 84 1
83 220 84 7
19 129 84 7
446 147 84 8
362 111 84 17
319 205 84 5
215 236 84 7
322 403 84 19
142 459 84 9
448 235 84 18
195 186 84 10
486 268 84 13
302 287 84 7
280 247 84 10
269 61 84 15
161 379 84 11
522 108 84 12
198 492 84 9
414 86 84 5
501 533 84 7
475 243 84 17
154 243 84 13
114 545 84 3
202 339 84 19
498 60 84 5
419 283 84 20
59 257 84 6
420 516 84 17
151 445 84 12
402 398 84 14
341 326 84 18
526 541 84 8
432 107 84 1
139 370 84 4
92 382 84 12
230 315 84 6
199 373 84 10
337 307 84 1
482 457 84 7
165 374 84 20
504 167 84 16
477 145 84 5
207 92 84 11
543 230 84 8
123 384 84 9
309 66 84 16
293 326 84 11
48 115 84 19
318 111 84 18
1 275 84 14
81 232 84 5
1 223 84 16
461 491 84 14
57 486 84 17
22 61 84 8
368 431 84 3
481 238 84 9
481 347 84 4
241 180 84 3
520 180 84 11
15 322 84 20
286 322 84 8
216 297 84 18
237 353 84 6
2 374 84 19
151 256 84 8
364 251 84 20
418 184 84 18
39 487 84 20
317 459 84 4
447 535 84 1
261 335 84 6
359 65 84 11
400 363 84 10
441 365 84 10
542 30 84 19
104 393 84 4
388 325 84 8
533 425 84 20
373 257 84 18
329 156 84 15
122 417 84 1
297 228 84 17
160 81 84 2
498 521 84 19
116 31 84 8
535 134 84 3
173 36 84 14
541 83 84 14
363 517 84 7
158 361 84 15
2 482 84 12
243 231 84 9
2 452 84 16
123 403 84 18
123 33 84 4
152 82 84 2
88 254 84 3
411 309 84 12
65 186 84 6
521 405 84 3
39 407 84 16
520 102 84 14
197 103 84 9
15 287 84 9
354 409 84 4
300 75 84 16
379 225 84 6
8 150 84 15
329 214 84 20
72 250 84 20
175 288 84 7
274 323 84 17
118 34 84 5
414 48 84 6
80 464 84 4
387 278 84 8
229 110 84 3
386 179 84 10
366 507 84 8
532 93 84 2
9 267 84 18
500 55 84 8
546 173 84 20
272 101 84 14
284 181 84 6
281 82 84 19
291 372 84 15
102 210 84 20
1 91 84 20
237 75 84 18
175 83 84 18
400 36 84 5
463 96 84 19
11 429 84 8
278 227 84 13
461 508 84 17
375 251 84 6
459 415 84 19
175 415 84 9
460 166 84 19
290 340 84 6
448 192 84 11
176 169 84 18
76 242 84 17
77 519 84 11
319 495 84 17
158 322 84 18
369 295 84 11
242 532 84 6
267 506 84 2
366 248 84 8
63 210 84 5
342 386 84 10
232 461 84 13
488 537 84 19
485 371 84 2
443 43 84 12
166 411 84 16
303 105 84 20
369 433 84 8
53 252 84 17
138 376 84 4
414 171 84 6
374 402 84 1
28 404 84 7
263 403 84 18
382 360 84 10
400 40 84 19
165 342 84 17
461 225 84 10
230 339 84 10
246 476 84 2
471 405 84 7
50 231 84 3
27 321 84 6
117 36 84 2
93 479 84 5
111 331 84 14
477 495 84 13
463 470 84 17
397 152 84 17
96 397 84 10
109 383 84 14
416 432 84 10
30 520 84 1
109 151 84 14
44 243 84 14
400 353 84 6
248 345 84 19
438 322 84 18
368 233 84 20
89 329 84 11
347 499 84 13
463 368 84 16
262 397 84 8
443 21 84 11
174 64 84 12
383 463 84 18
376 163 84 5
379 116 84 17
304 545 84 2
380 148 84 3
368 494 84 13
253 409 84 9
22 185 84 1
372 142 84 7
326 377 84 8
37 213 84 12
162 103 84 13
147 481 84 14
453 299 84 20
444 132 84 19
217 14 84 12
3 267 84 2
156 350 84 20
282 175 84 20
367 15 84 1
29 51 84 2
216 274 84 16
