300 100
51 99 36 9
88 65 36 1
146 99 36 6
34 50 36 14
61 82 36 14
102 88 36 1
95 78 36 14
76 102 36 10
27 59 36 7
13 22 36 15
150 25 36 8
69 112 36 5
10 36 36 14
148 21 36 1
117 81 36 1
95 135 36 16
85 56 36 9
11 83 36 11
162 110 36 5
154 74 36 5
157 2 36 2
85 70 36 15
29 32 36 5
72 6 36 12
163 122 36 8
115 168 36 2
154 80 36 10
97 90 36 9
93 78 36 8
147 11 36 7
2 167 36 15
5 79 36 10
120 59 36 11
48 130 36 4
122 72 36 6
104 138 36 20
46 71 36 9
121 119 36 2
153 39 36 14
25 12 36 18
18 138 36 20
89 143 36 20
57 41 36 2
56 88 36 10
12 37 36 14
90 92 36 10
114 137 36 20
44 36 36 16
15 15 36 1
64 39 36 15
123 8 36 9
128 97 36 2
37 153 36 12
130 161 36 4
7 172 36 8
79 40 36 12
116 105 36 9
2 100 36 10
7 115 36 13
49 5 36 15
55 128 36 16
151 82 36 20
90 70 36 16
22 27 36 13
166 158 36 6
173 15 36 6
98 83 36 18
63 84 36 4
112 42 36 4
128 43 36 3
134 97 36 7
99 74 36 7
161 116 36 3
154 89 36 19
86 81 36 5
16 32 36 14
159 81 36 8
13 143 36 18
14 82 36 18
81 161 36 2
152 121 36 16
130 46 36 7
140 158 36 10
172 90 36 16
9 2 36 12
3 143 36 13
12 80 36 2
54 92 36 8
7 57 36 11
127 137 36 12
163 68 36 17
27 149 36 5
138 67 36 5
142 66 36 14
14 26 36 2
138 29 36 1
73 165 36 12
135 45 36 18
119 52 36 8
11 5 36 11
63 119 36 8
14 98 36 14
136 14 36 7
117 107 36 2
139 120 36 17
115 37 36 7
12 109 36 14
37 70 36 17
105 16 36 6
8 151 36 18
173 41 36 15
59 6 36 15
93 141 36 17
146 36 36 6
42 127 36 11
137 20 36 14
87 32 36 8
153 68 36 6
91 124 36 16
79 83 36 8
24 83 36 4
39 141 36 20
151 13 36 6
103 110 36 12
161 151 36 17
118 67 36 10
159 105 36 2
87 85 36 17
37 2 36 12
1 32 36 14
116 55 36 18
50 93 36 7
115 70 36 9
147 124 36 19
166 112 36 10
139 56 36 15
83 167 36 16
106 80 36 17
148 68 36 19
44 69 36 15
70 136 36 16
83 138 36 2
111 79 36 5
103 4 36 7
156 121 36 7
61 38 36 3
158 120 36 11
138 52 36 10
77 151 36 7
94 146 36 8
17 168 36 8
72 77 36 3
47 139 36 4
43 68 36 16
37 2 36 11
47 14 36 16
160 171 36 14
45 87 36 12
134 163 36 20
118 35 36 7
170 4 36 20
137 75 36 16
115 121 36 13
76 163 36 19
39 152 36 12
123 25 36 14
24 136 36 18
44 132 36 1
19 44 36 9
145 114 36 14
71 62 36 17
115 25 36 17
111 92 36 5
23 167 36 19
128 32 36 7
108 107 36 15
54 82 36 17
123 77 36 15
105 95 36 19
76 67 36 18
159 89 36 19
120 30 36 3
108 92 36 19
168 115 36 15
169 69 36 2
101 128 36 7
56 9 36 13
51 83 36 5
3 14 36 15
172 41 36 13
60 27 36 14
58 98 36 9
157 32 36 7
49 151 36 11
59 99 36 8
52 26 36 13
104 81 36 12
111 131 36 2
22 86 36 7
152 84 36 4
2 144 36 17
113 153 36 14
80 88 36 13
91 136 36 8
43 146 36 19
15 149 36 4
115 79 36 10
49 142 36 12
18 163 36 6
172 141 36 10
146 142 36 4
21 33 36 7
119 64 36 1
75 155 36 16
133 149 36 6
69 164 36 12
77 105 36 6
118 105 36 7
69 122 36 12
104 73 36 15
2 45 36 16
168 18 36 4
140 136 36 3
26 162 36 12
124 73 36 13
21 141 36 12
19 170 36 6
95 114 36 14
91 134 36 11
76 17 36 6
153 18 36 10
150 138 36 20
6 104 36 13
50 82 36 1
124 32 36 12
125 5 36 11
116 23 36 7
38 69 36 9
64 159 36 7
164 13 36 16
115 117 36 9
111 93 36 8
75 50 36 19
2 99 36 7
166 1 36 3
57 77 36 7
41 144 36 7
68 8 36 12
113 24 36 20
119 139 36 10
140 81 36 8
131 143 36 1
38 44 36 12
97 170 36 3
15 163 36 7
90 46 36 10
169 86 36 13
49 106 36 11
170 45 36 19
103 115 36 19
48 34 36 3
61 164 36 5
118 29 36 16
51 77 36 18
35 43 36 2
144 85 36 11
108 32 36 17
91 33 36 5
159 29 36 7
28 132 36 19
36 131 36 7
76 19 36 19
85 88 36 3
138 139 36 9
139 125 36 4
4 95 36 9
164 29 36 14
64 72 36 14
69 9 36 12
23 36 36 18
139 24 36 9
67 99 36 17
110 11 36 2
134 100 36 6
60 65 36 20
154 20 36 2
111 10 36 5
52 74 36 10
72 94 36 3
73 116 36 11
32 33 36 11
122 99 36 17
8 161 36 18
107 121 36 17
171 7 36 15
13 113 36 1
74 50 36 18
164 101 36 1
103 125 36 18
51 24 36 13
