3000 750
217 485 48 16
88 274 48 17
278 123 48 15
153 173 48 2
130 377 48 15
351 247 48 8
450 196 48 13
274 448 48 12
254 541 48 12
541 543 48 16
243 274 48 12
47 423 48 1
36 153 48 17
406 367 48 6
193 11 48 5
488 362 48 4
46 326 48 20
251 52 48 13
533 367 48 3
246 360 48 5
382 117 48 16
517 163 48 13
379 260 48 7
425 118 48 19
96 311 48 13
205 313 48 20
137 358 48 20
202 124 48 3
230 171 48 18
250 417 48 10
328 251 48 8
131 283 48 1
419 114 48 11
313 538 48 6
88 148 48 18
482 414 48 9
206 3 48 20
254 204 48 6
354 433 48 6
336 198 48 4
192 525 48 7
164 108 48 5
299 527 48 11
209 354 48 1
174 441 48 20
511 437 48 16
66 95 48 8
41 349 48 19
139 217 48 11
470 5 48 5
60 258 48 18
25 422 48 17
272 235 48 15
85 443 48 18
497 69 48 16
509 94 48 2
511 222 48 6
453 324 48 13
176 463 48 13
331 447 48 6
136 506 48 3
527 46 48 2
540 317 48 7
533 402 48 6
331 351 48 6
85 375 48 6
275 400 48 1
74 306 48 14
222 543 48 11
39 326 48 17
469 523 48 8
125 17 48 1
202 9 48 8
514 541 48 4
174 325 48 17
26 409 48 17
519 198 48 19
139 271 48 11
145 7 48 7
127 107 48 1
9 91 48 13
458 215 48 8
405 417 48 15
121 383 48 7
363 71 48 15
408 96 48 2
342 68 48 9
128 268 48 6
282 474 48 12
430 116 48 5
419 124 48 5
382 34 48 6
362 500 48 2
350 135 48 11
393 497 48 6
276 357 48 5
19 213 48 4
22 341 48 3
357 137 48 17
89 19 48 19
52 437 48 18
43 272 48 1
249 148 48 8
385 12 48 18
357 404 48 8
398 194 48 8
50 213 48 12
316 296 48 1
365 105 48 2
402 255 48 1
492 307 48 8
282 349 48 18
105 112 48 7
427 497 48 1
398 306 48 18
319 218 48 6
112 268 48 1
117 98 48 20
462 524 48 4
458 378 48 8
472 384 48 17
438 118 48 15
190 222 48 10
89 163 48 1
484 14 48 2
313 332 48 7
397 443 48 3
84 12 48 13
128 535 48 9
338 507 48 9
193 494 48 1
355 384 48 4
380 27 48 8
31 177 48 18
117 176 48 5
22 488 48 8
207 337 48 1
174 482 48 1
239 124 48 6
342 461 48 19
275 168 48 11
45 37 48 1
57 478 48 7
290 509 48 7
138 78 48 12
62 161 48 12
317 430 48 12
529 118 48 4
268 356 48 7
542 150 48 4
290 487 48 2
531 46 48 11
123 102 48 7
351 453 48 17
146 44 48 5
178 167 48 13
212 483 48 18
35 526 48 2
463 247 48 11
467 303 48 19
508 107 48 12
107 152 48 6
352 274 48 7
528 77 48 12
179 284 48 17
455 523 48 3
468 187 48 1
363 283 48 19
375 260 48 6
258 241 48 7
353 201 48 16
386 370 48 11
527 174 48 17
223 216 48 19
371 457 48 17
77 426 48 20
496 346 48 5
365 161 48 9
212 50 48 13
368 370 48 17
340 175 48 18
419 75 48 8
163 55 48 9
181 277 48 9
338 162 48 3
293 238 48 8
285 186 48 8
464 3 48 8
441 276 48 9
130 96 48 6
59 498 48 13
189 369 48 18
203 531 48 1
391 227 48 13
309 79 48 13
198 433 48 1
512 170 48 15
77 87 48 11
411 527 48 15
309 171 48 6
30 229 48 9
533 480 48 12
17 135 48 5
164 40 48 5
102 410 48 2
201 60 48 12
537 24 48 15
511 162 48 6
64 25 48 14
440 396 48 11
364 487 48 13
300 472 48 2
57 4 48 1
406 229 48 13
497 331 48 4
56 531 48 18
110 521 48 4
333 546 48 7
95 63 48 8
507 502 48 14
480 380 48 15
196 132 48 11
454 250 48 20
299 170 48 6
183 119 48 12
539 237 48 18
408 346 48 9
362 193 48 7
539 349 48 5
194 308 48 6
306 302 48 11
357 12 48 4
395 465 48 12
497 216 48 15
281 461 48 11
395 452 48 4
8 312 48 14
140 188 48 7
271 180 48 20
41 435 48 18
250 194 48 11
353 65 48 11
102 459 48 13
100 471 48 19
268 204 48 11
69 52 48 4
168 59 48 6
65 260 48 2
216 46 48 5
168 86 48 18
427 336 48 11
502 203 48 2
103 367 48 20
169 466 48 6
451 248 48 9
160 378 48 7
259 545 48 10
247 124 48 6
422 339 48 14
229 506 48 18
47 447 48 14
544 401 48 12
73 19 48 16
122 187 48 9
95 90 48 4
271 250 48 13
13 23 48 1
422 269 48 11
543 143 48 11
225 433 48 10
477 480 48 7
32 538 48 14
460 63 48 12
99 246 48 1
265 340 48 5
255 63 48 1
14 137 48 8
442 11 48 9
446 69 48 7
241 293 48 8
57 284 48 8
320 377 48 18
498 289 48 3
147 387 48 2
529 166 48 14
516 421 48 17
267 496 48 7
41 452 48 11
145 350 48 20
453 106 48 3
100 162 48 1
350 543 48 7
528 493 48 13
283 154 48 5
346 136 48 13
139 166 48 19
56 495 48 15
172 50 48 7
237 256 48 15
431 161 48 19
433 323 48 12
108 125 48 19
222 168 48 19
77 512 48 9
380 310 48 3
302 510 48 13
159 81 48 14
27 252 48 10
284 3 48 5
467 496 48 1
147 381 48 2
50 3 48 3
495 286 48 20
463 362 48 19
523 195 48 19
232 11 48 7
169 232 48 17
53 258 48 19
48 56 48 10
298 522 48 15
224 121 48 12
533 232 48 6
420 242 48 6
536 157 48 2
70 132 48 13
522 426 48 11
389 47 48 3
399 162 48 15
175 271 48 5
500 84 48 20
227 307 48 5
333 354 48 13
504 227 48 13
414 277 48 15
200 346 48 17
242 320 48 20
294 224 48 20
93 75 48 11
86 249 48 2
197 201 48 20
344 427 48 14
64 275 48 17
16 293 48 4
271 221 48 14
136 420 48 4
194 176 48 18
192 532 48 9
236 77 48 18
19 224 48 11
10 482 48 13
208 278 48 8
165 342 48 6
475 357 48 8
527 81 48 17
370 278 48 16
11 533 48 19
519 177 48 7
218 474 48 15
538 492 48 5
74 16 48 7
358 223 48 18
98 387 48 4
112 377 48 9
418 418 48 4
398 240 48 16
375 250 48 9
527 284 48 6
116 16 48 14
328 7 48 17
216 142 48 6
101 14 48 14
264 111 48 20
220 222 48 2
533 155 48 15
503 67 48 4
203 441 48 13
497 420 48 10
420 535 48 3
270 377 48 2
126 108 48 17
482 208 48 11
91 471 48 5
87 206 48 2
458 191 48 11
215 209 48 20
272 473 48 3
94 423 48 4
199 295 48 7
382 17 48 8
23 204 48 2
415 201 48 7
274 291 48 10
243 377 48 1
10 350 48 12
417 79 48 15
343 350 48 1
224 444 48 9
525 157 48 16
391 53 48 5
24 76 48 2
373 5 48 6
382 340 48 10
315 97 48 4
515 107 48 19
421 523 48 13
49 318 48 2
88 56 48 17
64 96 48 19
397 486 48 12
199 509 48 8
204 334 48 3
472 168 48 5
421 545 48 12
323 27 48 19
513 509 48 16
295 11 48 14
489 160 48 8
32 286 48 8
341 135 48 13
155 395 48 10
106 113 48 4
123 37 48 9
480 457 48 7
387 233 48 6
461 260 48 12
511 69 48 9
392 11 48 9
329 42 48 19
361 444 48 19
331 113 48 13
324 280 48 10
103 465 48 9
174 397 48 9
241 298 48 15
335 274 48 5
453 237 48 8
157 81 48 20
21 410 48 1
170 223 48 11
30 69 48 7
284 392 48 2
166 10 48 5
22 183 48 12
396 423 48 4
33 273 48 14
475 240 48 14
439 396 48 13
413 417 48 15
6 101 48 11
104 193 48 20
252 538 48 15
195 156 48 8
117 239 48 11
436 88 48 19
20 120 48 16
424 47 48 18
32 1 48 9
267 475 48 2
427 480 48 15
262 36 48 5
227 350 48 8
98 59 48 11
464 238 48 16
526 126 48 17
41 145 48 4
313 83 48 2
339 114 48 9
276 442 48 12
143 321 48 17
111 97 48 12
333 385 48 17
61 483 48 1
491 399 48 11
65 439 48 19
336 480 48 8
240 307 48 11
253 161 48 5
266 498 48 2
207 93 48 6
204 266 48 1
236 113 48 16
133 235 48 16
150 178 48 1
404 243 48 9
298 93 48 3
336 332 48 18
518 38 48 18
328 365 48 16
32 86 48 5
57 289 48 20
303 40 48 5
324 172 48 10
280 383 48 19
149 301 48 14
518 51 48 4
335 386 48 4
458 418 48 20
194 198 48 20
489 229 48 2
391 348 48 16
12 103 48 4
354 488 48 3
383 220 48 5
43 430 48 20
7 400 48 18
125 187 48 18
28 159 48 10
514 352 48 10
333 355 48 11
300 199 48 19
493 210 48 2
240 78 48 19
220 460 48 5
35 503 48 8
150 24 48 1
377 149 48 5
442 176 48 19
377 204 48 10
24 52 48 15
446 351 48 1
184 358 48 16
85 50 48 16
474 331 48 14
49 365 48 5
539 514 48 18
458 343 48 3
16 299 48 16
342 128 48 8
473 151 48 7
473 111 48 18
186 294 48 4
108 441 48 12
169 367 48 4
142 477 48 4
133 468 48 3
209 440 48 18
433 456 48 6
409 312 48 8
41 237 48 13
272 224 48 12
367 409 48 14
335 516 48 2
351 199 48 18
213 341 48 7
376 473 48 7
83 134 48 20
193 81 48 1
55 489 48 8
43 529 48 4
244 315 48 1
70 197 48 5
189 531 48 17
202 396 48 6
157 61 48 4
42 499 48 20
395 96 48 11
155 350 48 19
432 404 48 3
473 447 48 6
266 205 48 12
283 274 48 13
161 462 48 17
69 178 48 15
176 397 48 12
138 438 48 10
25 347 48 8
169 16 48 11
331 509 48 18
496 497 48 7
158 215 48 11
134 497 48 1
368 110 48 10
38 241 48 1
165 478 48 6
415 69 48 7
131 155 48 8
4 324 48 14
165 169 48 3
244 180 48 9
284 337 48 7
528 532 48 3
13 352 48 7
21 389 48 9
269 68 48 2
366 545 48 20
416 128 48 6
327 194 48 7
253 420 48 17
141 116 48 13
525 461 48 5
92 503 48 12
217 515 48 10
513 50 48 3
503 381 48 5
423 261 48 12
411 129 48 1
68 517 48 10
111 223 48 2
322 425 48 6
227 465 48 8
468 9 48 10
208 287 48 12
299 252 48 3
293 207 48 4
416 144 48 12
537 7 48 4
300 137 48 9
256 309 48 3
146 145 48 16
151 371 48 9
131 353 48 20
66 75 48 3
515 435 48 13
528 180 48 1
437 110 48 18
544 99 48 13
356 460 48 13
138 230 48 16
142 375 48 6
86 40 48 19
431 170 48 19
362 235 48 17
31 264 48 14
14 245 48 12
266 196 48 16
52 192 48 8
515 62 48 10
83 200 48 17
505 341 48 16
40 488 48 18
491 372 48 16
325 248 48 5
170 278 48 2
512 354 48 8
547 72 48 7
83 185 48 2
389 214 48 16
122 296 48 10
22 316 48 18
359 355 48 14
251 360 48 20
312 137 48 7
60 369 48 14
134 333 48 20
514 332 48 2
480 477 48 1
214 380 48 1
10 501 48 8
489 37 48 4
339 458 48 19
130 161 48 19
353 472 48 8
277 46 48 9
540 242 48 20
62 208 48 12
202 203 48 1
41 416 48 10
93 425 48 16
441 429 48 16
72 282 48 16
57 473 48 14
402 279 48 17
398 70 48 17
277 62 48 20
488 185 48 5
545 448 48 5
47 488 48 5
474 95 48 2
370 51 48 16
364 122 48 4
206 179 48 5
208 95 48 9
258 7 48 3
291 283 48 8
81 285 48 19
140 282 48 13
339 390 48 14
530 317 48 14
52 201 48 9
64 17 48 14
358 284 48 18
92 6 48 20
166 263 48 15
309 68 48 15
28 210 48 19
478 349 48 14
343 140 48 10
148 123 48 19
171 236 48 13
183 300 48 15
316 172 48 20
204 325 48 13
186 490 48 2
236 251 48 11
83 340 48 5
214 270 48 6
141 65 48 12
458 274 48 6
59 444 48 9
407 141 48 9
348 456 48 9
510 174 48 13
192 359 48 1
136 109 48 7
210 191 48 18
431 404 48 4
515 545 48 5
254 455 48 10
115 514 48 1
274 435 48 5
246 236 48 9
390 260 48 8
310 514 48 15
173 164 48 2
409 373 48 9
438 318 48 8
188 286 48 10
65 539 48 12
214 169 48 3
384 442 48 15
86 140 48 7
367 529 48 18
212 354 48 11
540 41 48 15
430 449 48 14
510 339 48 14
446 527 48 18
504 44 48 13
469 319 48 11
462 156 48 5
404 303 48 3
35 122 48 15
49 395 48 12
29 388 48 7
172 270 48 18
203 232 48 4
5 192 48 7
153 148 48 4
355 131 48 4
178 45 48 12
504 449 48 20
423 545 48 20
447 46 48 8
215 136 48 1
85 307 48 9
465 25 48 4
90 91 48 1
303 305 48 15
74 113 48 3
226 352 48 1
532 309 48 2
109 184 48 5
353 83 48 15
507 359 48 18
501 505 48 4
279 422 48 19
288 512 48 20
4 267 48 13
414 403 48 13
469 81 48 2
22 127 48 13
147 235 48 12
269 103 48 13
498 62 48 19
315 78 48 16
501 356 48 14
225 97 48 7
40 100 48 17
221 28 48 4
29 496 48 7
250 33 48 2
171 179 48 19
398 510 48 19
223 460 48 9
405 228 48 8
545 243 48 16
74 529 48 9
114 21 48 7
482 303 48 4
159 393 48 7
524 158 48 3
469 390 48 17
102 240 48 2
507 462 48 4
427 382 48 11
424 441 48 7
292 514 48 10
317 142 48 13
442 76 48 18
108 296 48 11
270 335 48 12
526 256 48 6
414 419 48 4
325 379 48 4
149 258 48 3
200 197 48 5
8 3 48 7
407 319 48 3
279 275 48 13
515 383 48 2
112 105 48 15
413 146 48 5
9 74 48 16
454 398 48 1
328 547 48 12
36 261 48 5
184 331 48 19
360 190 48 3
192 468 48 14
161 497 48 9
426 62 48 2
540 536 48 6
363 60 48 10
57 513 48 15
129 355 48 9
520 390 48 10
76 88 48 15
118 509 48 14
541 153 48 11
145 375 48 11
130 316 48 17
282 308 48 8
94 123 48 20
464 179 48 9
200 369 48 18
481 404 48 1
476 479 48 10
254 111 48 3
283 105 48 2
232 311 48 15
193 502 48 20
214 237 48 15
286 392 48 11
417 309 48 9
28 508 48 7
478 441 48 6
285 370 48 2
179 138 48 6
96 483 48 11
165 229 48 11
62 421 48 6
273 150 48 18
369 497 48 12
41 367 48 8
438 394 48 9
171 387 48 7
370 186 48 20
437 427 48 14
130 522 48 1
474 140 48 3
96 201 48 4
220 535 48 7
32 357 48 15
298 397 48 4
325 349 48 18
374 34 48 1
317 403 48 17
205 355 48 12
231 484 48 20
192 473 48 13
444 83 48 18
22 302 48 2
296 396 48 4
34 146 48 14
201 533 48 20
276 359 48 13
190 190 48 5
289 395 48 19
268 140 48 4
221 332 48 9
375 290 48 4
182 311 48 20
38 121 48 1
251 216 48 10
374 416 48 19
361 144 48 4
443 333 48 10
380 137 48 2
187 404 48 1
539 139 48 18
269 513 48 16
143 209 48 10
319 246 48 14
405 11 48 14
90 447 48 7
306 260 48 8
396 155 48 19
191 49 48 11
379 235 48 20
222 288 48 9
458 71 48 2
436 276 48 4
177 47 48 20
38 514 48 3
177 56 48 17
184 423 48 14
396 272 48 6
456 462 48 17
105 355 48 11
219 92 48 1
409 2 48 5
141 438 48 9
81 129 48 12
267 167 48 15
525 405 48 11
73 41 48 7
4 436 48 5
89 407 48 19
284 511 48 10
229 183 48 19
462 106 48 15
218 247 48 16
311 389 48 11
450 108 48 2
71 85 48 14
293 219 48 13
391 222 48 19
275 372 48 9
73 109 48 5
288 399 48 7
108 313 48 3
477 45 48 17
251 355 48 12
154 320 48 1
284 390 48 4
272 135 48 19
299 526 48 1
339 315 48 17
238 388 48 2
101 190 48 18
269 297 48 7
543 227 48 15
31 477 48 8
455 145 48 20
439 429 48 6
22 153 48 8
433 513 48 1
34 305 48 1
6 57 48 17
210 219 48 7
203 488 48 13
24 483 48 10
437 514 48 5
110 421 48 7
164 374 48 19
60 457 48 6
90 405 48 9
161 500 48 9
61 20 48 14
348 229 48 2
277 431 48 10
79 455 48 20
108 406 48 9
128 30 48 4
292 193 48 5
400 252 48 4
112 403 48 14
399 78 48 4
443 138 48 2
59 485 48 9
440 276 48 14
214 355 48 4
532 524 48 13
332 104 48 20
66 457 48 16
174 309 48 6
253 483 48 18
189 334 48 3
139 292 48 3
46 350 48 4
243 242 48 2
385 517 48 12
435 501 48 12
404 347 48 18
403 413 48 4
46 101 48 14
65 353 48 12
424 56 48 14
313 194 48 13
402 301 48 2
491 58 48 6
308 442 48 2
479 391 48 2
141 248 48 5
453 165 48 4
189 210 48 7
234 274 48 9
276 212 48 11
167 40 48 20
286 503 48 17
270 446 48 10
9 206 48 17
265 199 48 8
474 339 48 1
544 244 48 15
542 433 48 18
92 181 48 2
542 519 48 2
499 138 48 15
227 485 48 7
254 269 48 15
339 278 48 6
380 542 48 17
326 530 48 9
520 41 48 9
330 35 48 11
412 189 48 8
283 183 48 4
365 134 48 4
486 422 48 9
77 129 48 3
114 467 48 5
419 361 48 16
375 139 48 17
122 111 48 17
175 503 48 6
237 367 48 4
418 102 48 19
84 528 48 14
435 528 48 7
238 58 48 16
309 233 48 2
111 104 48 9
515 478 48 9
417 115 48 9
359 351 48 5
459 41 48 14
139 520 48 20
547 56 48 14
119 5 48 20
51 304 48 18
172 66 48 10
213 238 48 12
128 267 48 6
244 198 48 7
471 71 48 15
105 530 48 13
168 183 48 16
333 244 48 20
540 363 48 11
180 475 48 7
425 99 48 13
355 373 48 14
450 16 48 13
476 259 48 4
131 182 48 17
137 349 48 11
182 31 48 1
200 363 48 18
335 417 48 10
474 50 48 8
432 474 48 19
517 343 48 14
292 245 48 16
334 236 48 9
88 428 48 7
521 17 48 13
390 199 48 20
440 460 48 1
187 247 48 7
296 235 48 3
394 182 48 2
44 151 48 9
66 443 48 4
227 291 48 11
37 440 48 20
153 413 48 19
70 255 48 15
18 148 48 20
452 396 48 9
146 145 48 8
499 538 48 4
292 34 48 17
490 161 48 3
385 387 48 15
515 486 48 4
40 91 48 10
129 223 48 5
478 240 48 20
192 144 48 12
214 351 48 11
533 364 48 8
485 171 48 8
103 113 48 18
225 497 48 11
90 526 48 17
456 80 48 6
141 271 48 17
204 201 48 2
414 455 48 1
472 183 48 12
190 230 48 7
445 168 48 2
310 332 48 2
336 72 48 14
264 161 48 16
191 132 48 3
271 334 48 10
511 537 48 15
20 465 48 16
219 389 48 1
346 93 48 3
227 52 48 4
340 362 48 12
80 212 48 10
316 475 48 4
45 181 48 16
400 451 48 20
541 477 48 16
335 496 48 7
160 230 48 4
105 28 48 19
342 254 48 9
261 108 48 15
512 249 48 2
348 79 48 19
345 185 48 20
535 37 48 6
511 92 48 16
538 488 48 11
482 100 48 16
268 267 48 18
208 61 48 7
137 384 48 12
5 348 48 10
22 210 48 10
28 70 48 11
215 57 48 16
367 83 48 5
386 73 48 2
415 70 48 12
127 337 48 1
412 59 48 19
466 257 48 20
141 261 48 8
127 282 48 12
128 310 48 8
376 39 48 3
175 405 48 3
65 243 48 7
505 172 48 2
498 298 48 3
209 225 48 8
43 205 48 18
260 345 48 6
401 471 48 15
143 114 48 6
500 4 48 7
429 240 48 15
502 366 48 17
101 324 48 3
315 274 48 2
381 544 48 18
504 102 48 10
399 361 48 1
493 277 48 2
321 419 48 13
35 433 48 5
272 377 48 9
366 331 48 5
217 493 48 7
301 323 48 10
136 156 48 3
195 174 48 7
520 88 48 5
96 33 48 1
266 415 48 6
2 449 48 16
350 173 48 16
390 53 48 16
248 331 48 4
492 84 48 12
523 282 48 3
4 476 48 4
133 511 48 13
138 59 48 15
418 386 48 8
23 387 48 13
122 189 48 20
50 31 48 3
370 340 48 18
151 346 48 8
192 322 48 13
450 325 48 2
459 520 48 5
492 110 48 14
73 527 48 10
67 64 48 5
25 185 48 7
216 296 48 12
460 181 48 5
63 331 48 7
297 523 48 17
265 487 48 17
224 460 48 8
207 405 48 11
249 539 48 2
128 120 48 16
456 144 48 18
424 422 48 17
547 334 48 19
462 396 48 3
175 208 48 13
272 472 48 15
208 210 48 19
116 417 48 11
195 118 48 5
253 307 48 13
375 277 48 14
197 216 48 1
314 215 48 8
64 129 48 13
144 303 48 2
262 89 48 7
381 296 48 15
350 473 48 5
301 120 48 15
242 373 48 14
303 262 48 8
23 458 48 6
163 224 48 16
152 287 48 18
51 493 48 14
219 207 48 18
249 40 48 20
66 451 48 5
237 204 48 17
102 446 48 3
274 201 48 6
237 285 48 6
415 448 48 9
322 114 48 15
357 226 48 16
209 444 48 8
150 207 48 13
387 273 48 14
64 24 48 12
469 126 48 1
153 461 48 17
160 150 48 20
77 79 48 4
280 400 48 4
285 209 48 16
234 479 48 9
390 82 48 10
99 530 48 16
259 108 48 11
76 29 48 18
337 243 48 14
376 464 48 18
91 541 48 3
376 335 48 8
166 72 48 18
304 306 48 19
339 210 48 7
95 308 48 14
123 20 48 16
236 95 48 5
537 493 48 1
203 322 48 15
19 474 48 6
459 302 48 14
267 529 48 12
344 286 48 9
415 139 48 12
505 233 48 6
92 417 48 15
333 167 48 3
118 218 48 18
207 421 48 1
150 439 48 19
211 412 48 20
59 193 48 14
102 52 48 2
451 466 48 20
461 424 48 1
294 30 48 8
84 363 48 16
92 542 48 9
531 201 48 14
320 412 48 8
36 75 48 18
53 195 48 6
113 297 48 3
459 262 48 7
395 175 48 15
79 531 48 20
240 129 48 18
21 221 48 9
20 266 48 9
438 38 48 17
263 135 48 9
499 187 48 20
380 300 48 20
375 273 48 18
226 182 48 17
15 322 48 3
380 15 48 2
76 97 48 7
312 116 48 4
264 69 48 17
80 393 48 6
517 344 48 20
117 238 48 14
137 127 48 9
356 352 48 17
327 428 48 17
218 323 48 10
300 398 48 19
55 224 48 3
137 2 48 17
319 81 48 8
88 51 48 5
43 229 48 2
360 366 48 4
463 236 48 19
201 15 48 7
261 233 48 13
334 47 48 10
19 164 48 3
429 362 48 7
359 133 48 12
135 220 48 17
315 325 48 1
248 199 48 4
246 114 48 3
172 315 48 5
525 28 48 6
107 423 48 7
147 442 48 17
411 385 48 7
192 196 48 7
53 330 48 4
26 160 48 19
227 407 48 13
309 167 48 7
141 338 48 20
472 316 48 9
66 484 48 3
253 83 48 5
56 494 48 17
220 200 48 8
32 314 48 20
126 339 48 15
543 80 48 10
65 450 48 3
309 43 48 10
382 30 48 12
482 95 48 10
519 347 48 5
513 464 48 12
343 198 48 9
369 230 48 7
240 417 48 14
269 412 48 15
220 538 48 8
338 361 48 9
308 195 48 5
46 191 48 18
329 163 48 10
147 190 48 5
521 532 48 1
546 354 48 17
400 108 48 8
44 376 48 1
315 111 48 7
489 448 48 10
220 208 48 3
527 315 48 20
443 96 48 14
158 304 48 10
398 277 48 8
288 338 48 4
470 252 48 9
520 295 48 10
497 63 48 15
527 66 48 7
370 347 48 7
469 388 48 18
212 283 48 1
117 502 48 12
273 352 48 12
414 154 48 4
422 138 48 3
538 111 48 6
544 122 48 16
175 163 48 12
191 47 48 2
476 516 48 2
528 180 48 9
190 359 48 16
155 84 48 15
459 12 48 19
6 434 48 7
413 486 48 8
21 544 48 2
361 171 48 14
220 423 48 7
424 351 48 14
469 331 48 14
310 520 48 1
106 189 48 8
314 101 48 1
191 106 48 13
144 34 48 4
330 116 48 11
91 476 48 12
15 148 48 1
47 87 48 16
109 70 48 18
350 379 48 7
465 546 48 15
178 375 48 4
449 18 48 9
184 223 48 13
403 68 48 13
72 158 48 5
519 234 48 11
357 342 48 2
544 450 48 11
515 253 48 19
34 232 48 20
227 409 48 18
35 372 48 15
496 8 48 16
504 411 48 10
19 544 48 18
71 30 48 16
332 386 48 20
71 383 48 13
487 412 48 2
188 507 48 7
497 187 48 19
147 283 48 19
424 231 48 6
377 188 48 9
396 268 48 18
88 338 48 13
76 122 48 17
343 254 48 7
27 194 48 12
511 443 48 19
193 454 48 13
284 116 48 17
261 539 48 1
307 368 48 20
279 279 48 15
246 428 48 14
243 503 48 7
203 298 48 17
59 325 48 17
327 350 48 5
7 542 48 10
482 340 48 4
145 53 48 17
101 422 48 18
244 153 48 19
169 398 48 5
431 156 48 5
330 420 48 8
544 478 48 16
466 257 48 6
283 325 48 13
69 321 48 14
517 466 48 1
410 81 48 18
185 387 48 18
238 8 48 14
171 501 48 15
60 283 48 5
309 341 48 15
396 259 48 11
348 541 48 9
294 125 48 15
32 94 48 19
432 18 48 1
221 202 48 3
162 439 48 15
16 125 48 15
86 184 48 9
29 7 48 13
449 465 48 7
93 265 48 4
62 11 48 4
414 42 48 2
136 536 48 4
1 209 48 17
252 433 48 13
511 510 48 3
237 48 48 3
308 76 48 10
171 39 48 14
293 132 48 17
532 255 48 3
286 121 48 17
257 319 48 8
184 319 48 17
375 86 48 8
457 111 48 19
178 347 48 16
82 107 48 5
55 278 48 18
492 85 48 11
99 69 48 20
325 416 48 2
46 125 48 5
301 371 48 13
342 198 48 15
206 169 48 10
94 346 48 20
92 489 48 15
165 59 48 2
276 3 48 8
34 164 48 4
108 488 48 9
364 48 48 20
330 349 48 17
191 205 48 12
137 411 48 1
193 19 48 18
110 110 48 6
196 336 48 13
74 65 48 4
36 160 48 4
128 329 48 19
88 145 48 12
235 536 48 4
204 241 48 11
433 377 48 11
282 84 48 14
539 256 48 17
190 513 48 2
446 40 48 20
219 137 48 1
218 327 48 4
157 476 48 15
205 163 48 5
55 429 48 12
171 376 48 20
212 110 48 20
271 101 48 18
502 352 48 4
522 312 48 16
120 531 48 17
487 263 48 17
149 481 48 8
503 138 48 19
299 254 48 5
397 486 48 14
386 150 48 14
459 421 48 16
302 375 48 3
111 349 48 1
20 531 48 12
66 532 48 20
500 133 48 15
316 151 48 20
418 511 48 8
401 422 48 3
212 260 48 13
194 172 48 2
339 535 48 6
289 98 48 20
65 118 48 2
371 245 48 1
454 260 48 4
470 90 48 6
76 507 48 19
545 360 48 18
406 24 48 3
416 279 48 4
361 71 48 18
133 421 48 10
254 547 48 18
482 432 48 6
147 338 48 15
7 322 48 12
16 459 48 7
536 519 48 12
444 377 48 4
3 307 48 5
404 182 48 1
184 314 48 15
123 83 48 7
179 17 48 20
541 164 48 5
69 170 48 16
232 185 48 16
355 235 48 1
351 132 48 5
371 196 48 20
184 53 48 7
129 298 48 4
494 420 48 1
373 113 48 19
136 106 48 3
298 174 48 16
234 468 48 4
81 275 48 4
447 78 48 19
156 510 48 19
234 146 48 18
7 274 48 6
32 282 48 4
201 169 48 17
387 304 48 14
250 54 48 11
283 349 48 10
15 430 48 10
528 329 48 2
203 546 48 11
11 294 48 3
480 301 48 20
152 394 48 14
243 110 48 17
508 11 48 18
393 260 48 3
452 542 48 17
493 9 48 17
261 52 48 15
169 254 48 16
101 326 48 18
178 258 48 9
44 409 48 12
254 166 48 2
85 126 48 6
219 518 48 18
531 485 48 7
36 430 48 10
31 206 48 8
417 436 48 7
254 536 48 5
446 166 48 11
454 210 48 14
370 525 48 5
457 62 48 4
492 280 48 5
301 326 48 17
105 361 48 13
527 391 48 11
452 260 48 4
146 28 48 14
226 536 48 20
502 442 48 4
215 326 48 20
32 235 48 16
35 241 48 1
71 541 48 18
106 161 48 15
24 140 48 9
208 106 48 5
281 313 48 20
341 539 48 2
20 493 48 20
32 160 48 17
506 253 48 2
9 350 48 4
401 482 48 12
23 41 48 1
6 126 48 12
441 395 48 17
103 128 48 17
402 531 48 10
142 65 48 18
323 97 48 15
344 117 48 4
114 188 48 2
62 41 48 5
128 63 48 4
291 68 48 8
109 23 48 7
32 188 48 14
267 42 48 17
9 184 48 11
242 21 48 4
150 365 48 3
311 478 48 6
335 55 48 14
294 244 48 8
355 49 48 12
56 219 48 12
152 250 48 6
437 32 48 5
158 102 48 17
5 343 48 5
496 493 48 6
9 318 48 1
318 167 48 4
120 461 48 7
531 330 48 2
525 386 48 14
57 52 48 17
322 488 48 9
82 160 48 19
25 164 48 5
51 112 48 12
440 120 48 12
337 499 48 10
288 71 48 11
482 55 48 10
240 94 48 1
216 212 48 7
441 534 48 17
275 130 48 3
147 217 48 11
424 267 48 18
161 221 48 16
153 11 48 12
374 298 48 9
22 295 48 8
547 534 48 20
425 202 48 15
354 157 48 12
285 431 48 19
375 93 48 7
82 516 48 13
509 130 48 6
508 344 48 3
521 232 48 19
543 254 48 3
195 315 48 13
488 193 48 18
446 61 48 2
451 408 48 7
39 235 48 2
390 378 48 3
522 339 48 2
328 362 48 10
143 335 48 19
318 392 48 13
302 40 48 9
210 42 48 10
443 487 48 2
224 453 48 2
497 6 48 12
315 458 48 5
163 432 48 16
141 274 48 15
462 479 48 9
529 249 48 4
365 66 48 14
515 337 48 18
310 233 48 4
227 518 48 2
67 467 48 14
79 296 48 3
45 458 48 13
350 51 48 20
469 27 48 8
438 71 48 7
251 435 48 18
165 402 48 5
182 226 48 18
139 514 48 6
63 33 48 19
540 173 48 18
379 218 48 10
103 20 48 3
163 4 48 8
153 503 48 18
392 206 48 2
211 432 48 4
367 128 48 13
207 267 48 18
18 329 48 6
418 383 48 14
505 215 48 12
79 379 48 15
250 541 48 16
510 209 48 8
293 53 48 14
25 326 48 7
220 207 48 4
93 413 48 1
542 492 48 19
476 425 48 10
35 382 48 18
483 460 48 7
403 224 48 7
388 187 48 7
328 541 48 5
535 19 48 17
141 238 48 4
421 393 48 19
421 387 48 1
264 315 48 7
489 411 48 7
382 408 48 10
168 325 48 18
494 165 48 11
544 7 48 18
99 56 48 11
41 196 48 13
189 70 48 17
326 5 48 4
408 268 48 7
367 271 48 12
222 167 48 9
51 334 48 6
166 343 48 8
404 339 48 16
151 499 48 1
525 54 48 15
43 242 48 8
14 82 48 5
434 490 48 4
73 309 48 2
185 46 48 10
158 158 48 4
517 323 48 20
493 242 48 8
538 454 48 12
92 432 48 8
450 536 48 11
392 64 48 20
338 497 48 14
66 85 48 11
2 269 48 18
167 488 48 4
181 457 48 13
536 465 48 13
136 455 48 9
357 61 48 14
23 25 48 1
53 478 48 18
103 268 48 10
157 395 48 2
35 459 48 17
19 78 48 5
161 258 48 9
141 309 48 18
361 506 48 7
3 315 48 19
138 399 48 6
323 452 48 17
25 69 48 10
285 288 48 6
144 322 48 20
271 402 48 13
401 16 48 7
18 218 48 15
36 93 48 16
24 96 48 14
73 295 48 3
208 71 48 7
211 95 48 9
59 379 48 9
302 37 48 2
393 307 48 5
139 223 48 14
143 240 48 13
516 337 48 3
301 361 48 3
400 495 48 2
350 155 48 17
267 427 48 17
252 486 48 3
39 240 48 16
147 147 48 5
171 286 48 13
273 490 48 9
44 520 48 10
455 273 48 15
476 187 48 14
245 537 48 4
83 318 48 10
78 84 48 12
512 122 48 20
374 330 48 1
119 15 48 12
86 287 48 7
354 393 48 5
411 300 48 12
344 229 48 11
223 535 48 15
257 132 48 11
170 209 48 11
83 174 48 19
235 62 48 12
533 242 48 2
85 327 48 8
187 195 48 9
262 120 48 7
63 463 48 9
112 139 48 16
150 457 48 13
20 79 48 19
520 161 48 6
109 395 48 5
89 442 48 8
21 41 48 7
302 290 48 14
490 66 48 15
431 190 48 15
52 301 48 13
332 512 48 20
134 531 48 17
206 18 48 3
514 188 48 1
335 276 48 12
460 297 48 6
363 113 48 11
461 56 48 15
131 486 48 8
325 52 48 14
111 445 48 13
414 31 48 1
249 299 48 14
305 327 48 16
271 176 48 8
193 88 48 9
155 451 48 2
469 426 48 2
301 9 48 8
322 395 48 20
97 20 48 15
446 434 48 15
231 197 48 20
95 16 48 15
147 286 48 17
475 478 48 12
66 148 48 12
379 69 48 18
200 431 48 16
83 205 48 1
18 364 48 16
397 262 48 14
383 7 48 19
121 163 48 10
184 372 48 2
423 299 48 4
265 426 48 8
9 258 48 9
241 519 48 1
480 55 48 3
20 72 48 1
189 530 48 19
243 365 48 5
9 547 48 9
337 184 48 13
465 121 48 17
524 447 48 9
245 518 48 15
34 211 48 4
315 143 48 6
192 225 48 9
493 413 48 7
24 170 48 18
45 178 48 11
353 29 48 11
423 494 48 14
306 470 48 13
68 230 48 10
210 263 48 15
324 31 48 11
492 284 48 19
308 291 48 18
44 314 48 2
269 421 48 8
493 226 48 7
415 102 48 11
457 407 48 15
461 536 48 7
435 261 48 7
72 37 48 14
461 44 48 3
41 351 48 6
96 457 48 11
320 240 48 17
236 185 48 8
243 114 48 1
134 85 48 20
72 546 48 4
238 433 48 9
182 20 48 2
218 542 48 15
537 97 48 8
115 192 48 20
68 26 48 20
441 324 48 10
7 19 48 20
284 215 48 16
482 348 48 1
121 38 48 4
83 220 48 12
81 437 48 3
122 489 48 20
28 118 48 11
391 185 48 19
445 140 48 18
137 146 48 18
3 491 48 10
501 425 48 8
512 61 48 3
409 143 48 20
386 285 48 4
420 406 48 10
3 495 48 11
324 338 48 9
186 236 48 4
433 434 48 12
214 498 48 4
270 514 48 13
127 540 48 5
83 463 48 5
258 364 48 18
446 236 48 18
29 238 48 12
275 76 48 5
221 324 48 15
305 271 48 4
50 546 48 3
348 269 48 20
523 395 48 15
211 477 48 2
41 249 48 14
217 147 48 5
313 175 48 2
356 512 48 12
190 185 48 8
383 4 48 3
524 116 48 4
69 463 48 11
188 438 48 16
362 101 48 1
390 203 48 5
295 419 48 15
436 246 48 10
328 54 48 19
296 306 48 15
102 141 48 1
179 118 48 17
254 248 48 18
112 497 48 20
364 312 48 3
60 216 48 7
66 510 48 17
218 460 48 2
60 241 48 6
475 51 48 4
527 215 48 2
98 393 48 4
330 161 48 12
540 272 48 10
92 150 48 7
354 209 48 9
270 274 48 1
182 6 48 9
276 66 48 1
486 55 48 4
454 35 48 14
16 194 48 5
303 38 48 20
353 30 48 17
352 184 48 15
177 52 48 14
217 383 48 18
219 17 48 2
196 355 48 6
475 293 48 8
320 200 48 15
378 215 48 7
344 32 48 9
469 384 48 1
381 250 48 4
441 426 48 20
163 95 48 8
281 376 48 15
405 86 48 12
109 76 48 16
415 457 48 13
207 287 48 1
255 145 48 19
402 67 48 8
31 509 48 15
453 402 48 12
378 79 48 5
201 360 48 8
103 217 48 17
296 388 48 7
297 255 48 10
497 523 48 3
426 292 48 12
387 146 48 7
308 177 48 5
478 82 48 12
527 521 48 15
186 237 48 2
281 339 48 14
524 149 48 9
295 508 48 6
37 519 48 12
66 398 48 12
301 299 48 16
55 59 48 15
317 536 48 1
495 31 48 13
205 278 48 15
274 73 48 9
75 50 48 19
262 406 48 19
219 505 48 13
89 23 48 14
312 385 48 20
134 439 48 18
132 270 48 3
273 279 48 1
450 484 48 13
377 210 48 18
96 346 48 5
25 123 48 20
523 341 48 11
445 491 48 13
280 255 48 17
412 389 48 1
118 35 48 9
421 370 48 12
207 272 48 17
332 101 48 17
529 258 48 12
291 344 48 16
458 319 48 10
97 279 48 1
305 11 48 17
412 422 48 8
410 54 48 16
192 474 48 14
252 195 48 6
311 41 48 7
32 23 48 4
160 313 48 1
473 285 48 2
516 381 48 13
18 200 48 19
383 64 48 12
104 535 48 16
406 179 48 19
531 492 48 19
379 317 48 10
452 410 48 20
236 23 48 18
363 10 48 3
323 40 48 13
77 119 48 16
325 501 48 4
25 57 48 1
326 525 48 15
68 508 48 5
4 401 48 13
528 306 48 13
42 541 48 10
415 356 48 11
40 193 48 14
107 269 48 10
435 109 48 17
217 195 48 4
48 520 48 8
57 102 48 6
73 106 48 12
405 86 48 3
52 190 48 15
331 57 48 20
71 159 48 7
460 327 48 14
359 215 48 6
273 493 48 18
305 541 48 19
253 112 48 5
222 246 48 16
107 165 48 13
235 279 48 14
418 62 48 8
409 194 48 18
108 107 48 16
137 527 48 20
212 252 48 1
543 9 48 12
300 323 48 11
221 60 48 1
246 166 48 16
419 401 48 11
172 271 48 16
106 195 48 5
197 364 48 20
130 500 48 10
277 226 48 3
432 221 48 7
32 36 48 16
291 256 48 9
311 501 48 17
495 373 48 13
472 59 48 19
510 226 48 11
194 485 48 3
47 67 48 12
487 406 48 11
23 290 48 10
238 321 48 18
166 127 48 12
154 437 48 7
369 446 48 16
437 370 48 8
290 332 48 17
338 40 48 14
263 148 48 6
141 88 48 11
243 172 48 10
81 409 48 14
501 89 48 10
82 242 48 14
226 125 48 1
256 14 48 5
345 304 48 1
175 156 48 14
488 418 48 6
383 11 48 4
136 316 48 6
240 458 48 14
180 412 48 8
245 8 48 15
324 295 48 13
238 66 48 4
99 472 48 16
290 99 48 3
36 102 48 8
477 484 48 13
457 135 48 10
186 436 48 8
260 130 48 7
485 437 48 6
467 213 48 5
511 450 48 10
145 63 48 8
21 353 48 9
113 450 48 5
76 379 48 5
50 351 48 8
400 536 48 7
176 310 48 2
363 310 48 16
11 229 48 2
15 254 48 13
84 398 48 12
77 418 48 13
231 46 48 9
486 121 48 4
131 170 48 7
518 85 48 19
247 260 48 10
168 138 48 14
462 210 48 18
484 224 48 6
470 369 48 13
456 507 48 4
372 191 48 12
128 129 48 16
324 321 48 2
324 354 48 18
373 115 48 11
185 282 48 8
306 259 48 6
170 257 48 1
287 179 48 14
255 149 48 13
217 35 48 9
162 162 48 14
227 1 48 10
39 386 48 3
482 273 48 7
153 458 48 9
507 278 48 11
39 510 48 11
340 249 48 17
525 18 48 16
122 234 48 10
518 395 48 17
10 137 48 14
432 175 48 15
113 110 48 3
456 324 48 6
110 283 48 17
507 321 48 14
190 176 48 14
51 153 48 12
60 336 48 9
166 368 48 6
434 439 48 4
216 324 48 12
446 498 48 14
401 406 48 17
266 30 48 12
532 536 48 2
152 240 48 6
82 290 48 14
29 350 48 14
210 515 48 2
301 463 48 11
527 132 48 3
443 92 48 12
530 492 48 3
455 272 48 6
116 256 48 1
97 469 48 12
377 3 48 1
262 94 48 9
482 365 48 13
37 118 48 4
30 160 48 13
409 117 48 6
191 162 48 17
440 69 48 15
172 246 48 13
502 404 48 7
524 233 48 4
350 494 48 2
526 490 48 13
122 526 48 20
304 71 48 1
71 541 48 15
475 246 48 8
339 138 48 16
473 372 48 1
378 326 48 18
143 364 48 10
34 166 48 16
18 144 48 15
366 327 48 10
347 84 48 14
2 154 48 18
321 143 48 17
377 543 48 5
502 469 48 8
388 361 48 10
130 18 48 2
42 51 48 13
25 68 48 14
436 496 48 19
340 295 48 18
314 297 48 8
343 132 48 14
70 508 48 14
543 525 48 13
294 427 48 3
431 9 48 4
385 50 48 9
19 137 48 1
343 25 48 11
509 364 48 2
273 192 48 3
252 49 48 4
374 118 48 1
6 175 48 8
106 468 48 2
81 352 48 16
74 189 48 3
118 269 48 19
353 64 48 18
474 88 48 13
404 360 48 5
146 127 48 15
18 500 48 11
460 20 48 18
394 125 48 6
207 267 48 14
90 403 48 7
23 35 48 17
91 387 48 10
246 375 48 11
216 231 48 1
378 438 48 8
102 518 48 17
491 492 48 1
22 401 48 4
20 122 48 9
432 212 48 14
484 234 48 4
320 386 48 11
219 84 48 17
267 300 48 3
127 192 48 13
176 293 48 13
238 298 48 19
258 319 48 3
525 401 48 6
512 285 48 14
354 283 48 6
230 55 48 4
492 335 48 19
96 54 48 18
478 243 48 10
265 480 48 1
22 170 48 11
332 489 48 19
496 467 48 20
172 431 48 11
121 238 48 7
365 467 48 7
447 474 48 10
66 22 48 8
46 499 48 11
217 278 48 10
134 299 48 14
410 146 48 10
519 94 48 15
420 327 48 1
181 509 48 16
225 326 48 7
324 287 48 13
272 353 48 2
273 460 48 7
517 130 48 2
207 325 48 9
129 249 48 20
478 220 48 5
260 154 48 13
473 335 48 17
438 74 48 14
323 397 48 8
195 121 48 8
27 456 48 11
482 487 48 11
120 146 48 16
118 275 48 20
262 267 48 14
498 526 48 4
514 514 48 6
5 404 48 6
369 179 48 1
472 436 48 2
504 524 48 15
386 458 48 3
460 30 48 7
310 148 48 1
471 409 48 6
366 421 48 17
414 449 48 13
312 454 48 1
283 337 48 1
103 323 48 4
168 279 48 3
141 117 48 18
53 91 48 16
111 463 48 3
19 448 48 6
256 266 48 10
471 132 48 10
105 505 48 20
204 240 48 9
482 405 48 20
163 25 48 4
368 166 48 20
483 218 48 17
142 390 48 4
11 471 48 12
287 179 48 6
499 164 48 10
66 268 48 20
147 471 48 15
18 468 48 6
272 145 48 6
320 512 48 18
484 509 48 20
253 104 48 5
485 114 48 11
69 462 48 11
466 414 48 1
509 541 48 13
24 140 48 12
264 219 48 17
423 6 48 11
60 387 48 2
470 385 48 13
4 90 48 5
537 89 48 8
507 158 48 4
109 76 48 17
420 99 48 13
514 122 48 19
531 448 48 5
45 385 48 5
250 506 48 11
482 429 48 6
67 494 48 2
363 545 48 20
288 505 48 2
127 66 48 2
441 485 48 9
263 451 48 6
224 496 48 8
466 55 48 20
166 305 48 18
314 239 48 13
299 367 48 12
436 245 48 2
114 47 48 15
496 235 48 13
468 190 48 13
53 452 48 2
368 128 48 13
99 47 48 20
152 274 48 19
225 103 48 11
242 463 48 7
143 351 48 5
103 526 48 4
21 536 48 19
3 518 48 14
532 85 48 13
480 453 48 15
376 4 48 7
388 217 48 1
220 503 48 4
290 197 48 17
179 401 48 4
375 504 48 18
69 39 48 6
545 41 48 15
115 88 48 19
137 20 48 9
348 457 48 12
120 359 48 19
165 31 48 8
313 320 48 14
376 14 48 18
366 388 48 4
335 518 48 19
293 515 48 11
283 83 48 1
419 281 48 6
461 143 48 14
20 262 48 13
405 426 48 12
260 191 48 15
311 81 48 15
278 447 48 9
263 234 48 4
286 41 48 20
350 323 48 17
15 195 48 20
309 108 48 3
511 189 48 16
40 46 48 7
85 305 48 5
511 131 48 12
403 408 48 17
197 124 48 13
508 409 48 8
302 273 48 18
178 350 48 20
396 173 48 3
271 198 48 18
407 238 48 17
422 322 48 13
204 347 48 17
4 264 48 2
313 522 48 6
370 482 48 15
405 237 48 1
340 476 48 7
469 325 48 7
220 48 48 6
222 455 48 17
269 391 48 3
135 47 48 6
132 112 48 4
51 486 48 13
93 308 48 9
58 228 48 14
358 20 48 12
522 4 48 15
311 223 48 13
298 506 48 4
521 227 48 15
519 424 48 18
377 8 48 8
14 120 48 3
109 274 48 5
201 393 48 11
529 204 48 2
301 240 48 4
396 4 48 11
54 363 48 2
166 336 48 3
183 369 48 8
308 199 48 5
545 212 48 7
173 382 48 7
108 36 48 12
333 79 48 13
30 379 48 16
339 228 48 12
323 343 48 6
328 509 48 7
75 206 48 8
182 514 48 8
421 511 48 10
293 136 48 19
377 305 48 10
368 90 48 20
15 119 48 14
510 457 48 13
462 295 48 1
290 75 48 14
454 149 48 14
440 393 48 1
76 328 48 3
48 73 48 14
463 511 48 18
304 331 48 19
285 345 48 8
98 308 48 10
200 284 48 6
98 26 48 17
18 480 48 19
206 372 48 18
360 509 48 15
539 71 48 4
430 533 48 13
17 351 48 3
302 89 48 20
220 248 48 18
110 510 48 9
294 60 48 2
68 139 48 4
52 407 48 14
490 219 48 20
223 273 48 6
28 155 48 20
406 233 48 9
21 534 48 18
527 269 48 20
370 378 48 14
496 125 48 13
100 254 48 18
308 367 48 19
339 371 48 20
332 46 48 18
520 135 48 14
146 56 48 7
184 76 48 17
311 117 48 13
200 486 48 16
113 434 48 2
85 48 48 16
257 355 48 20
289 147 48 19
54 540 48 11
91 512 48 7
344 110 48 4
345 294 48 16
333 119 48 10
41 380 48 7
127 492 48 15
461 29 48 16
439 347 48 16
360 88 48 6
42 141 48 1
378 293 48 1
364 152 48 11
404 496 48 18
520 281 48 12
266 322 48 20
498 510 48 19
130 424 48 9
419 377 48 19
516 190 48 9
273 293 48 20
23 186 48 19
347 2 48 10
295 405 48 11
536 439 48 16
410 158 48 20
178 170 48 6
437 299 48 20
239 233 48 5
387 201 48 3
138 535 48 20
30 73 48 11
276 419 48 18
126 166 48 1
471 216 48 14
3 140 48 16
465 379 48 17
405 268 48 12
220 21 48 15
474 469 48 14
432 60 48 14
136 151 48 8
24 426 48 8
523 66 48 4
332 536 48 5
94 54 48 10
76 33 48 14
226 437 48 19
190 172 48 9
386 160 48 19
235 45 48 20
134 242 48 20
104 265 48 1
8 302 48 12
76 86 48 15
484 242 48 14
483 379 48 20
314 57 48 9
473 247 48 10
106 85 48 3
207 382 48 17
429 30 48 4
316 195 48 6
143 202 48 2
35 340 48 2
462 276 48 9
396 211 48 14
424 39 48 10
341 512 48 3
492 70 48 7
255 338 48 8
124 281 48 19
296 111 48 12
185 253 48 5
438 287 48 11
230 201 48 6
324 111 48 4
250 49 48 17
294 390 48 13
37 334 48 4
535 103 48 16
321 288 48 12
197 36 48 19
268 220 48 9
541 173 48 5
58 402 48 14
460 240 48 8
40 489 48 8
205 297 48 13
335 333 48 13
48 383 48 10
161 218 48 12
6 414 48 14
509 135 48 17
231 190 48 11
178 309 48 1
449 221 48 12
345 322 48 16
228 527 48 4
77 376 48 8
259 485 48 16
58 160 48 19
144 166 48 12
265 189 48 1
121 419 48 11
148 111 48 20
92 74 48 19
275 419 48 9
399 161 48 20
335 238 48 4
119 496 48 13
284 69 48 5
120 212 48 13
431 477 48 15
329 50 48 20
540 259 48 11
450 350 48 19
96 77 48 6
126 538 48 3
134 325 48 15
33 443 48 2
478 180 48 4
535 299 48 4
273 182 48 8
198 25 48 12
57 79 48 7
89 528 48 4
194 139 48 8
232 264 48 5
430 397 48 10
319 491 48 20
218 421 48 5
247 409 48 12
487 134 48 4
172 331 48 13
452 450 48 9
444 53 48 11
301 246 48 2
234 539 48 6
157 421 48 7
404 254 48 15
62 533 48 16
508 232 48 17
158 234 48 19
113 405 48 20
92 309 48 20
149 268 48 9
249 21 48 17
486 316 48 9
440 472 48 12
367 390 48 7
175 452 48 9
466 412 48 19
71 85 48 6
356 197 48 9
2 351 48 16
96 499 48 8
243 262 48 5
211 263 48 2
109 217 48 19
4 36 48 9
90 210 48 4
162 129 48 8
528 199 48 3
32 70 48 20
488 71 48 8
220 228 48 11
219 532 48 10
300 196 48 20
149 366 48 6
531 369 48 6
146 520 48 11
337 197 48 11
392 177 48 10
108 270 48 19
505 272 48 17
283 491 48 4
12 162 48 19
2 461 48 12
317 124 48 11
300 107 48 15
319 253 48 7
62 104 48 10
542 10 48 7
126 117 48 3
389 136 48 20
236 418 48 11
373 429 48 17
495 493 48 8
264 262 48 11
523 76 48 14
55 456 48 15
107 517 48 9
355 511 48 15
294 152 48 15
18 55 48 13
498 352 48 11
436 178 48 13
536 125 48 11
65 450 48 1
264 425 48 16
22 480 48 19
95 101 48 10
270 456 48 5
517 264 48 12
332 281 48 18
283 293 48 11
105 182 48 7
417 232 48 4
127 296 48 14
160 74 48 10
268 96 48 8
285 252 48 14
334 521 48 8
408 5 48 4
86 337 48 18
365 134 48 19
510 300 48 11
286 231 48 18
247 419 48 10
173 31 48 19
39 361 48 17
445 160 48 11
343 493 48 9
211 415 48 19
405 500 48 14
332 379 48 6
4 342 48 11
405 142 48 7
5 450 48 18
447 76 48 14
416 176 48 20
542 73 48 6
372 416 48 12
176 141 48 4
108 545 48 3
376 391 48 16
292 395 48 16
508 252 48 18
470 318 48 17
303 217 48 19
166 86 48 13
452 142 48 19
350 514 48 1
255 204 48 6
28 311 48 7
301 201 48 15
405 492 48 2
365 515 48 6
528 499 48 16
531 254 48 2
125 419 48 13
440 385 48 5
343 187 48 1
114 442 48 13
88 469 48 15
121 284 48 16
544 141 48 18
268 20 48 6
304 62 48 15
173 46 48 6
196 170 48 8
428 124 48 10
192 467 48 11
532 95 48 20
527 244 48 20
348 364 48 12
368 423 48 5
395 205 48 20
389 23 48 20
396 195 48 20
109 390 48 7
303 270 48 13
334 524 48 1
66 23 48 11
240 2 48 15
397 411 48 13
290 294 48 14
386 141 48 16
17 45 48 16
256 440 48 11
55 64 48 12
23 366 48 1
114 214 48 17
249 341 48 9
478 33 48 1
403 491 48 9
207 296 48 19
433 196 48 20
316 274 48 6
284 44 48 15
384 98 48 11
388 120 48 2
177 296 48 17
489 544 48 10
338 536 48 2
189 453 48 10
512 113 48 15
34 60 48 5
243 438 48 6
12 174 48 3
282 72 48 5
68 459 48 16
281 151 48 3
222 154 48 15
441 492 48 2
270 195 48 10
43 159 48 4
172 192 48 5
497 496 48 11
64 507 48 14
221 303 48 8
475 370 48 4
364 165 48 15
1 386 48 5
243 342 48 5
535 126 48 4
124 168 48 14
495 402 48 13
317 351 48 20
153 476 48 6
100 149 48 3
180 139 48 15
172 502 48 1
437 503 48 19
247 260 48 17
125 248 48 12
197 371 48 19
427 380 48 19
425 212 48 20
310 364 48 17
278 464 48 6
1 96 48 9
94 329 48 17
476 219 48 15
149 527 48 5
163 105 48 1
426 363 48 4
310 305 48 18
48 182 48 18
199 6 48 14
278 283 48 20
20 284 48 7
448 439 48 17
283 367 48 6
135 30 48 18
246 254 48 20
58 133 48 15
363 442 48 9
439 490 48 6
179 141 48 12
283 480 48 18
364 499 48 5
541 399 48 7
