3000 750
461 127 48 1
366 28 48 13
536 303 48 2
386 133 48 17
496 48 48 9
29 126 48 14
3 94 48 17
147 246 48 10
442 240 48 11
83 425 48 11
401 400 48 17
497 218 48 8
490 269 48 7
144 107 48 14
236 117 48 15
113 145 48 6
157 209 48 2
262 355 48 17
514 311 48 19
6 393 48 3
352 247 48 14
339 196 48 10
415 200 48 14
309 343 48 2
396 93 48 10
531 205 48 6
244 423 48 10
50 138 48 6
163 104 48 4
516 110 48 4
198 523 48 9
342 377 48 19
157 244 48 18
301 67 48 7
5 463 48 3
433 446 48 17
459 143 48 12
208 254 48 15
311 417 48 15
178 447 48 15
500 159 48 9
520 501 48 8
313 172 48 11
304 534 48 2
153 538 48 9
156 424 48 2
363 397 48 3
446 57 48 9
119 429 48 3
505 60 48 16
452 74 48 2
375 46 48 7
127 420 48 20
185 177 48 15
309 391 48 4
410 546 48 6
409 423 48 2
66 384 48 9
523 17 48 13
426 521 48 8
166 426 48 18
126 315 48 3
40 504 48 3
186 141 48 6
319 511 48 7
505 435 48 12
81 296 48 17
116 423 48 2
206 398 48 13
240 276 48 15
333 503 48 4
14 82 48 8
350 183 48 5
496 368 48 18
395 202 48 8
75 221 48 3
424 363 48 16
101 540 48 11
224 261 48 6
301 500 48 5
413 348 48 1
466 423 48 1
348 225 48 19
186 235 48 7
226 82 48 18
229 218 48 16
181 156 48 18
490 319 48 7
128 542 48 2
164 357 48 7
537 284 48 10
380 202 48 20
305 64 48 6
473 249 48 8
462 536 48 17
229 217 48 13
216 459 48 5
81 464 48 3
547 44 48 20
179 269 48 16
310 320 48 18
366 153 48 8
297 519 48 15
514 444 48 5
481 421 48 17
530 102 48 8
311 318 48 14
309 460 48 9
17 459 48 7
327 90 48 3
509 461 48 11
365 279 48 5
484 90 48 5
182 119 48 10
129 52 48 5
126 96 48 19
339 468 48 20
41 230 48 5
144 308 48 8
415 149 48 14
345 110 48 14
109 474 48 12
88 473 48 5
37 107 48 17
492 297 48 3
335 422 48 17
280 214 48 5
541 254 48 17
230 460 48 3
438 327 48 15
189 186 48 7
400 356 48 10
404 505 48 18
498 542 48 9
225 1 48 17
66 336 48 8
2 68 48 3
467 123 48 15
68 414 48 3
37 305 48 14
93 493 48 2
321 407 48 17
537 263 48 9
131 276 48 1
378 15 48 10
375 80 48 5
309 143 48 12
455 125 48 15
432 192 48 17
321 290 48 19
51 383 48 14
90 218 48 15
423 207 48 18
228 399 48 14
89 229 48 3
435 119 48 5
85 427 48 10
410 396 48 12
249 281 48 19
17 116 48 14
150 229 48 2
291 318 48 2
290 255 48 3
5 482 48 14
57 23 48 15
124 520 48 11
332 119 48 13
135 528 48 12
125 292 48 5
367 370 48 2
352 519 48 1
234 262 48 19
333 5 48 15
153 71 48 11
371 128 48 5
333 313 48 8
474 97 48 8
495 293 48 13
364 417 48 20
90 299 48 18
478 103 48 17
1 337 48 12
450 184 48 8
544 337 48 2
150 222 48 12
326 69 48 8
535 543 48 6
316 490 48 8
139 368 48 16
191 457 48 2
127 449 48 7
96 449 48 7
327 351 48 11
139 410 48 14
507 12 48 17
31 399 48 5
353 449 48 10
285 217 48 16
510 355 48 2
120 60 48 16
27 248 48 20
37 343 48 5
507 185 48 11
67 385 48 11
509 344 48 19
79 437 48 1
265 242 48 3
507 41 48 5
145 4 48 7
211 123 48 4
187 149 48 1
126 248 48 18
513 207 48 7
281 273 48 15
396 297 48 14
100 375 48 17
264 154 48 3
267 114 48 18
1 258 48 12
151 530 48 9
360 169 48 14
331 356 48 2
159 384 48 3
234 117 48 6
84 513 48 6
401 127 48 11
546 390 48 12
508 171 48 12
511 233 48 18
517 383 48 12
160 257 48 20
499 102 48 3
52 260 48 16
359 493 48 9
516 91 48 5
421 492 48 14
154 5 48 4
41 27 48 13
102 538 48 1
421 507 48 6
237 120 48 15
221 133 48 16
14 184 48 11
190 58 48 5
545 26 48 14
317 508 48 14
278 115 48 2
142 217 48 20
177 318 48 18
505 191 48 19
60 427 48 18
541 163 48 13
515 176 48 17
325 428 48 1
80 425 48 14
473 256 48 2
387 48 48 6
367 190 48 6
312 428 48 5
308 385 48 14
264 506 48 2
401 500 48 10
123 529 48 12
29 306 48 10
53 385 48 17
165 373 48 5
175 274 48 1
423 94 48 19
278 405 48 20
512 227 48 8
452 6 48 18
334 406 48 7
377 44 48 19
49 134 48 8
210 248 48 14
248 412 48 7
542 101 48 8
398 523 48 1
443 315 48 2
368 342 48 16
192 308 48 18
37 94 48 9
381 533 48 20
221 34 48 12
366 244 48 13
411 6 48 10
280 547 48 14
485 459 48 4
236 354 48 11
453 174 48 17
350 428 48 3
313 526 48 13
135 360 48 18
62 95 48 9
122 461 48 18
492 324 48 9
117 118 48 20
451 118 48 9
214 353 48 16
354 321 48 10
287 185 48 20
528 497 48 3
378 147 48 16
212 208 48 17
142 392 48 6
315 336 48 4
9 452 48 14
311 417 48 10
462 84 48 4
482 437 48 10
191 176 48 11
326 219 48 9
502 111 48 19
490 322 48 4
26 464 48 4
83 293 48 3
526 363 48 2
54 126 48 15
246 41 48 16
243 37 48 4
76 227 48 19
154 6 48 4
182 507 48 19
356 512 48 2
315 52 48 4
55 134 48 2
131 174 48 6
234 289 48 5
145 534 48 1
201 230 48 1
208 367 48 1
391 35 48 6
368 217 48 18
394 87 48 11
194 401 48 14
34 518 48 12
228 101 48 2
176 334 48 15
312 541 48 14
2 256 48 13
276 464 48 2
292 369 48 11
312 189 48 9
416 35 48 18
422 290 48 8
541 385 48 4
247 66 48 20
188 241 48 18
417 67 48 3
148 131 48 18
108 406 48 19
496 212 48 8
372 39 48 5
525 454 48 11
280 329 48 17
498 384 48 8
76 83 48 19
426 332 48 11
15 264 48 15
206 411 48 1
105 34 48 1
530 529 48 14
228 415 48 11
177 455 48 5
161 187 48 9
496 199 48 16
121 275 48 11
359 153 48 13
352 229 48 6
473 496 48 7
116 115 48 7
288 159 48 15
124 387 48 3
546 78 48 14
327 238 48 13
498 248 48 1
20 369 48 12
172 242 48 6
171 46 48 20
494 33 48 20
196 148 48 19
478 497 48 1
257 74 48 12
512 72 48 16
189 460 48 17
52 472 48 1
114 6 48 5
27 178 48 3
92 410 48 13
447 418 48 2
203 67 48 1
136 544 48 12
227 315 48 19
157 341 48 5
226 529 48 14
533 34 48 14
56 209 48 20
8 298 48 3
264 389 48 19
17 289 48 2
350 6 48 9
346 141 48 18
291 367 48 5
371 38 48 2
37 326 48 12
162 373 48 10
335 428 48 16
451 498 48 2
198 276 48 13
477 292 48 11
18 157 48 15
234 502 48 13
509 307 48 19
66 192 48 6
510 228 48 8
389 451 48 13
425 238 48 3
123 141 48 13
117 400 48 6
15 330 48 14
263 409 48 11
517 158 48 17
426 119 48 3
154 184 48 7
44 146 48 17
197 50 48 6
238 474 48 15
159 49 48 8
154 228 48 6
362 304 48 9
376 20 48 10
547 536 48 16
124 414 48 9
132 82 48 1
268 188 48 17
209 446 48 17
52 136 48 2
195 356 48 18
540 509 48 16
190 385 48 12
294 214 48 7
259 275 48 12
443 460 48 15
198 44 48 14
198 374 48 15
343 35 48 17
538 86 48 3
174 342 48 5
467 334 48 17
379 39 48 14
109 394 48 12
405 167 48 2
204 62 48 12
416 321 48 6
224 518 48 1
282 313 48 6
176 365 48 14
267 53 48 13
229 520 48 12
153 413 48 18
523 36 48 19
12 440 48 8
322 158 48 16
59 26 48 15
387 311 48 5
479 107 48 15
182 282 48 20
518 64 48 3
163 292 48 12
141 506 48 7
282 481 48 7
268 492 48 10
421 328 48 7
149 449 48 4
136 288 48 14
154 282 48 13
547 463 48 7
211 433 48 8
536 48 48 4
286 251 48 10
448 532 48 9
98 252 48 14
311 125 48 8
72 274 48 1
529 471 48 10
202 139 48 8
44 201 48 20
168 411 48 10
416 399 48 20
409 137 48 4
423 99 48 12
432 258 48 10
385 21 48 11
243 154 48 9
487 135 48 11
534 398 48 1
252 442 48 10
495 124 48 1
77 539 48 12
315 463 48 14
256 400 48 13
181 284 48 19
419 183 48 17
235 426 48 9
448 365 48 6
37 351 48 2
374 118 48 12
363 65 48 3
216 203 48 10
43 517 48 1
69 225 48 5
192 467 48 2
26 339 48 14
426 88 48 11
10 536 48 9
274 25 48 15
451 398 48 15
522 214 48 8
293 491 48 5
541 48 48 7
218 116 48 19
295 308 48 10
107 333 48 15
164 273 48 12
99 282 48 12
461 71 48 13
79 521 48 9
485 11 48 8
408 303 48 3
49 358 48 5
207 29 48 13
104 323 48 6
529 491 48 7
199 108 48 20
18 268 48 19
434 181 48 8
327 321 48 16
195 258 48 19
276 181 48 11
362 229 48 8
11 435 48 16
322 53 48 7
455 35 48 19
373 295 48 12
78 374 48 16
127 260 48 5
246 101 48 19
339 296 48 18
503 24 48 16
485 448 48 9
216 520 48 17
98 294 48 4
303 263 48 5
451 88 48 14
221 227 48 2
320 354 48 12
53 52 48 9
107 452 48 12
542 470 48 16
1 407 48 4
297 137 48 16
481 297 48 8
233 52 48 13
80 502 48 1
222 237 48 8
251 9 48 3
540 124 48 1
382 292 48 19
519 286 48 10
194 286 48 12
379 35 48 6
535 31 48 6
438 263 48 11
179 342 48 11
493 78 48 5
1 329 48 12
471 383 48 5
445 217 48 14
386 188 48 16
249 381 48 18
96 212 48 9
141 200 48 4
420 152 48 11
265 330 48 14
64 337 48 20
161 399 48 9
266 322 48 5
10 220 48 8
529 58 48 9
302 369 48 15
421 526 48 11
90 119 48 11
336 538 48 15
297 317 48 15
177 442 48 13
134 55 48 10
543 382 48 6
178 391 48 12
29 435 48 10
129 251 48 10
124 186 48 3
393 276 48 6
314 64 48 16
510 423 48 3
489 114 48 9
319 309 48 10
547 304 48 6
3 481 48 12
287 24 48 7
144 214 48 14
368 337 48 7
86 183 48 9
406 11 48 19
232 521 48 8
435 524 48 9
533 295 48 13
137 294 48 20
123 359 48 10
15 160 48 6
340 365 48 4
431 248 48 3
160 333 48 12
226 191 48 13
355 484 48 9
484 434 48 18
116 419 48 4
119 8 48 5
424 131 48 5
178 207 48 11
501 61 48 2
6 491 48 18
456 165 48 14
541 452 48 11
151 260 48 2
344 196 48 16
512 373 48 14
428 6 48 17
152 430 48 19
296 122 48 3
114 75 48 8
235 142 48 18
118 50 48 1
333 43 48 3
254 256 48 16
173 52 48 7
463 16 48 5
139 505 48 5
431 109 48 8
307 404 48 3
388 518 48 8
45 267 48 5
255 447 48 2
82 294 48 16
360 62 48 1
413 234 48 9
175 211 48 18
372 411 48 10
513 295 48 11
112 54 48 7
318 503 48 10
175 63 48 13
173 317 48 4
221 398 48 4
374 272 48 1
296 137 48 10
270 374 48 4
321 198 48 2
391 225 48 6
508 399 48 10
59 169 48 13
126 405 48 9
37 30 48 20
394 251 48 2
13 139 48 1
240 434 48 14
215 218 48 6
401 53 48 1
513 444 48 5
371 466 48 8
345 524 48 13
336 165 48 7
327 263 48 6
211 110 48 4
430 122 48 4
435 423 48 11
92 152 48 12
122 6 48 6
412 33 48 1
441 465 48 19
321 324 48 8
369 112 48 16
336 500 48 19
332 163 48 1
32 107 48 5
478 57 48 3
326 148 48 5
454 332 48 5
87 258 48 5
287 213 48 2
405 533 48 11
15 416 48 18
398 204 48 9
497 535 48 17
157 81 48 9
63 12 48 16
390 399 48 3
322 305 48 16
321 453 48 3
414 192 48 12
425 112 48 2
212 126 48 13
172 524 48 3
85 473 48 2
161 144 48 20
405 268 48 6
158 111 48 10
58 494 48 6
352 268 48 9
417 196 48 1
148 73 48 10
410 284 48 3
541 456 48 18
389 540 48 14
287 215 48 3
204 72 48 11
255 291 48 19
158 349 48 15
366 215 48 8
541 146 48 10
360 293 48 17
353 218 48 5
471 211 48 18
18 114 48 8
161 401 48 1
447 119 48 7
454 435 48 3
86 46 48 2
274 473 48 20
181 466 48 11
284 340 48 16
460 145 48 11
434 68 48 5
378 147 48 12
314 307 48 18
527 269 48 2
327 237 48 10
417 385 48 14
370 111 48 8
537 291 48 4
364 28 48 10
546 487 48 1
398 435 48 17
522 265 48 17
275 93 48 16
489 73 48 18
275 461 48 1
10 330 48 18
337 152 48 20
104 203 48 10
336 19 48 14
360 80 48 12
106 539 48 8
467 29 48 7
489 303 48 1
270 244 48 1
444 33 48 14
307 42 48 14
7 440 48 6
426 543 48 17
41 331 48 9
231 206 48 18
483 311 48 6
76 292 48 8
541 233 48 12
5 18 48 11
88 461 48 8
146 220 48 18
533 226 48 12
524 166 48 11
170 206 48 4
444 498 48 19
311 434 48 4
170 24 48 1
57 79 48 16
308 84 48 14
256 233 48 4
360 441 48 10
505 426 48 17
543 403 48 16
92 87 48 17
518 530 48 4
117 294 48 2
88 525 48 18
351 35 48 19
300 342 48 8
265 112 48 5
206 471 48 4
365 429 48 10
327 486 48 19
391 30 48 15
114 62 48 20
397 240 48 10
80 328 48 2
334 193 48 4
181 7 48 11
173 272 48 20
397 539 48 4
515 418 48 19
511 197 48 16
424 41 48 11
485 216 48 13
529 127 48 14
381 207 48 8
211 55 48 7
136 297 48 16
403 469 48 19
235 318 48 20
114 285 48 20
421 310 48 9
119 248 48 17
456 186 48 16
370 167 48 19
461 63 48 10
456 335 48 15
96 470 48 16
352 388 48 20
332 137 48 3
303 250 48 6
207 123 48 12
369 241 48 17
509 212 48 18
441 34 48 2
438 9 48 19
156 526 48 14
537 74 48 7
58 488 48 11
109 272 48 18
478 90 48 7
99 358 48 8
29 179 48 8
207 140 48 18
147 95 48 18
254 48 48 17
484 203 48 10
502 255 48 16
504 312 48 9
346 421 48 19
324 413 48 14
4 511 48 17
353 539 48 16
519 261 48 19
350 407 48 2
275 113 48 14
271 50 48 4
182 4 48 7
291 507 48 10
340 305 48 11
114 143 48 13
523 146 48 13
196 13 48 2
108 531 48 1
160 395 48 3
368 123 48 12
76 455 48 8
48 151 48 12
213 442 48 6
266 296 48 20
192 409 48 11
45 385 48 17
408 95 48 13
215 264 48 19
283 485 48 15
210 305 48 8
373 380 48 6
39 428 48 11
316 155 48 9
68 482 48 8
123 188 48 8
383 232 48 13
240 92 48 20
110 306 48 4
25 103 48 17
334 374 48 10
281 200 48 6
196 238 48 3
200 6 48 8
160 73 48 2
416 258 48 3
48 155 48 7
64 394 48 6
236 18 48 13
186 104 48 10
12 500 48 9
205 295 48 3
292 490 48 11
321 143 48 5
19 364 48 1
198 294 48 20
17 341 48 16
191 466 48 6
456 216 48 1
541 402 48 1
182 475 48 3
259 194 48 11
472 547 48 2
500 382 48 19
533 400 48 10
153 112 48 9
93 190 48 9
124 380 48 8
126 288 48 11
208 344 48 16
393 40 48 15
530 298 48 15
414 285 48 15
302 237 48 7
395 222 48 20
304 436 48 17
506 528 48 6
79 167 48 19
118 354 48 7
372 14 48 4
542 406 48 11
92 450 48 15
445 378 48 12
313 133 48 4
500 527 48 11
116 345 48 10
391 365 48 15
371 444 48 19
183 14 48 15
344 385 48 14
364 441 48 2
423 532 48 7
170 492 48 13
264 257 48 12
46 271 48 11
112 448 48 15
128 292 48 8
62 115 48 11
225 359 48 15
256 217 48 18
238 33 48 7
141 455 48 9
9 140 48 17
192 465 48 10
22 25 48 14
440 198 48 8
108 325 48 9
202 449 48 6
131 188 48 17
196 443 48 17
99 133 48 12
441 336 48 14
283 406 48 16
131 112 48 6
297 195 48 3
186 87 48 15
523 256 48 5
118 519 48 13
437 164 48 9
19 360 48 3
427 458 48 13
321 351 48 19
184 149 48 8
248 341 48 4
229 91 48 10
296 276 48 4
14 251 48 20
119 431 48 1
124 320 48 15
317 338 48 7
404 280 48 15
201 53 48 17
333 236 48 2
385 545 48 6
1 226 48 1
358 36 48 16
316 50 48 4
44 230 48 12
291 353 48 10
154 122 48 2
438 41 48 17
23 303 48 6
82 151 48 14
290 535 48 8
353 51 48 9
506 408 48 8
449 239 48 14
96 344 48 4
235 87 48 2
146 302 48 10
519 192 48 9
14 276 48 3
171 358 48 19
77 162 48 16
528 514 48 12
171 534 48 12
397 435 48 20
187 46 48 11
268 280 48 20
93 488 48 3
163 459 48 8
335 534 48 19
262 157 48 15
340 234 48 6
467 214 48 1
159 384 48 20
258 296 48 6
111 482 48 19
307 203 48 18
104 357 48 3
265 34 48 4
71 430 48 13
214 206 48 13
167 545 48 20
343 526 48 14
547 137 48 3
190 457 48 15
329 20 48 15
514 326 48 5
8 491 48 19
536 209 48 18
490 279 48 10
430 492 48 9
527 173 48 15
372 515 48 13
492 514 48 16
449 156 48 14
215 484 48 19
463 512 48 13
428 519 48 3
326 22 48 4
257 511 48 15
70 394 48 2
151 435 48 15
291 322 48 15
409 266 48 6
179 229 48 19
467 444 48 20
165 359 48 18
250 302 48 12
341 142 48 2
92 399 48 5
122 530 48 4
157 133 48 11
365 485 48 6
539 347 48 14
195 40 48 8
67 507 48 16
423 124 48 20
259 436 48 3
190 291 48 7
80 382 48 10
543 503 48 9
305 113 48 15
17 539 48 4
111 530 48 19
471 239 48 3
513 306 48 2
450 243 48 6
261 501 48 6
435 143 48 17
204 285 48 10
370 280 48 5
34 100 48 2
440 178 48 16
236 288 48 13
378 212 48 20
74 177 48 18
277 79 48 14
118 402 48 19
456 289 48 2
537 492 48 6
514 377 48 19
447 410 48 11
69 364 48 5
167 52 48 6
372 491 48 12
268 18 48 18
469 294 48 4
365 411 48 16
277 381 48 8
456 370 48 12
309 398 48 4
504 360 48 16
313 428 48 4
237 110 48 13
511 481 48 11
510 201 48 11
77 184 48 19
393 1 48 20
16 340 48 11
474 248 48 20
330 71 48 16
77 90 48 16
296 402 48 13
331 154 48 9
417 179 48 1
447 203 48 16
9 341 48 15
473 186 48 11
253 201 48 3
475 128 48 12
519 519 48 4
414 49 48 20
182 406 48 18
378 189 48 15
136 58 48 8
436 20 48 9
451 90 48 6
102 16 48 4
363 330 48 20
415 258 48 3
230 291 48 4
177 219 48 9
213 401 48 14
165 293 48 6
333 491 48 13
193 441 48 2
256 345 48 3
113 508 48 1
217 323 48 11
36 191 48 12
530 482 48 3
510 111 48 10
538 323 48 10
486 2 48 7
75 396 48 20
330 42 48 5
58 359 48 2
484 533 48 5
440 264 48 7
240 300 48 20
298 282 48 15
99 244 48 7
118 296 48 7
53 234 48 1
280 370 48 14
450 152 48 15
513 271 48 12
436 269 48 9
381 223 48 11
101 463 48 20
74 213 48 7
527 373 48 15
59 5 48 8
521 57 48 7
438 398 48 17
204 300 48 14
10 328 48 9
299 278 48 6
27 111 48 15
80 273 48 9
432 346 48 8
33 388 48 14
486 508 48 8
202 481 48 13
151 372 48 13
531 28 48 1
515 99 48 20
285 398 48 12
324 486 48 1
100 80 48 13
338 26 48 1
365 120 48 18
155 120 48 11
11 321 48 18
471 471 48 12
297 454 48 10
484 483 48 15
513 221 48 1
272 59 48 17
203 158 48 13
468 10 48 12
532 436 48 16
498 43 48 3
424 115 48 12
346 101 48 5
91 459 48 14
411 395 48 20
344 360 48 4
127 146 48 15
457 348 48 15
381 268 48 4
330 315 48 9
460 265 48 3
162 204 48 10
184 64 48 17
191 154 48 1
104 17 48 14
14 360 48 3
83 1 48 3
333 519 48 14
194 414 48 8
125 258 48 6
492 170 48 17
415 393 48 10
453 29 48 3
44 281 48 19
155 446 48 1
113 460 48 1
492 57 48 13
469 389 48 19
246 35 48 17
415 160 48 16
288 166 48 5
3 33 48 4
468 486 48 18
511 44 48 9
161 199 48 16
436 373 48 13
38 318 48 8
188 239 48 7
310 547 48 2
360 414 48 19
120 216 48 15
50 281 48 4
435 263 48 8
301 227 48 3
509 449 48 8
69 337 48 16
150 374 48 14
287 77 48 4
266 448 48 18
341 260 48 8
28 441 48 19
489 491 48 8
373 378 48 16
320 193 48 16
310 216 48 7
13 347 48 13
150 496 48 14
58 298 48 3
328 16 48 10
535 418 48 3
185 445 48 18
112 448 48 10
258 335 48 11
181 107 48 14
330 478 48 15
442 5 48 14
405 155 48 19
194 274 48 4
122 54 48 20
496 103 48 16
36 349 48 6
78 460 48 16
63 232 48 1
487 412 48 10
9 256 48 7
355 150 48 17
501 69 48 18
110 263 48 4
16 446 48 6
546 394 48 17
399 491 48 12
211 21 48 13
470 83 48 17
31 84 48 9
184 154 48 18
392 509 48 20
542 524 48 9
423 148 48 9
30 163 48 15
237 223 48 4
123 136 48 16
357 408 48 2
503 392 48 17
334 422 48 1
30 121 48 17
43 512 48 10
205 21 48 18
498 443 48 7
21 472 48 12
536 223 48 4
413 345 48 6
233 154 48 7
135 109 48 18
120 443 48 11
251 534 48 20
50 29 48 7
295 295 48 12
93 308 48 4
523 328 48 2
145 317 48 15
536 244 48 19
30 476 48 17
478 63 48 14
223 245 48 13
451 10 48 3
315 59 48 5
142 415 48 18
475 507 48 11
217 544 48 4
493 203 48 2
381 191 48 1
67 282 48 12
514 212 48 12
38 496 48 18
4 461 48 10
503 228 48 12
60 370 48 9
459 359 48 6
70 90 48 9
71 35 48 5
450 416 48 1
525 544 48 18
43 25 48 2
233 125 48 18
119 128 48 1
77 146 48 1
154 205 48 14
99 178 48 7
64 310 48 20
88 380 48 17
313 345 48 2
244 384 48 5
455 427 48 3
331 174 48 12
216 292 48 4
15 430 48 10
42 37 48 18
499 197 48 12
283 260 48 16
94 409 48 5
63 237 48 11
448 542 48 2
343 449 48 14
325 294 48 18
369 25 48 12
118 39 48 8
496 142 48 15
109 156 48 5
447 438 48 4
484 46 48 11
478 108 48 20
269 70 48 15
444 413 48 6
12 190 48 13
363 74 48 15
458 191 48 4
435 201 48 3
511 372 48 15
173 271 48 18
219 269 48 15
127 200 48 19
332 468 48 6
532 426 48 6
86 500 48 17
57 315 48 17
538 225 48 14
25 174 48 17
200 137 48 4
531 372 48 18
266 43 48 7
47 231 48 14
544 16 48 1
16 547 48 11
510 147 48 4
99 203 48 2
370 193 48 16
284 279 48 5
460 479 48 13
461 524 48 19
246 242 48 2
238 350 48 10
491 408 48 17
180 486 48 14
294 510 48 6
422 61 48 13
379 492 48 15
75 228 48 13
491 202 48 3
12 177 48 7
451 423 48 7
386 175 48 16
128 181 48 6
370 360 48 9
188 168 48 7
152 104 48 20
380 544 48 20
316 71 48 20
531 14 48 4
129 88 48 1
313 538 48 15
253 376 48 12
542 503 48 2
207 387 48 13
419 89 48 15
46 240 48 7
342 135 48 18
35 450 48 7
502 495 48 7
139 77 48 1
499 451 48 7
311 156 48 20
235 150 48 7
464 419 48 18
504 290 48 4
227 398 48 4
52 192 48 9
483 227 48 17
498 243 48 2
527 381 48 17
158 394 48 9
265 157 48 8
324 454 48 5
400 370 48 2
316 326 48 15
321 5 48 9
142 119 48 15
97 116 48 17
16 66 48 2
368 108 48 16
373 265 48 9
281 44 48 17
344 429 48 1
72 282 48 6
217 50 48 1
167 432 48 15
514 26 48 4
21 184 48 1
362 200 48 9
399 82 48 17
270 455 48 17
49 188 48 17
531 532 48 14
435 118 48 8
160 334 48 16
273 501 48 4
453 529 48 5
203 64 48 17
69 426 48 2
62 277 48 9
100 546 48 5
526 109 48 2
449 155 48 16
254 42 48 3
401 263 48 5
51 51 48 7
133 503 48 17
364 220 48 11
169 288 48 16
236 349 48 17
446 510 48 19
501 489 48 20
320 452 48 2
124 220 48 1
44 74 48 19
360 124 48 15
144 318 48 12
457 134 48 9
286 365 48 8
55 53 48 3
162 498 48 8
268 513 48 6
545 285 48 13
428 470 48 8
415 29 48 13
179 450 48 19
540 47 48 19
371 503 48 7
359 303 48 13
212 419 48 18
414 95 48 10
31 425 48 13
260 484 48 13
393 364 48 4
199 293 48 18
78 471 48 3
205 525 48 16
40 348 48 2
70 222 48 3
403 433 48 6
364 299 48 7
276 391 48 17
214 103 48 7
499 496 48 19
160 209 48 4
457 349 48 2
110 6 48 5
356 45 48 18
134 114 48 12
214 31 48 10
227 457 48 12
335 247 48 11
381 460 48 18
364 474 48 4
163 148 48 16
378 57 48 19
517 167 48 11
149 37 48 2
66 171 48 19
266 446 48 13
413 126 48 7
312 522 48 2
117 417 48 7
24 233 48 1
3 457 48 4
128 288 48 5
117 257 48 11
48 467 48 17
148 47 48 3
361 374 48 11
57 240 48 19
272 66 48 13
185 182 48 10
73 267 48 7
434 269 48 8
457 459 48 11
475 28 48 1
235 137 48 4
94 284 48 7
123 97 48 3
113 216 48 12
227 487 48 13
378 186 48 2
460 321 48 2
227 269 48 2
451 179 48 4
477 168 48 11
213 402 48 1
477 496 48 9
240 133 48 3
377 245 48 5
268 534 48 5
163 364 48 13
363 338 48 10
282 17 48 12
470 530 48 15
84 459 48 15
334 186 48 15
174 177 48 10
235 417 48 2
516 308 48 7
404 29 48 10
292 253 48 16
428 68 48 14
399 349 48 14
30 334 48 12
447 479 48 10
423 266 48 19
377 439 48 16
279 188 48 18
375 218 48 19
169 74 48 19
11 428 48 14
216 370 48 17
273 222 48 10
347 251 48 13
402 150 48 5
431 87 48 5
37 463 48 5
428 256 48 13
203 84 48 8
285 314 48 17
458 387 48 2
273 55 48 3
280 328 48 12
88 189 48 9
229 43 48 20
425 474 48 1
340 25 48 8
207 514 48 12
324 231 48 13
111 515 48 17
33 425 48 10
383 213 48 11
70 492 48 8
40 94 48 3
260 322 48 19
144 261 48 14
177 53 48 2
188 260 48 6
454 98 48 7
380 208 48 4
72 302 48 14
151 199 48 4
284 330 48 10
321 369 48 1
484 81 48 1
204 287 48 15
460 525 48 6
192 165 48 12
500 133 48 5
490 512 48 4
448 37 48 18
408 187 48 15
32 532 48 3
210 305 48 11
480 303 48 1
40 21 48 19
407 542 48 9
341 187 48 12
50 201 48 5
402 143 48 6
415 106 48 10
306 513 48 7
333 544 48 7
205 268 48 1
384 201 48 19
220 302 48 3
280 223 48 16
379 16 48 10
158 65 48 11
8 467 48 9
493 396 48 16
467 216 48 17
142 1 48 8
410 206 48 5
435 104 48 2
277 323 48 7
201 117 48 18
58 10 48 17
163 168 48 10
530 237 48 3
493 182 48 11
13 163 48 11
108 366 48 10
199 228 48 17
72 177 48 19
208 453 48 4
97 168 48 2
209 226 48 1
398 450 48 5
104 495 48 10
401 440 48 13
545 514 48 3
358 74 48 14
295 334 48 4
375 468 48 17
135 128 48 19
279 224 48 5
539 432 48 9
261 282 48 4
213 448 48 9
400 301 48 4
222 360 48 13
267 232 48 15
193 526 48 7
345 415 48 16
127 2 48 16
422 280 48 1
338 333 48 14
541 47 48 17
162 259 48 17
214 111 48 4
221 394 48 9
256 176 48 13
364 368 48 7
259 165 48 9
136 353 48 15
140 228 48 2
430 80 48 1
57 136 48 3
27 297 48 13
445 25 48 20
130 245 48 14
175 15 48 4
514 379 48 12
222 152 48 17
406 350 48 17
107 4 48 5
150 433 48 1
525 489 48 2
399 516 48 3
46 413 48 5
412 57 48 10
140 232 48 4
43 260 48 16
375 481 48 8
387 401 48 4
204 23 48 11
310 234 48 8
495 211 48 2
331 124 48 16
462 169 48 11
71 95 48 10
472 235 48 10
464 339 48 15
225 167 48 3
199 6 48 11
523 209 48 8
365 33 48 16
30 42 48 3
308 372 48 15
7 287 48 4
118 357 48 1
410 343 48 20
385 259 48 4
73 545 48 15
302 259 48 14
447 234 48 5
67 113 48 4
529 142 48 3
169 450 48 17
479 456 48 7
472 89 48 17
13 498 48 14
396 335 48 7
86 469 48 5
427 224 48 2
288 123 48 14
419 252 48 11
97 295 48 12
364 526 48 19
455 457 48 7
347 382 48 1
110 456 48 19
278 366 48 10
220 452 48 10
159 393 48 12
356 134 48 14
301 67 48 20
420 226 48 13
133 42 48 14
358 496 48 9
6 357 48 6
351 466 48 5
99 197 48 14
305 416 48 19
433 27 48 2
237 444 48 9
226 259 48 4
465 131 48 9
514 325 48 19
56 135 48 2
540 202 48 12
434 5 48 17
299 165 48 15
467 470 48 12
54 355 48 12
95 107 48 16
270 332 48 1
26 311 48 5
7 340 48 20
91 395 48 15
123 449 48 18
26 398 48 19
394 149 48 10
412 130 48 11
421 245 48 11
457 339 48 2
388 61 48 1
155 86 48 8
51 154 48 14
272 306 48 12
205 490 48 12
277 515 48 14
353 424 48 19
109 350 48 4
334 223 48 7
429 132 48 1
144 35 48 12
253 189 48 5
125 239 48 10
398 26 48 3
33 230 48 19
179 506 48 19
175 373 48 1
381 482 48 11
169 330 48 1
139 273 48 13
510 417 48 12
456 122 48 10
487 308 48 12
249 158 48 8
255 252 48 13
265 493 48 16
242 120 48 3
158 16 48 8
422 184 48 9
362 385 48 7
434 409 48 17
539 317 48 19
286 318 48 20
333 20 48 5
405 336 48 6
159 53 48 13
418 356 48 11
17 28 48 19
98 450 48 12
23 264 48 7
220 150 48 17
287 204 48 9
51 4 48 3
61 336 48 17
289 193 48 5
346 351 48 5
286 283 48 16
408 299 48 13
544 458 48 4
379 480 48 5
51 215 48 3
131 16 48 7
42 66 48 2
333 126 48 3
95 477 48 5
255 275 48 16
528 76 48 19
125 483 48 1
297 541 48 16
432 435 48 18
284 485 48 12
348 131 48 7
67 172 48 13
337 504 48 7
456 114 48 8
283 430 48 9
521 410 48 15
433 50 48 12
220 408 48 15
402 292 48 2
94 29 48 3
485 376 48 3
406 442 48 14
393 293 48 17
20 264 48 10
185 61 48 9
77 34 48 19
169 528 48 6
133 200 48 11
215 117 48 9
184 210 48 5
91 210 48 13
189 68 48 12
459 460 48 2
201 541 48 7
117 178 48 11
401 317 48 14
124 485 48 1
443 132 48 18
75 347 48 7
60 530 48 17
12 135 48 12
400 324 48 10
198 297 48 18
351 497 48 20
219 129 48 13
148 529 48 15
172 167 48 12
238 62 48 8
504 198 48 8
339 257 48 13
446 330 48 19
214 245 48 15
50 442 48 10
408 245 48 18
212 526 48 19
193 188 48 2
491 421 48 1
240 111 48 5
121 130 48 20
348 530 48 2
135 428 48 17
56 157 48 12
362 268 48 6
417 128 48 14
484 401 48 1
132 47 48 10
370 52 48 14
227 291 48 5
207 412 48 9
384 274 48 4
395 408 48 17
188 463 48 1
225 277 48 17
218 147 48 13
33 145 48 10
311 277 48 11
291 161 48 19
144 450 48 9
108 109 48 9
262 8 48 6
337 402 48 3
417 42 48 12
43 328 48 13
546 60 48 1
145 93 48 13
82 465 48 14
127 209 48 17
285 414 48 15
186 521 48 4
14 236 48 2
177 87 48 19
200 503 48 7
139 61 48 17
417 121 48 2
355 265 48 8
438 346 48 7
312 534 48 19
409 333 48 17
407 34 48 19
514 109 48 12
205 285 48 19
235 484 48 2
430 76 48 8
405 492 48 9
502 299 48 15
81 252 48 17
187 16 48 15
16 486 48 1
259 346 48 1
475 374 48 15
441 32 48 8
8 328 48 7
140 273 48 10
332 192 48 10
98 146 48 3
128 289 48 2
18 475 48 8
504 6 48 8
229 264 48 10
48 253 48 1
461 146 48 17
125 215 48 12
335 355 48 1
73 139 48 12
364 298 48 17
469 425 48 13
277 505 48 10
163 461 48 5
535 204 48 7
219 252 48 18
339 227 48 13
490 413 48 18
422 263 48 3
140 335 48 7
535 152 48 17
44 73 48 9
449 411 48 10
235 27 48 6
26 76 48 19
142 356 48 8
510 148 48 20
538 90 48 2
296 26 48 17
407 166 48 18
172 215 48 9
235 258 48 13
237 222 48 11
196 456 48 3
130 482 48 4
268 138 48 20
172 163 48 6
364 153 48 14
484 448 48 5
318 370 48 10
487 541 48 12
384 290 48 9
353 526 48 12
186 236 48 10
106 366 48 20
164 86 48 20
30 258 48 14
105 136 48 6
269 72 48 19
459 452 48 2
267 453 48 13
352 290 48 18
147 95 48 7
225 342 48 11
149 510 48 6
132 188 48 2
252 279 48 3
534 383 48 4
483 104 48 13
395 78 48 8
129 406 48 18
404 210 48 2
483 418 48 8
55 95 48 4
348 244 48 19
521 437 48 17
233 141 48 9
263 127 48 12
429 124 48 15
182 519 48 7
385 100 48 9
9 18 48 7
469 15 48 15
539 70 48 14
465 479 48 11
353 453 48 1
490 138 48 3
358 400 48 18
61 282 48 4
414 525 48 2
360 362 48 13
164 433 48 11
239 354 48 7
185 345 48 5
226 262 48 19
24 129 48 13
259 71 48 1
86 428 48 13
102 488 48 17
303 417 48 13
475 291 48 1
261 516 48 9
127 207 48 14
8 454 48 1
19 132 48 11
447 155 48 4
295 475 48 18
342 14 48 11
180 177 48 16
422 479 48 17
95 406 48 4
191 119 48 17
172 308 48 19
21 315 48 19
215 333 48 11
186 295 48 5
347 104 48 15
31 446 48 2
143 140 48 16
320 76 48 20
303 170 48 7
92 422 48 17
395 108 48 13
420 129 48 13
351 405 48 2
413 43 48 9
207 451 48 6
413 482 48 18
147 139 48 17
542 458 48 20
383 276 48 2
144 429 48 5
23 338 48 19
272 211 48 15
287 76 48 17
212 4 48 14
431 210 48 11
269 75 48 16
4 283 48 7
488 277 48 5
15 174 48 13
258 379 48 11
438 401 48 11
179 187 48 16
109 474 48 4
382 200 48 8
275 84 48 9
9 352 48 5
348 417 48 17
216 419 48 12
57 433 48 1
235 206 48 10
294 158 48 7
144 398 48 6
327 507 48 10
39 403 48 20
301 130 48 5
225 200 48 14
347 547 48 5
204 278 48 1
337 396 48 7
158 84 48 3
419 439 48 13
534 35 48 9
288 424 48 16
92 462 48 18
33 216 48 14
120 502 48 12
10 302 48 9
379 505 48 10
135 357 48 11
385 29 48 17
293 448 48 6
420 496 48 19
398 236 48 13
335 327 48 3
190 421 48 7
236 540 48 1
481 65 48 2
303 443 48 10
340 92 48 3
288 476 48 13
318 283 48 10
302 218 48 12
321 68 48 4
277 465 48 15
86 169 48 17
172 404 48 1
275 399 48 6
69 155 48 16
492 9 48 2
115 296 48 20
314 129 48 6
474 430 48 2
36 265 48 20
441 542 48 2
141 142 48 10
261 376 48 9
373 103 48 10
65 233 48 10
199 178 48 14
486 292 48 19
217 120 48 3
293 109 48 15
523 206 48 20
398 99 48 4
128 301 48 1
88 14 48 16
513 449 48 2
243 513 48 8
188 226 48 16
142 226 48 20
454 505 48 11
408 250 48 12
245 287 48 14
409 138 48 5
504 327 48 10
256 477 48 3
383 504 48 19
127 199 48 12
42 449 48 17
195 105 48 19
155 73 48 6
235 543 48 7
546 240 48 4
454 163 48 15
37 120 48 13
467 437 48 8
426 335 48 12
286 461 48 13
235 17 48 14
409 212 48 16
262 366 48 20
133 115 48 18
316 114 48 16
238 82 48 12
359 118 48 3
383 99 48 1
275 40 48 20
185 387 48 5
355 75 48 13
427 483 48 10
118 197 48 19
490 392 48 20
249 160 48 15
371 397 48 10
46 270 48 1
512 105 48 17
320 441 48 1
524 140 48 3
156 495 48 5
290 436 48 11
150 68 48 5
376 10 48 11
231 320 48 8
199 143 48 11
248 251 48 14
414 277 48 9
255 111 48 17
74 87 48 19
341 242 48 17
135 47 48 20
411 196 48 3
461 86 48 14
293 378 48 5
346 29 48 1
310 338 48 4
58 266 48 17
520 521 48 12
328 109 48 20
337 449 48 5
356 36 48 20
324 508 48 18
360 422 48 16
405 229 48 7
346 90 48 11
430 399 48 7
279 519 48 9
466 491 48 7
216 271 48 13
52 122 48 9
192 477 48 11
439 254 48 10
335 128 48 9
441 47 48 10
377 392 48 1
403 275 48 16
220 68 48 7
303 49 48 15
420 264 48 8
37 316 48 12
163 22 48 9
387 460 48 17
24 310 48 19
206 265 48 20
69 94 48 4
22 11 48 4
435 231 48 3
334 48 48 16
176 467 48 18
350 503 48 5
98 181 48 5
323 20 48 10
378 43 48 4
498 310 48 7
179 378 48 5
252 399 48 8
113 348 48 15
42 196 48 14
81 371 48 20
384 173 48 8
516 271 48 8
123 108 48 14
189 486 48 3
79 498 48 15
233 130 48 20
480 381 48 9
252 8 48 7
317 112 48 2
428 254 48 2
459 90 48 12
23 121 48 5
313 243 48 5
76 493 48 15
489 86 48 13
118 318 48 3
124 312 48 8
43 78 48 4
372 394 48 4
350 275 48 15
213 248 48 16
248 332 48 2
69 98 48 6
544 173 48 13
472 176 48 14
412 355 48 7
482 478 48 20
446 36 48 8
418 469 48 19
16 333 48 17
353 545 48 1
356 246 48 20
479 376 48 12
359 372 48 3
246 358 48 15
156 222 48 12
445 218 48 3
498 117 48 18
143 49 48 3
120 65 48 2
495 479 48 18
24 349 48 13
431 342 48 12
450 153 48 11
156 460 48 4
99 68 48 3
335 27 48 12
17 39 48 9
342 181 48 5
104 363 48 8
199 310 48 12
291 395 48 12
81 340 48 1
308 304 48 16
421 521 48 9
344 73 48 5
3 469 48 10
489 485 48 7
59 342 48 20
225 507 48 2
454 158 48 17
192 448 48 7
277 43 48 13
157 350 48 16
188 223 48 12
194 81 48 13
328 146 48 14
489 149 48 16
140 208 48 18
34 432 48 2
290 400 48 12
371 44 48 15
361 321 48 17
143 477 48 7
291 179 48 9
413 434 48 8
121 215 48 13
236 218 48 11
413 357 48 7
445 453 48 9
375 195 48 9
40 80 48 13
152 440 48 10
306 98 48 20
325 450 48 19
20 315 48 10
466 436 48 15
448 186 48 11
155 113 48 9
8 11 48 3
353 447 48 14
4 486 48 20
308 90 48 13
384 396 48 3
452 173 48 13
213 254 48 5
407 172 48 13
331 134 48 10
471 289 48 6
483 358 48 16
400 163 48 5
27 229 48 3
280 536 48 10
487 434 48 17
245 338 48 6
514 65 48 7
65 534 48 13
52 317 48 14
286 302 48 7
85 238 48 19
442 152 48 2
151 178 48 13
407 457 48 16
206 397 48 13
462 156 48 2
406 184 48 15
56 248 48 8
486 299 48 20
503 99 48 9
385 184 48 8
15 140 48 19
479 352 48 18
14 211 48 14
147 479 48 10
166 455 48 9
37 313 48 19
520 368 48 20
504 307 48 10
257 324 48 16
374 162 48 17
180 238 48 16
200 169 48 9
460 183 48 11
82 391 48 10
162 9 48 2
459 45 48 18
392 80 48 18
25 36 48 12
19 293 48 13
174 119 48 14
511 360 48 9
503 13 48 17
236 472 48 13
304 68 48 5
365 229 48 13
334 140 48 14
68 531 48 11
231 70 48 3
154 89 48 8
524 324 48 19
508 287 48 11
182 242 48 7
87 540 48 4
236 358 48 15
228 176 48 1
290 509 48 10
397 91 48 8
35 321 48 11
256 536 48 3
284 512 48 12
492 472 48 14
451 107 48 10
545 255 48 7
79 491 48 15
226 233 48 8
55 523 48 15
84 372 48 9
159 406 48 4
303 177 48 14
50 460 48 5
120 405 48 16
538 370 48 1
166 429 48 16
333 507 48 16
373 186 48 13
40 302 48 4
278 385 48 18
58 58 48 10
159 360 48 9
311 471 48 6
427 105 48 8
467 158 48 1
191 323 48 20
169 109 48 11
90 481 48 10
305 35 48 17
496 312 48 14
510 370 48 7
445 43 48 20
71 353 48 13
157 294 48 7
99 214 48 18
535 466 48 7
305 87 48 9
34 176 48 10
11 480 48 18
350 490 48 18
527 453 48 12
277 412 48 11
448 483 48 11
57 92 48 6
256 252 48 2
127 301 48 20
383 58 48 7
199 92 48 10
11 164 48 1
404 513 48 5
76 8 48 10
118 346 48 5
264 246 48 7
215 302 48 5
460 73 48 7
495 261 48 12
386 96 48 5
425 295 48 11
92 367 48 16
301 285 48 4
452 360 48 9
85 539 48 1
129 255 48 11
171 532 48 20
365 506 48 9
264 454 48 3
526 292 48 14
298 170 48 5
223 323 48 2
373 76 48 18
488 42 48 14
64 126 48 11
46 317 48 1
274 487 48 16
318 304 48 9
496 83 48 4
325 123 48 16
374 420 48 8
108 157 48 17
332 529 48 14
231 469 48 5
5 47 48 17
379 155 48 16
522 490 48 12
103 322 48 18
251 270 48 15
305 109 48 3
165 483 48 18
257 105 48 2
124 437 48 18
66 120 48 13
112 186 48 17
346 79 48 9
410 54 48 12
414 218 48 17
236 530 48 4
202 287 48 3
228 513 48 20
250 222 48 3
428 345 48 8
102 473 48 16
244 99 48 2
495 506 48 14
415 369 48 18
215 297 48 9
398 532 48 15
303 186 48 11
317 475 48 13
327 177 48 19
442 119 48 11
508 220 48 9
147 525 48 1
33 535 48 1
59 402 48 15
139 132 48 7
497 529 48 6
291 285 48 14
494 116 48 9
54 504 48 4
445 461 48 16
148 421 48 10
323 82 48 18
49 176 48 1
281 235 48 3
334 435 48 18
198 384 48 14
46 189 48 11
141 136 48 7
163 251 48 2
423 210 48 5
254 357 48 7
366 132 48 13
518 181 48 6
109 461 48 17
164 310 48 19
350 22 48 5
518 130 48 4
422 270 48 16
19 433 48 13
119 370 48 16
132 77 48 9
142 504 48 6
234 536 48 13
502 160 48 18
518 323 48 6
422 126 48 3
224 96 48 7
214 32 48 11
402 112 48 14
355 230 48 19
517 423 48 14
489 18 48 8
108 251 48 17
453 267 48 15
289 300 48 16
434 174 48 4
116 397 48 17
411 125 48 13
491 41 48 16
518 395 48 9
368 427 48 14
293 368 48 12
237 537 48 11
232 505 48 18
323 246 48 8
252 195 48 12
368 310 48 14
32 235 48 17
337 241 48 10
206 211 48 15
366 93 48 1
402 386 48 12
517 137 48 20
398 368 48 15
545 206 48 18
506 457 48 1
93 340 48 11
138 433 48 2
307 222 48 1
32 489 48 9
214 370 48 15
274 224 48 6
217 256 48 17
150 106 48 7
101 165 48 20
298 123 48 3
204 215 48 10
419 352 48 5
384 173 48 6
103 267 48 14
33 542 48 15
118 330 48 6
40 547 48 13
161 211 48 19
103 373 48 9
311 124 48 2
491 389 48 9
463 323 48 15
321 221 48 16
524 323 48 14
121 356 48 3
88 473 48 8
340 27 48 15
238 188 48 20
303 352 48 5
47 115 48 20
398 121 48 17
478 36 48 13
424 418 48 14
57 394 48 20
504 515 48 12
459 117 48 12
197 456 48 2
543 208 48 13
67 25 48 16
511 71 48 2
530 468 48 14
515 460 48 13
213 336 48 10
131 392 48 16
434 410 48 3
544 322 48 6
95 33 48 2
219 29 48 15
45 95 48 3
160 58 48 14
513 103 48 1
378 70 48 12
340 345 48 5
234 537 48 15
522 423 48 17
292 482 48 4
240 29 48 15
34 309 48 17
97 353 48 9
184 27 48 14
341 539 48 9
480 431 48 18
469 223 48 12
370 519 48 16
116 493 48 3
271 300 48 11
262 539 48 16
285 88 48 19
337 246 48 12
60 430 48 10
387 285 48 18
270 218 48 19
346 201 48 15
219 24 48 17
81 201 48 20
366 533 48 9
100 309 48 17
471 46 48 6
56 444 48 6
55 503 48 6
80 343 48 11
221 127 48 6
183 472 48 10
429 143 48 10
162 285 48 1
387 104 48 7
364 265 48 15
394 189 48 11
27 244 48 1
452 299 48 15
336 440 48 8
504 113 48 8
343 357 48 16
444 301 48 3
21 462 48 17
469 301 48 11
293 179 48 15
487 25 48 17
179 113 48 15
377 79 48 11
46 414 48 14
56 371 48 11
255 228 48 14
439 124 48 15
219 206 48 14
345 127 48 18
27 481 48 19
35 420 48 14
170 113 48 7
63 5 48 9
316 112 48 19
461 167 48 5
234 483 48 20
364 375 48 5
308 108 48 13
167 452 48 20
325 540 48 16
177 27 48 7
53 258 48 12
103 382 48 6
294 150 48 12
290 64 48 9
232 297 48 6
402 175 48 1
147 483 48 17
98 102 48 18
174 488 48 10
246 117 48 15
189 231 48 11
307 396 48 6
491 142 48 8
177 493 48 13
92 240 48 19
4 94 48 17
352 240 48 8
260 399 48 14
134 88 48 8
547 333 48 18
16 36 48 7
290 343 48 3
399 348 48 18
110 525 48 9
493 131 48 14
140 196 48 20
509 547 48 8
328 259 48 9
310 454 48 12
233 453 48 16
334 530 48 16
242 273 48 6
546 124 48 11
444 233 48 15
411 178 48 14
71 379 48 9
432 341 48 16
1 183 48 15
31 8 48 3
85 240 48 1
534 88 48 4
533 329 48 5
327 327 48 6
468 285 48 6
164 211 48 9
474 343 48 13
495 227 48 7
29 290 48 18
431 320 48 18
129 404 48 7
404 452 48 10
114 437 48 17
96 278 48 12
201 261 48 10
53 424 48 5
144 412 48 10
4 421 48 17
329 450 48 4
289 333 48 8
318 523 48 4
39 441 48 9
456 7 48 4
107 164 48 12
147 426 48 18
534 478 48 9
521 74 48 10
366 140 48 11
499 530 48 18
374 333 48 14
21 103 48 17
195 203 48 17
274 111 48 19
305 217 48 17
66 426 48 6
87 412 48 5
46 447 48 20
354 327 48 17
51 278 48 2
197 166 48 16
190 248 48 12
159 443 48 20
83 231 48 1
13 535 48 8
169 115 48 7
204 201 48 4
169 246 48 19
331 115 48 11
86 165 48 18
431 424 48 13
15 66 48 13
309 286 48 15
259 368 48 15
318 443 48 19
109 64 48 8
325 267 48 17
467 497 48 20
24 343 48 5
454 490 48 2
67 373 48 9
455 449 48 3
544 211 48 7
42 469 48 11
318 301 48 16
35 410 48 14
413 249 48 8
506 231 48 20
360 254 48 11
328 160 48 1
38 288 48 8
108 258 48 2
306 316 48 12
305 419 48 13
124 190 48 6
385 224 48 5
162 89 48 12
330 109 48 19
448 469 48 8
422 311 48 9
339 348 48 20
143 518 48 8
395 338 48 6
373 95 48 8
333 218 48 1
47 55 48 3
232 279 48 13
119 61 48 8
297 23 48 10
244 507 48 11
349 360 48 18
257 17 48 6
422 473 48 9
479 298 48 15
346 84 48 16
401 192 48 17
195 424 48 10
76 57 48 6
128 415 48 6
163 111 48 19
509 460 48 10
108 169 48 14
286 106 48 4
192 37 48 5
255 382 48 8
51 298 48 18
448 7 48 4
29 82 48 5
341 272 48 4
129 434 48 7
485 395 48 16
168 17 48 10
352 302 48 15
524 9 48 20
508 325 48 2
28 437 48 20
348 337 48 1
545 427 48 17
250 221 48 8
432 411 48 11
178 411 48 11
444 31 48 7
332 445 48 2
325 483 48 6
417 443 48 9
405 532 48 13
205 332 48 8
11 329 48 9
445 94 48 7
181 40 48 7
288 217 48 6
366 114 48 17
523 445 48 2
435 285 48 8
416 216 48 11
175 135 48 6
433 339 48 3
480 349 48 16
468 308 48 11
192 488 48 11
388 290 48 5
385 171 48 10
474 146 48 15
523 33 48 5
506 449 48 8
385 138 48 17
247 85 48 3
503 79 48 14
56 62 48 2
310 253 48 4
542 93 48 20
21 539 48 2
221 527 48 20
319 17 48 10
216 523 48 15
390 360 48 3
89 121 48 17
250 139 48 14
150 194 48 5
482 503 48 9
269 13 48 12
345 95 48 11
107 315 48 10
14 149 48 8
15 426 48 7
527 269 48 10
144 419 48 6
392 122 48 6
234 333 48 9
75 329 48 6
292 50 48 18
116 395 48 10
478 16 48 15
335 29 48 16
208 105 48 9
56 84 48 20
325 227 48 9
167 134 48 15
210 367 48 15
445 504 48 13
213 248 48 10
540 364 48 8
476 356 48 9
180 143 48 4
93 350 48 2
370 467 48 3
430 244 48 7
362 473 48 4
476 135 48 15
376 94 48 7
58 307 48 20
336 361 48 6
38 352 48 15
240 46 48 19
47 138 48 3
505 508 48 15
15 452 48 18
299 328 48 4
230 257 48 11
43 85 48 11
359 204 48 6
376 539 48 9
270 29 48 16
35 330 48 6
490 438 48 10
262 396 48 1
500 410 48 18
435 223 48 20
295 515 48 15
351 10 48 17
501 369 48 17
471 197 48 18
317 528 48 5
514 78 48 20
209 20 48 4
42 343 48 12
443 295 48 10
264 183 48 11
413 539 48 12
332 343 48 7
336 358 48 13
544 343 48 2
320 113 48 19
124 79 48 19
382 288 48 12
469 391 48 20
465 348 48 10
324 127 48 18
406 539 48 11
454 323 48 16
27 174 48 19
453 232 48 14
105 4 48 20
285 189 48 16
56 24 48 16
394 492 48 9
41 409 48 20
468 186 48 13
45 106 48 12
161 12 48 19
133 101 48 15
463 6 48 8
41 173 48 11
340 519 48 5
170 27 48 4
350 482 48 16
434 523 48 12
319 505 48 2
392 3 48 16
456 225 48 18
358 357 48 13
432 272 48 5
191 374 48 8
14 166 48 8
26 336 48 8
61 200 48 18
164 86 48 7
129 467 48 20
402 311 48 9
172 220 48 9
77 92 48 7
20 523 48 19
92 228 48 20
337 242 48 3
67 267 48 18
371 390 48 5
125 6 48 4
462 196 48 3
210 51 48 6
22 222 48 15
58 360 48 1
451 441 48 6
83 532 48 15
88 383 48 13
259 450 48 16
280 335 48 20
438 459 48 12
259 436 48 10
483 98 48 9
533 182 48 4
317 239 48 8
192 204 48 9
105 286 48 16
245 436 48 3
79 147 48 3
241 427 48 11
184 379 48 3
194 90 48 3
399 88 48 14
108 73 48 11
99 390 48 18
512 96 48 19
208 200 48 18
498 506 48 8
139 37 48 3
228 278 48 19
167 523 48 12
18 231 48 15
303 144 48 5
139 313 48 3
218 474 48 20
51 438 48 16
