3000 300
448 3 120 13
75 546 120 7
353 409 120 14
492 435 120 3
249 162 120 18
204 35 120 15
225 93 120 20
536 151 120 15
361 12 120 11
523 109 120 19
484 10 120 4
137 146 120 18
477 499 120 5
524 505 120 19
287 206 120 3
216 409 120 3
55 149 120 14
378 137 120 11
218 12 120 1
494 534 120 17
263 470 120 5
34 121 120 9
412 50 120 15
166 88 120 1
355 375 120 8
157 105 120 9
56 221 120 5
108 52 120 15
311 331 120 19
102 339 120 13
2 54 120 14
519 149 120 20
88 75 120 3
217 240 120 2
303 47 120 13
48 266 120 13
325 383 120 19
141 490 120 8
155 316 120 10
180 417 120 3
253 418 120 9
249 390 120 11
428 539 120 14
109 209 120 7
424 26 120 7
82 135 120 10
453 459 120 6
497 52 120 1
108 268 120 8
48 509 120 3
389 215 120 20
235 525 120 2
292 467 120 17
484 28 120 12
431 514 120 15
425 48 120 4
260 15 120 9
416 511 120 4
514 133 120 13
442 181 120 4
301 22 120 3
93 318 120 3
336 124 120 2
509 61 120 16
404 6 120 13
387 492 120 18
443 205 120 3
472 73 120 18
67 101 120 12
415 57 120 13
240 419 120 8
340 512 120 13
480 300 120 4
478 323 120 1
80 242 120 2
133 81 120 7
295 38 120 16
471 24 120 11
187 91 120 16
521 20 120 10
488 259 120 3
53 114 120 19
483 46 120 7
489 38 120 18
70 117 120 1
265 249 120 14
343 58 120 7
202 43 120 6
71 230 120 9
102 203 120 12
189 206 120 12
210 258 120 10
194 255 120 20
540 196 120 17
115 327 120 6
477 45 120 17
435 449 120 1
493 104 120 18
27 236 120 16
198 338 120 18
450 41 120 5
414 312 120 8
6 506 120 18
129 13 120 12
351 127 120 16
142 57 120 17
244 6 120 9
404 498 120 10
121 39 120 18
5 298 120 13
153 201 120 4
22 67 120 4
148 135 120 1
528 263 120 13
134 128 120 16
5 331 120 4
43 90 120 18
530 8 120 7
26 128 120 6
367 132 120 5
12 346 120 13
307 367 120 5
367 29 120 9
446 10 120 17
538 205 120 17
272 271 120 2
61 314 120 5
465 296 120 2
273 384 120 14
181 265 120 4
386 338 120 10
307 98 120 19
294 526 120 8
477 424 120 5
375 477 120 1
462 201 120 5
394 261 120 4
478 241 120 14
21 28 120 1
239 208 120 10
102 108 120 18
311 476 120 19
464 284 120 5
36 213 120 8
226 102 120 9
135 16 120 15
315 472 120 2
261 402 120 18
503 422 120 18
157 175 120 11
76 277 120 1
270 102 120 2
138 18 120 8
469 115 120 1
191 340 120 3
390 537 120 12
303 304 120 4
539 18 120 12
468 35 120 9
424 191 120 10
164 266 120 17
12 50 120 11
335 187 120 4
456 170 120 9
243 361 120 4
132 265 120 8
98 82 120 9
50 136 120 7
403 56 120 11
145 542 120 10
62 158 120 12
255 231 120 12
65 18 120 14
439 474 120 4
380 231 120 8
176 362 120 19
23 521 120 19
174 23 120 6
403 425 120 13
120 23 120 8
89 84 120 9
385 401 120 2
246 465 120 6
294 418 120 10
511 250 120 14
56 488 120 19
474 25 120 2
426 260 120 4
514 116 120 10
172 297 120 3
433 447 120 16
366 346 120 6
530 45 120 3
227 400 120 10
396 425 120 8
249 480 120 19
526 468 120 10
167 346 120 3
439 374 120 15
42 545 120 5
276 492 120 14
109 311 120 17
341 355 120 2
6 34 120 18
87 430 120 4
480 193 120 11
390 171 120 17
263 399 120 5
457 291 120 7
219 394 120 9
339 185 120 4
296 293 120 6
175 86 120 16
37 91 120 10
359 240 120 11
74 234 120 20
267 77 120 6
381 401 120 16
355 310 120 8
217 43 120 7
77 381 120 4
429 191 120 18
58 365 120 11
104 463 120 8
184 337 120 20
145 410 120 2
361 129 120 15
201 24 120 17
439 440 120 14
482 110 120 8
371 186 120 15
507 129 120 12
449 249 120 11
415 352 120 11
49 535 120 4
468 195 120 18
89 70 120 19
333 270 120 1
492 223 120 2
413 157 120 14
376 43 120 13
234 64 120 13
344 512 120 9
210 442 120 8
53 490 120 2
294 472 120 3
397 14 120 2
143 408 120 11
460 353 120 3
185 218 120 11
18 109 120 3
161 404 120 18
433 201 120 2
405 472 120 4
244 39 120 16
133 332 120 17
277 243 120 17
491 385 120 6
490 360 120 15
164 544 120 1
56 76 120 20
53 237 120 2
174 184 120 13
260 103 120 20
240 347 120 9
286 541 120 15
257 270 120 7
302 276 120 15
208 218 120 8
528 381 120 11
519 498 120 6
132 65 120 8
149 239 120 10
366 498 120 8
22 253 120 14
325 53 120 9
350 309 120 20
132 126 120 15
361 395 120 17
339 376 120 20
438 409 120 2
65 540 120 3
475 142 120 15
98 22 120 11
308 106 120 19
380 430 120 2
506 295 120 7
355 488 120 4
541 301 120 6
335 155 120 10
86 45 120 5
335 109 120 14
101 98 120 15
105 195 120 4
121 502 120 19
390 396 120 20
226 355 120 10
370 224 120 19
155 218 120 20
396 67 120 6
465 215 120 3
457 2 120 12
441 102 120 8
82 268 120 4
291 450 120 16
58 354 120 16
254 32 120 18
198 464 120 9
144 71 120 6
390 528 120 5
244 507 120 6
203 416 120 14
271 371 120 19
497 514 120 15
371 257 120 17
261 376 120 2
61 83 120 5
216 342 120 19
109 485 120 20
281 327 120 13
519 85 120 19
487 288 120 14
455 73 120 11
40 22 120 6
500 454 120 4
316 229 120 5
486 290 120 19
140 20 120 4
319 128 120 2
21 470 120 12
250 441 120 1
438 442 120 2
71 412 120 19
74 513 120 11
106 465 120 11
395 296 120 4
27 234 120 19
288 435 120 1
405 206 120 10
459 288 120 15
354 537 120 1
334 489 120 4
116 74 120 7
517 147 120 20
393 253 120 10
237 162 120 12
247 188 120 12
62 537 120 2
504 394 120 4
527 305 120 5
409 111 120 9
309 507 120 14
104 137 120 13
371 107 120 8
542 499 120 13
145 188 120 7
105 496 120 2
298 72 120 16
440 29 120 4
240 8 120 19
389 478 120 1
42 302 120 9
183 467 120 8
459 290 120 9
334 346 120 18
524 5 120 1
327 109 120 2
380 406 120 6
421 298 120 19
371 52 120 10
77 502 120 6
503 543 120 6
403 240 120 18
378 151 120 16
520 485 120 1
129 461 120 12
533 302 120 14
339 134 120 12
279 70 120 5
308 440 120 2
345 516 120 5
436 534 120 16
281 389 120 6
45 281 120 1
160 316 120 14
74 506 120 17
55 491 120 17
144 345 120 14
153 76 120 9
460 445 120 1
334 242 120 13
224 192 120 4
47 472 120 10
234 516 120 4
510 191 120 13
299 326 120 19
2 380 120 18
6 38 120 16
205 191 120 10
474 165 120 19
149 13 120 3
402 236 120 9
94 345 120 12
175 31 120 3
51 55 120 16
242 354 120 19
391 355 120 9
545 422 120 5
435 141 120 4
523 67 120 10
447 278 120 3
128 194 120 13
62 288 120 2
467 524 120 19
356 89 120 14
435 330 120 11
293 235 120 19
45 232 120 14
443 119 120 9
547 95 120 6
268 56 120 16
63 245 120 11
94 306 120 15
531 226 120 1
514 34 120 20
489 531 120 8
332 276 120 11
44 382 120 19
177 339 120 18
512 338 120 19
367 58 120 20
76 183 120 14
464 338 120 3
106 384 120 17
272 350 120 10
40 291 120 18
138 137 120 19
469 180 120 5
547 418 120 9
197 382 120 5
64 264 120 16
472 339 120 3
93 317 120 2
19 423 120 3
232 209 120 16
540 248 120 6
285 385 120 3
366 369 120 17
344 368 120 5
51 79 120 4
157 143 120 18
321 129 120 6
182 221 120 8
381 301 120 1
415 47 120 14
314 40 120 18
502 386 120 14
280 266 120 19
298 62 120 15
187 174 120 9
519 331 120 2
82 104 120 1
530 348 120 5
263 181 120 2
418 110 120 2
234 423 120 13
298 378 120 13
261 110 120 20
107 407 120 4
320 108 120 19
127 79 120 3
76 160 120 3
216 205 120 20
91 467 120 8
204 400 120 17
426 86 120 16
202 445 120 1
363 158 120 11
243 326 120 18
308 99 120 16
484 287 120 18
506 425 120 11
84 93 120 15
71 245 120 13
238 448 120 10
29 389 120 19
181 43 120 4
287 468 120 12
440 163 120 19
30 470 120 13
274 468 120 2
49 426 120 18
531 24 120 14
185 94 120 14
368 393 120 11
402 422 120 19
522 117 120 10
540 404 120 15
292 358 120 6
307 387 120 14
483 113 120 13
460 224 120 3
314 269 120 20
260 454 120 1
512 336 120 15
179 190 120 12
235 227 120 15
395 219 120 7
537 510 120 6
294 331 120 15
35 328 120 7
243 240 120 1
392 6 120 19
18 327 120 14
346 291 120 19
519 532 120 7
20 219 120 5
184 128 120 8
266 179 120 7
220 472 120 13
14 506 120 5
530 263 120 18
236 108 120 11
211 187 120 7
92 532 120 1
370 503 120 5
353 522 120 9
14 220 120 2
441 547 120 18
406 220 120 2
217 233 120 11
294 277 120 6
125 28 120 12
508 238 120 17
186 330 120 5
155 214 120 18
169 19 120 13
402 33 120 10
276 535 120 9
391 455 120 14
367 125 120 11
426 418 120 8
138 542 120 4
19 17 120 9
148 203 120 9
261 419 120 2
391 40 120 5
496 441 120 16
274 232 120 14
113 75 120 18
171 503 120 11
461 381 120 14
58 33 120 20
167 113 120 19
514 260 120 6
219 35 120 17
76 426 120 13
499 374 120 5
406 162 120 16
363 336 120 3
227 506 120 8
215 482 120 4
135 539 120 18
49 221 120 7
41 249 120 13
298 467 120 6
425 543 120 9
107 494 120 2
292 414 120 13
160 291 120 16
227 32 120 14
249 308 120 19
104 442 120 6
54 5 120 1
179 108 120 13
16 467 120 2
496 406 120 6
370 513 120 13
70 319 120 7
478 540 120 16
190 219 120 7
470 467 120 20
136 86 120 10
341 139 120 18
281 379 120 20
469 456 120 5
30 467 120 10
194 289 120 18
305 358 120 6
282 288 120 17
64 540 120 7
487 462 120 5
62 50 120 4
140 453 120 13
222 248 120 17
474 170 120 2
97 261 120 4
126 454 120 4
182 273 120 19
9 7 120 5
376 133 120 18
476 72 120 15
495 195 120 3
53 396 120 18
358 71 120 20
9 59 120 6
54 155 120 17
80 343 120 7
394 524 120 3
33 48 120 17
507 423 120 19
487 413 120 3
444 422 120 2
450 474 120 3
423 346 120 17
158 355 120 3
63 470 120 10
289 65 120 6
484 520 120 12
405 6 120 2
394 27 120 4
30 513 120 16
284 409 120 11
310 373 120 11
123 248 120 14
67 406 120 11
132 530 120 7
351 271 120 18
427 270 120 7
541 127 120 3
94 35 120 19
192 64 120 4
156 409 120 18
541 172 120 9
367 294 120 16
539 422 120 1
518 6 120 18
482 356 120 15
509 297 120 19
447 291 120 4
452 384 120 18
545 90 120 7
542 245 120 10
462 300 120 3
269 120 120 13
262 173 120 4
237 144 120 12
194 140 120 4
422 101 120 3
433 63 120 15
86 29 120 6
319 27 120 19
131 21 120 3
351 544 120 14
257 265 120 8
456 42 120 6
529 278 120 9
61 472 120 16
11 408 120 12
257 355 120 8
246 440 120 6
195 274 120 3
171 404 120 15
516 269 120 19
67 525 120 11
283 495 120 3
187 476 120 11
296 52 120 7
544 62 120 6
408 380 120 6
271 140 120 16
225 334 120 20
205 19 120 9
205 535 120 12
325 54 120 11
101 398 120 18
526 100 120 16
197 395 120 1
401 454 120 12
465 314 120 7
399 99 120 16
225 386 120 8
386 43 120 2
465 310 120 7
327 87 120 13
166 249 120 7
499 228 120 15
275 486 120 9
103 340 120 11
53 319 120 17
445 170 120 2
428 456 120 16
198 356 120 13
48 335 120 6
494 114 120 1
508 341 120 14
372 354 120 6
398 144 120 19
271 246 120 8
112 360 120 14
266 257 120 9
33 138 120 10
186 397 120 10
381 506 120 19
400 514 120 6
20 474 120 3
436 360 120 17
47 210 120 9
144 542 120 3
94 106 120 19
363 371 120 18
317 404 120 13
241 42 120 19
35 484 120 9
164 398 120 13
469 417 120 19
82 368 120 10
48 414 120 15
158 72 120 20
27 166 120 9
256 43 120 4
257 421 120 13
394 114 120 8
443 211 120 9
449 374 120 5
422 357 120 4
320 500 120 12
155 1 120 18
200 220 120 19
239 246 120 4
383 17 120 6
413 273 120 4
361 119 120 1
412 14 120 17
399 525 120 18
236 399 120 11
5 233 120 12
202 388 120 7
266 40 120 4
464 340 120 10
403 175 120 10
323 103 120 14
179 525 120 6
210 390 120 6
451 241 120 13
33 539 120 12
34 58 120 9
535 259 120 6
65 40 120 1
300 18 120 1
357 420 120 7
430 196 120 1
166 436 120 15
144 98 120 1
198 63 120 7
229 95 120 8
111 191 120 16
226 240 120 14
242 304 120 12
298 118 120 8
207 536 120 18
291 418 120 2
54 36 120 12
342 242 120 16
471 439 120 10
418 121 120 3
356 293 120 6
351 518 120 2
58 213 120 10
412 25 120 12
237 293 120 19
481 99 120 10
435 152 120 12
277 493 120 9
278 479 120 10
403 349 120 8
75 220 120 14
485 23 120 7
101 142 120 14
83 69 120 7
183 305 120 7
271 238 120 11
229 187 120 11
347 525 120 11
159 317 120 14
472 172 120 18
357 246 120 19
50 245 120 4
323 346 120 13
260 428 120 3
284 63 120 13
115 395 120 8
529 139 120 1
62 485 120 7
150 97 120 17
169 21 120 12
537 439 120 7
91 4 120 14
277 388 120 8
543 162 120 2
391 507 120 14
59 74 120 4
510 117 120 4
116 241 120 1
245 390 120 20
206 12 120 10
275 63 120 11
167 215 120 7
242 492 120 5
176 2 120 2
538 454 120 2
478 512 120 1
327 537 120 3
376 105 120 17
362 411 120 5
445 69 120 1
124 406 120 14
304 25 120 3
487 328 120 14
25 504 120 20
272 494 120 3
478 486 120 1
272 327 120 20
121 155 120 1
272 517 120 10
328 476 120 9
394 114 120 8
38 418 120 13
505 419 120 19
431 506 120 4
358 230 120 1
253 222 120 13
175 493 120 17
86 129 120 14
163 462 120 19
166 242 120 20
299 89 120 10
290 188 120 12
429 207 120 20
287 90 120 1
101 509 120 17
471 214 120 17
294 389 120 5
443 536 120 4
262 214 120 2
50 441 120 10
375 192 120 14
205 543 120 15
28 424 120 19
208 164 120 11
408 326 120 18
290 311 120 15
455 57 120 5
81 15 120 7
443 276 120 10
173 326 120 7
145 153 120 18
328 419 120 18
152 447 120 4
181 169 120 1
300 30 120 12
379 319 120 3
187 289 120 20
445 369 120 5
207 264 120 3
181 499 120 7
49 96 120 12
107 485 120 9
223 89 120 16
277 270 120 8
494 84 120 2
4 524 120 18
372 226 120 3
250 123 120 10
203 329 120 18
494 510 120 17
501 11 120 8
238 179 120 17
393 463 120 5
509 192 120 8
246 138 120 16
75 142 120 15
284 513 120 2
234 277 120 13
5 542 120 16
163 488 120 11
273 504 120 17
477 194 120 11
196 101 120 8
489 62 120 5
80 369 120 16
302 443 120 15
15 241 120 12
438 474 120 20
13 540 120 2
464 156 120 4
454 490 120 13
454 419 120 20
148 68 120 13
304 71 120 11
104 212 120 10
104 513 120 14
245 42 120 2
414 541 120 6
374 7 120 5
390 532 120 7
408 439 120 5
383 407 120 10
65 7 120 15
395 372 120 4
362 476 120 5
151 32 120 4
383 339 120 9
370 267 120 7
283 93 120 4
251 544 120 19
374 404 120 9
439 239 120 10
438 366 120 18
18 213 120 6
216 89 120 20
140 240 120 19
91 75 120 16
84 506 120 11
133 303 120 15
187 7 120 9
226 380 120 20
218 272 120 10
70 162 120 17
537 179 120 6
343 456 120 7
78 110 120 2
391 201 120 16
72 346 120 10
504 478 120 14
58 118 120 7
93 405 120 11
108 138 120 7
362 269 120 20
434 320 120 5
233 115 120 4
121 192 120 7
309 97 120 8
25 168 120 15
307 186 120 16
345 243 120 13
451 397 120 20
390 505 120 2
114 319 120 20
547 268 120 11
126 15 120 13
222 135 120 12
366 506 120 12
225 530 120 18
7 289 120 10
266 87 120 12
157 537 120 6
452 441 120 10
400 8 120 5
68 7 120 16
56 194 120 20
158 415 120 2
451 296 120 5
356 35 120 4
429 41 120 13
140 306 120 20
155 462 120 7
505 429 120 14
327 281 120 18
468 348 120 11
390 403 120 17
265 75 120 7
399 41 120 12
490 396 120 19
17 339 120 13
379 540 120 7
342 148 120 15
294 167 120 2
202 494 120 5
117 414 120 20
100 256 120 16
276 36 120 7
382 434 120 15
235 376 120 3
61 392 120 18
52 285 120 11
286 79 120 11
496 435 120 7
41 89 120 19
412 268 120 8
161 367 120 5
313 96 120 10
539 477 120 12
320 164 120 12
496 287 120 12
526 338 120 6
2 138 120 3
233 86 120 3
22 188 120 11
428 53 120 3
91 275 120 1
134 40 120 14
211 31 120 8
237 350 120 7
91 361 120 8
460 339 120 8
505 340 120 1
144 26 120 5
216 109 120 11
439 537 120 14
320 142 120 13
83 275 120 5
2 1 120 6
398 237 120 12
472 389 120 4
347 301 120 11
12 321 120 5
423 526 120 19
434 194 120 7
86 86 120 20
337 467 120 9
378 2 120 5
458 4 120 19
21 463 120 6
58 387 120 17
393 186 120 4
520 259 120 11
501 196 120 5
507 82 120 20
74 230 120 15
240 81 120 8
547 458 120 6
158 430 120 4
255 451 120 5
164 23 120 19
462 416 120 9
28 388 120 10
523 403 120 18
449 362 120 14
21 497 120 15
288 251 120 10
474 312 120 5
176 470 120 6
491 177 120 20
173 340 120 18
304 316 120 2
72 343 120 15
161 380 120 1
444 281 120 10
324 302 120 8
433 104 120 16
76 30 120 12
176 267 120 2
220 210 120 16
230 445 120 8
200 201 120 9
100 272 120 8
449 432 120 1
106 329 120 10
124 167 120 17
153 53 120 17
495 128 120 17
540 365 120 6
506 37 120 5
164 266 120 13
223 527 120 5
50 79 120 13
282 42 120 16
347 147 120 14
207 332 120 20
368 547 120 1
85 494 120 2
440 1 120 11
514 507 120 6
251 185 120 13
9 469 120 7
452 33 120 15
135 377 120 5
311 238 120 19
330 444 120 16
515 264 120 6
206 410 120 12
85 302 120 7
267 268 120 3
62 34 120 4
60 42 120 13
162 494 120 14
343 143 120 19
18 515 120 8
448 297 120 2
178 326 120 13
516 46 120 1
254 131 120 14
539 459 120 14
298 520 120 20
303 94 120 20
229 256 120 3
187 51 120 1
37 130 120 9
61 92 120 4
106 332 120 18
351 300 120 18
521 6 120 19
444 544 120 3
150 356 120 15
436 173 120 12
279 401 120 15
67 103 120 3
122 139 120 20
81 261 120 12
461 366 120 19
72 232 120 6
275 267 120 15
62 163 120 10
368 375 120 7
100 325 120 19
472 56 120 8
67 185 120 17
321 306 120 8
157 386 120 17
84 299 120 16
405 370 120 3
478 160 120 6
9 283 120 11
146 103 120 10
92 264 120 14
272 250 120 4
305 316 120 13
503 151 120 2
291 307 120 11
340 453 120 5
270 310 120 19
430 240 120 12
372 248 120 14
476 394 120 20
407 547 120 3
177 271 120 8
3 90 120 19
13 45 120 20
328 336 120 8
544 128 120 20
511 459 120 10
362 342 120 19
373 228 120 18
180 156 120 11
90 77 120 13
264 253 120 14
202 318 120 13
455 392 120 8
374 173 120 17
53 169 120 12
183 194 120 6
138 8 120 20
331 442 120 20
225 75 120 8
27 164 120 1
437 427 120 16
23 143 120 9
184 51 120 12
451 486 120 17
506 538 120 19
203 236 120 10
359 373 120 20
371 156 120 10
63 443 120 4
457 531 120 13
442 421 120 17
133 443 120 9
202 141 120 5
178 106 120 16
264 126 120 12
95 329 120 2
119 140 120 19
151 26 120 18
139 88 120 11
139 60 120 4
364 501 120 14
531 86 120 2
294 350 120 15
168 527 120 10
43 306 120 13
456 462 120 17
71 34 120 11
59 246 120 13
264 384 120 6
364 37 120 6
509 400 120 5
528 446 120 9
504 254 120 8
73 483 120 13
295 526 120 19
158 496 120 20
348 19 120 14
131 139 120 20
1 402 120 11
506 280 120 18
37 304 120 6
7 284 120 10
187 302 120 3
168 374 120 5
191 184 120 4
34 341 120 15
339 141 120 16
253 334 120 8
351 396 120 2
346 416 120 6
440 453 120 5
386 521 120 4
292 160 120 16
451 390 120 12
545 33 120 16
133 129 120 9
215 529 120 19
316 234 120 17
71 99 120 19
289 507 120 1
301 399 120 6
70 237 120 14
183 528 120 20
51 431 120 13
354 490 120 17
293 75 120 9
149 352 120 13
145 182 120 18
475 314 120 1
168 55 120 7
276 418 120 6
352 487 120 15
401 122 120 11
124 234 120 20
299 40 120 14
506 394 120 2
356 542 120 5
187 140 120 2
251 129 120 10
476 296 120 20
175 86 120 15
210 499 120 15
543 352 120 8
371 538 120 20
144 289 120 16
407 309 120 17
197 117 120 5
400 303 120 9
237 68 120 14
450 59 120 10
171 233 120 1
308 505 120 2
385 15 120 16
98 386 120 12
44 529 120 6
30 388 120 14
472 99 120 12
299 13 120 16
389 312 120 12
545 214 120 3
511 384 120 11
15 145 120 6
18 529 120 14
435 79 120 20
356 122 120 19
81 214 120 6
113 138 120 20
324 498 120 11
289 339 120 19
384 398 120 13
537 361 120 6
438 375 120 3
295 455 120 15
167 342 120 5
424 212 120 12
240 292 120 12
443 405 120 5
197 181 120 15
26 531 120 18
166 368 120 3
458 357 120 15
101 309 120 19
435 57 120 3
265 223 120 3
173 162 120 14
264 401 120 15
84 296 120 14
102 492 120 19
71 33 120 13
439 198 120 12
111 170 120 6
142 332 120 16
63 281 120 1
438 545 120 14
122 232 120 5
18 11 120 5
205 94 120 15
311 257 120 18
112 327 120 5
443 219 120 18
48 329 120 16
71 470 120 2
402 48 120 12
243 485 120 14
368 122 120 14
107 139 120 1
246 405 120 10
195 230 120 6
150 341 120 2
76 236 120 9
323 345 120 9
192 415 120 9
393 332 120 14
328 89 120 18
322 456 120 16
547 77 120 1
236 384 120 7
79 31 120 11
241 180 120 3
121 317 120 16
280 92 120 20
221 284 120 2
84 191 120 20
56 518 120 11
27 292 120 20
120 292 120 15
474 42 120 20
77 182 120 1
517 423 120 3
266 543 120 8
250 275 120 19
31 495 120 5
289 93 120 7
331 210 120 15
461 237 120 8
499 418 120 6
128 344 120 10
140 482 120 1
244 514 120 5
466 232 120 15
34 481 120 20
240 511 120 19
245 253 120 14
440 36 120 16
120 12 120 8
154 25 120 13
479 153 120 16
298 354 120 10
361 51 120 3
298 31 120 13
293 126 120 7
15 365 120 17
355 124 120 3
241 78 120 4
399 198 120 11
245 351 120 15
509 345 120 1
146 95 120 8
264 517 120 1
349 268 120 2
117 13 120 18
428 89 120 20
155 505 120 19
196 199 120 15
334 50 120 13
484 294 120 20
173 317 120 2
14 524 120 20
270 241 120 13
92 42 120 11
490 220 120 8
529 100 120 15
385 254 120 11
426 511 120 20
545 298 120 18
314 296 120 20
496 468 120 16
536 543 120 19
186 265 120 8
291 356 120 9
239 361 120 3
262 404 120 19
372 241 120 3
440 181 120 15
283 179 120 12
175 492 120 12
423 502 120 13
440 6 120 3
495 191 120 14
306 543 120 13
157 235 120 19
290 496 120 17
523 382 120 18
39 275 120 1
3 72 120 11
327 247 120 12
460 122 120 5
514 76 120 10
77 85 120 10
452 390 120 7
151 62 120 14
271 413 120 7
186 450 120 4
402 488 120 16
314 491 120 2
404 332 120 10
439 244 120 8
5 272 120 15
61 411 120 9
431 315 120 11
188 527 120 16
241 251 120 10
304 436 120 13
202 352 120 5
435 181 120 14
193 37 120 19
197 475 120 16
322 479 120 4
37 54 120 3
384 547 120 10
26 187 120 4
338 490 120 1
453 308 120 1
533 509 120 2
7 459 120 3
32 104 120 6
327 301 120 16
442 137 120 15
281 174 120 6
531 10 120 17
63 97 120 6
121 434 120 15
492 401 120 6
265 387 120 17
390 455 120 1
210 486 120 11
5 327 120 11
398 221 120 4
175 17 120 1
68 547 120 6
22 62 120 17
163 244 120 1
307 250 120 20
212 515 120 17
141 419 120 9
527 82 120 17
470 148 120 17
228 545 120 10
123 172 120 13
252 302 120 8
391 323 120 8
140 547 120 17
261 369 120 14
297 95 120 13
172 235 120 7
16 215 120 17
407 199 120 13
31 427 120 6
547 64 120 2
469 315 120 11
453 158 120 17
12 298 120 16
362 73 120 4
415 369 120 18
496 55 120 5
387 132 120 15
421 538 120 14
55 84 120 19
295 83 120 14
160 66 120 11
325 33 120 9
390 45 120 3
455 468 120 14
340 397 120 5
382 346 120 20
112 247 120 19
117 121 120 10
321 237 120 18
528 532 120 16
189 206 120 17
165 530 120 7
360 435 120 19
367 342 120 9
508 196 120 17
470 31 120 9
1 142 120 3
148 320 120 6
347 94 120 18
145 74 120 9
24 325 120 20
93 489 120 14
133 363 120 6
340 244 120 4
468 266 120 19
446 188 120 1
221 188 120 6
305 397 120 9
509 258 120 14
465 402 120 19
466 488 120 18
126 33 120 13
377 227 120 12
453 82 120 17
447 2 120 1
27 509 120 20
247 245 120 13
60 2 120 18
255 26 120 9
58 5 120 10
482 470 120 10
197 110 120 5
463 486 120 20
543 453 120 11
382 352 120 10
485 379 120 8
291 78 120 11
345 199 120 5
311 516 120 14
534 26 120 16
188 22 120 3
330 281 120 16
19 196 120 18
543 191 120 8
55 87 120 7
177 25 120 7
260 377 120 16
103 236 120 16
9 61 120 14
487 47 120 3
484 297 120 3
403 79 120 6
432 97 120 1
400 92 120 3
273 208 120 18
12 384 120 17
130 159 120 20
386 323 120 7
356 331 120 13
294 332 120 20
320 330 120 11
429 185 120 15
271 70 120 8
370 531 120 10
174 318 120 10
3 329 120 3
527 520 120 3
333 359 120 5
437 167 120 5
54 523 120 16
326 295 120 13
348 238 120 10
509 23 120 11
220 392 120 13
146 80 120 7
217 83 120 8
249 124 120 1
439 519 120 7
404 408 120 1
152 523 120 15
355 363 120 4
340 225 120 2
510 187 120 2
263 468 120 8
547 128 120 2
177 344 120 14
136 108 120 20
68 546 120 10
419 403 120 3
514 69 120 11
37 424 120 1
401 216 120 17
517 240 120 4
170 503 120 10
276 17 120 4
400 193 120 7
182 329 120 2
26 458 120 15
450 391 120 17
249 358 120 8
23 394 120 12
160 310 120 13
36 341 120 19
160 26 120 2
266 301 120 18
437 215 120 2
528 397 120 8
180 484 120 13
377 387 120 19
491 88 120 11
126 111 120 11
247 332 120 17
98 429 120 18
250 41 120 16
358 306 120 10
481 257 120 12
312 299 120 17
533 478 120 16
179 369 120 9
154 312 120 18
547 500 120 2
302 261 120 17
428 420 120 7
348 122 120 19
292 479 120 10
52 475 120 19
512 301 120 1
335 287 120 20
95 527 120 20
303 133 120 19
52 195 120 6
519 11 120 20
224 439 120 17
356 239 120 12
106 45 120 1
160 97 120 11
471 123 120 15
48 457 120 11
102 67 120 11
525 369 120 7
290 420 120 16
6 392 120 12
45 130 120 4
502 547 120 17
49 105 120 7
75 265 120 6
27 188 120 14
342 235 120 11
396 398 120 13
492 438 120 12
173 180 120 20
110 247 120 16
57 291 120 4
443 308 120 15
96 356 120 2
279 492 120 20
73 34 120 19
51 375 120 19
486 286 120 20
501 230 120 12
338 464 120 6
110 26 120 15
334 144 120 4
141 101 120 8
494 197 120 6
404 475 120 16
94 63 120 3
517 175 120 13
143 175 120 1
228 129 120 5
203 528 120 11
357 152 120 18
272 486 120 18
540 141 120 5
21 87 120 17
467 490 120 12
310 98 120 14
186 68 120 16
498 272 120 2
2 499 120 15
343 216 120 6
116 25 120 16
460 358 120 3
463 351 120 3
20 371 120 6
319 352 120 17
546 114 120 17
350 361 120 15
391 374 120 18
59 437 120 9
402 232 120 19
302 409 120 5
354 384 120 1
406 299 120 15
51 380 120 2
329 152 120 18
127 212 120 20
507 15 120 12
469 467 120 16
217 525 120 4
463 441 120 1
439 195 120 8
439 64 120 12
311 469 120 14
534 520 120 17
95 363 120 3
69 489 120 11
95 510 120 5
59 493 120 1
333 162 120 4
12 139 120 16
531 30 120 6
364 468 120 10
34 232 120 14
64 280 120 7
535 436 120 14
64 504 120 17
351 114 120 10
167 172 120 17
449 19 120 17
285 30 120 8
499 75 120 18
484 439 120 5
533 472 120 8
503 50 120 2
507 37 120 12
388 100 120 11
211 450 120 3
59 131 120 11
461 94 120 19
477 378 120 13
85 391 120 15
332 328 120 11
499 375 120 5
474 330 120 18
181 351 120 18
323 253 120 1
421 464 120 3
148 37 120 10
45 497 120 4
23 488 120 6
93 26 120 13
237 419 120 4
272 432 120 8
231 358 120 10
301 538 120 16
407 313 120 20
66 248 120 9
299 395 120 1
115 502 120 16
24 39 120 18
311 131 120 7
504 429 120 12
476 153 120 5
276 445 120 5
466 260 120 5
522 120 120 8
345 247 120 13
84 545 120 5
406 112 120 4
254 198 120 12
42 508 120 12
403 526 120 12
149 455 120 8
389 183 120 2
376 163 120 17
416 199 120 4
220 543 120 15
334 79 120 3
296 546 120 19
273 252 120 5
289 294 120 18
498 211 120 12
41 421 120 9
345 262 120 9
547 153 120 1
524 21 120 10
72 302 120 5
414 89 120 8
207 446 120 5
235 171 120 17
398 460 120 20
36 410 120 13
262 512 120 7
333 309 120 16
163 371 120 19
156 347 120 17
347 418 120 1
48 347 120 16
375 6 120 14
216 240 120 11
370 152 120 1
270 187 120 16
504 511 120 7
64 296 120 13
495 459 120 8
531 67 120 20
40 475 120 1
460 522 120 20
420 412 120 20
341 142 120 19
432 26 120 1
435 357 120 15
424 313 120 13
315 376 120 15
29 324 120 8
114 369 120 1
544 409 120 19
360 383 120 14
522 317 120 6
142 110 120 11
125 56 120 5
197 5 120 19
33 428 120 5
316 257 120 2
410 286 120 4
539 461 120 9
187 457 120 6
309 270 120 15
468 244 120 16
67 448 120 9
355 25 120 18
120 222 120 13
242 316 120 3
190 84 120 20
514 9 120 2
129 547 120 16
175 187 120 14
81 10 120 3
432 539 120 18
5 59 120 7
296 475 120 20
96 47 120 8
510 350 120 6
257 540 120 18
260 21 120 19
126 150 120 16
451 324 120 8
139 466 120 9
96 350 120 10
421 354 120 19
36 103 120 15
285 260 120 14
270 222 120 4
508 478 120 12
407 253 120 7
313 378 120 5
281 281 120 14
497 482 120 20
238 30 120 8
455 450 120 7
307 1 120 12
24 285 120 20
458 8 120 17
86 30 120 15
377 498 120 3
142 264 120 6
55 59 120 20
416 71 120 17
148 308 120 11
229 215 120 1
117 36 120 12
169 59 120 7
481 31 120 14
529 179 120 10
507 8 120 11
253 211 120 9
437 328 120 7
355 196 120 15
269 343 120 2
213 24 120 9
121 203 120 14
91 371 120 3
407 366 120 9
184 347 120 8
52 369 120 3
479 136 120 19
76 25 120 14
278 442 120 13
65 163 120 3
97 375 120 8
467 10 120 1
263 162 120 5
241 22 120 1
187 205 120 11
374 318 120 7
83 311 120 11
487 386 120 17
187 178 120 7
81 242 120 9
380 400 120 3
217 319 120 19
256 34 120 10
118 274 120 13
408 523 120 14
13 411 120 2
47 493 120 7
217 494 120 11
473 195 120 6
76 276 120 20
388 170 120 4
105 386 120 8
379 94 120 15
267 273 120 9
238 196 120 9
475 270 120 3
482 378 120 17
314 109 120 17
532 34 120 2
381 171 120 3
533 12 120 15
537 178 120 13
313 9 120 13
123 337 120 19
330 89 120 20
512 16 120 2
72 497 120 20
186 264 120 15
246 310 120 17
501 143 120 10
484 190 120 16
151 180 120 17
265 492 120 2
472 129 120 2
529 520 120 7
233 546 120 4
207 132 120 4
73 317 120 3
47 16 120 7
55 516 120 16
234 515 120 3
547 118 120 2
429 445 120 4
444 431 120 5
248 412 120 11
140 98 120 16
48 366 120 8
515 438 120 17
212 484 120 10
219 54 120 12
431 287 120 14
347 348 120 2
442 292 120 7
543 188 120 13
226 435 120 20
491 89 120 18
207 199 120 1
116 166 120 20
280 439 120 17
521 173 120 13
184 118 120 17
422 464 120 5
231 420 120 4
484 415 120 8
74 94 120 6
137 99 120 4
235 367 120 18
213 482 120 11
81 215 120 18
494 250 120 12
414 495 120 13
134 370 120 11
202 53 120 19
14 537 120 4
13 125 120 7
23 261 120 6
60 10 120 12
356 284 120 5
271 426 120 12
201 372 120 2
303 300 120 20
522 496 120 10
234 150 120 9
365 226 120 8
363 238 120 19
517 261 120 9
221 382 120 11
292 190 120 13
297 522 120 6
31 237 120 19
76 539 120 15
7 28 120 12
431 261 120 6
299 78 120 3
279 503 120 10
384 472 120 13
263 145 120 7
152 436 120 18
323 247 120 11
373 277 120 13
371 353 120 17
121 421 120 5
367 305 120 9
277 118 120 9
412 396 120 7
299 294 120 2
447 10 120 19
490 161 120 3
238 483 120 4
23 370 120 15
44 193 120 20
56 376 120 18
96 195 120 19
459 533 120 11
476 397 120 6
386 148 120 1
220 109 120 14
260 114 120 7
189 413 120 5
365 435 120 12
332 478 120 16
104 534 120 14
420 144 120 18
494 117 120 13
199 45 120 13
362 430 120 11
272 164 120 9
190 424 120 16
331 65 120 17
469 491 120 8
429 275 120 7
35 440 120 16
78 313 120 7
315 321 120 11
52 34 120 14
185 396 120 4
466 182 120 4
370 433 120 19
387 216 120 15
331 137 120 17
163 19 120 5
535 115 120 4
345 255 120 2
361 84 120 6
494 136 120 10
186 320 120 12
307 300 120 20
107 184 120 20
392 23 120 9
257 416 120 13
65 31 120 2
147 18 120 11
184 425 120 18
533 238 120 12
170 246 120 20
388 493 120 10
453 253 120 14
215 421 120 18
347 328 120 11
271 37 120 8
332 163 120 16
473 309 120 7
244 8 120 15
268 55 120 6
376 287 120 12
134 127 120 8
274 94 120 19
166 308 120 8
241 169 120 12
401 440 120 10
429 286 120 6
3 274 120 16
203 517 120 16
280 237 120 15
171 128 120 1
308 261 120 16
391 49 120 19
178 214 120 3
510 455 120 17
75 370 120 3
223 252 120 13
48 316 120 15
182 33 120 12
384 312 120 5
156 544 120 6
214 305 120 14
398 148 120 9
129 387 120 6
229 350 120 13
497 424 120 8
111 162 120 11
72 209 120 9
368 452 120 8
24 351 120 14
40 506 120 13
246 173 120 7
165 85 120 16
132 213 120 10
375 441 120 17
40 391 120 12
13 16 120 11
360 149 120 3
476 516 120 13
76 54 120 7
112 155 120 11
82 400 120 6
356 79 120 7
292 211 120 11
67 100 120 6
192 140 120 7
193 214 120 9
417 26 120 12
302 16 120 14
92 92 120 6
294 265 120 12
455 346 120 3
302 216 120 18
296 22 120 19
503 88 120 11
56 279 120 17
123 471 120 9
205 402 120 13
497 157 120 3
210 310 120 5
38 119 120 13
82 88 120 11
526 451 120 13
502 200 120 18
202 155 120 7
2 272 120 6
3 394 120 8
217 51 120 5
519 62 120 10
289 271 120 15
150 370 120 7
337 451 120 8
322 430 120 4
37 446 120 20
320 100 120 11
143 164 120 10
307 166 120 15
395 445 120 6
399 478 120 6
12 219 120 4
58 430 120 1
161 219 120 16
412 55 120 20
20 153 120 14
374 472 120 17
335 129 120 6
20 436 120 9
160 283 120 19
412 134 120 16
178 207 120 6
276 264 120 1
196 486 120 5
82 351 120 12
458 370 120 2
186 259 120 16
13 46 120 9
3 128 120 17
220 287 120 20
335 152 120 2
441 391 120 4
219 120 120 20
425 377 120 18
365 458 120 8
420 431 120 13
19 69 120 5
212 143 120 14
472 145 120 20
135 364 120 9
142 213 120 7
282 169 120 19
143 449 120 19
392 388 120 19
517 205 120 16
22 78 120 8
443 158 120 13
91 369 120 15
331 356 120 19
151 490 120 17
257 85 120 9
92 428 120 1
255 86 120 7
52 477 120 19
225 446 120 15
309 529 120 5
338 486 120 3
435 29 120 12
189 359 120 17
25 24 120 2
349 343 120 5
400 434 120 3
134 141 120 16
254 192 120 15
276 478 120 9
503 240 120 5
384 92 120 8
422 527 120 13
344 168 120 15
135 255 120 3
416 118 120 19
296 32 120 9
57 165 120 3
449 418 120 19
286 208 120 8
82 226 120 4
407 62 120 10
61 546 120 3
414 404 120 13
32 538 120 17
283 407 120 12
266 155 120 10
198 211 120 11
331 175 120 13
109 460 120 14
364 541 120 13
373 400 120 10
473 522 120 2
68 451 120 9
439 544 120 19
517 279 120 14
227 60 120 10
453 319 120 8
358 102 120 9
195 210 120 3
239 88 120 15
509 460 120 8
355 448 120 3
199 515 120 11
446 406 120 18
136 437 120 20
233 116 120 2
546 83 120 17
522 502 120 19
126 149 120 4
250 449 120 1
368 410 120 7
463 279 120 10
532 477 120 13
19 437 120 8
49 88 120 7
358 320 120 17
241 380 120 11
442 354 120 11
198 479 120 1
163 244 120 14
277 64 120 16
366 526 120 14
355 25 120 3
373 43 120 17
311 154 120 8
138 511 120 9
142 267 120 1
166 161 120 20
206 358 120 17
394 35 120 16
484 374 120 3
498 192 120 4
305 62 120 3
42 496 120 12
278 322 120 2
53 459 120 8
210 116 120 6
198 281 120 4
55 487 120 18
391 395 120 5
484 331 120 15
94 343 120 18
354 163 120 2
29 266 120 7
417 543 120 5
412 111 120 2
432 320 120 13
171 32 120 20
70 87 120 14
389 477 120 15
196 475 120 7
375 84 120 7
323 437 120 7
332 465 120 1
290 396 120 19
83 322 120 19
397 268 120 18
217 438 120 12
442 23 120 17
58 411 120 13
131 121 120 16
535 11 120 19
311 333 120 6
187 118 120 11
390 469 120 17
42 66 120 7
475 463 120 6
71 132 120 5
308 88 120 14
145 146 120 14
459 338 120 19
215 387 120 14
539 150 120 8
267 398 120 19
459 241 120 9
76 344 120 11
15 272 120 17
222 404 120 11
443 226 120 6
77 371 120 10
245 282 120 5
534 496 120 15
224 2 120 16
309 268 120 8
25 241 120 2
272 378 120 4
37 393 120 5
264 129 120 6
137 24 120 13
98 162 120 16
266 406 120 19
225 393 120 17
23 131 120 8
32 501 120 1
439 41 120 6
539 312 120 20
436 410 120 8
118 126 120 20
204 262 120 16
31 360 120 5
165 78 120 16
158 364 120 4
98 448 120 10
102 480 120 12
372 433 120 14
398 425 120 20
254 375 120 16
17 7 120 10
517 273 120 1
431 303 120 17
21 529 120 7
78 139 120 17
528 299 120 3
76 400 120 18
124 224 120 17
213 136 120 4
127 451 120 19
451 467 120 14
352 436 120 19
30 381 120 2
67 463 120 3
306 541 120 11
361 36 120 12
316 111 120 5
266 296 120 3
101 508 120 18
422 88 120 3
23 538 120 15
239 404 120 3
181 434 120 16
424 15 120 16
164 320 120 1
105 133 120 15
281 511 120 7
372 229 120 20
139 329 120 9
41 265 120 16
394 287 120 17
244 525 120 1
529 220 120 13
100 159 120 17
196 322 120 2
285 426 120 14
533 222 120 10
344 46 120 4
513 184 120 16
95 286 120 9
311 195 120 13
94 438 120 1
218 419 120 13
291 518 120 1
440 229 120 19
361 513 120 19
477 14 120 11
9 357 120 4
378 322 120 16
528 478 120 20
395 241 120 15
125 334 120 7
380 67 120 2
307 419 120 4
392 373 120 19
375 186 120 19
237 178 120 19
382 186 120 17
25 17 120 11
460 59 120 3
87 454 120 18
516 31 120 14
289 472 120 10
479 231 120 3
155 137 120 17
59 512 120 5
53 263 120 1
544 98 120 14
360 184 120 10
75 97 120 12
205 245 120 1
90 213 120 9
371 501 120 15
233 433 120 5
28 102 120 5
133 223 120 19
1 275 120 13
530 271 120 20
213 146 120 11
459 220 120 6
279 486 120 12
4 90 120 8
431 461 120 7
174 208 120 16
209 236 120 18
442 430 120 18
93 430 120 7
68 413 120 15
140 140 120 19
457 52 120 9
386 392 120 7
496 395 120 3
334 341 120 9
188 514 120 6
535 237 120 17
437 131 120 18
14 285 120 16
474 352 120 1
173 6 120 18
16 525 120 7
141 363 120 20
265 311 120 9
417 160 120 3
59 409 120 8
456 396 120 16
55 348 120 16
146 423 120 13
120 350 120 5
20 37 120 9
60 52 120 17
275 254 120 6
272 519 120 20
241 450 120 5
2 509 120 8
277 479 120 8
302 48 120 11
458 194 120 18
414 313 120 10
174 394 120 18
1 516 120 20
415 243 120 6
34 30 120 9
88 332 120 7
301 333 120 17
437 62 120 4
484 364 120 17
330 274 120 4
52 202 120 9
185 437 120 12
354 500 120 15
28 367 120 12
17 462 120 1
39 3 120 15
510 365 120 16
458 317 120 5
398 315 120 4
386 97 120 12
82 211 120 3
90 457 120 11
7 264 120 6
438 353 120 16
80 431 120 15
360 469 120 5
424 493 120 10
274 465 120 18
185 378 120 20
459 278 120 19
36 360 120 11
300 449 120 5
516 517 120 3
136 408 120 12
185 2 120 1
86 424 120 14
51 300 120 14
442 26 120 4
118 210 120 9
107 183 120 9
255 219 120 6
128 33 120 20
396 63 120 4
503 261 120 3
354 445 120 8
211 530 120 20
537 95 120 17
261 51 120 13
26 230 120 14
107 337 120 1
527 106 120 11
212 234 120 6
407 144 120 15
25 99 120 9
50 514 120 15
201 178 120 3
227 167 120 13
68 489 120 3
482 514 120 9
73 135 120 16
455 176 120 2
24 387 120 8
172 309 120 11
444 333 120 13
430 445 120 11
312 98 120 20
177 386 120 18
259 454 120 10
392 388 120 11
208 522 120 19
483 491 120 4
255 514 120 5
260 200 120 20
470 97 120 4
232 526 120 4
507 290 120 15
474 528 120 9
60 240 120 13
72 146 120 12
174 415 120 19
349 351 120 6
153 58 120 5
405 380 120 19
480 364 120 8
340 48 120 20
98 69 120 18
14 542 120 19
378 54 120 5
101 187 120 18
211 361 120 9
419 224 120 11
24 376 120 9
204 295 120 17
98 227 120 1
89 20 120 11
119 179 120 11
501 192 120 18
317 85 120 3
495 185 120 17
210 458 120 17
464 329 120 5
458 414 120 6
87 70 120 2
95 230 120 2
467 380 120 4
339 13 120 20
403 514 120 16
400 345 120 1
28 292 120 11
389 17 120 4
78 480 120 10
475 452 120 8
278 539 120 20
376 86 120 18
215 5 120 17
73 405 120 9
109 261 120 2
460 175 120 3
349 202 120 20
422 105 120 11
405 182 120 4
231 110 120 2
409 449 120 20
234 277 120 10
287 491 120 2
235 78 120 16
133 248 120 4
59 161 120 3
391 24 120 18
529 445 120 15
137 364 120 20
347 47 120 11
462 518 120 5
83 204 120 18
399 5 120 9
172 239 120 19
411 371 120 17
488 491 120 1
192 396 120 12
97 378 120 12
169 29 120 12
423 375 120 13
300 352 120 15
79 434 120 9
135 347 120 1
258 518 120 10
520 444 120 14
421 384 120 4
59 28 120 4
205 186 120 4
310 417 120 19
231 292 120 20
261 44 120 9
260 123 120 9
463 319 120 8
185 91 120 1
207 63 120 10
53 546 120 3
452 57 120 2
214 324 120 16
353 86 120 20
520 379 120 17
29 154 120 18
499 413 120 6
370 390 120 11
40 27 120 13
228 234 120 18
374 348 120 19
418 314 120 12
489 527 120 11
323 332 120 7
25 366 120 12
81 457 120 18
180 408 120 4
525 292 120 5
94 331 120 7
424 12 120 18
269 447 120 11
113 318 120 15
75 321 120 7
298 96 120 8
183 121 120 2
447 201 120 2
378 442 120 8
175 481 120 8
424 89 120 2
152 512 120 1
175 233 120 14
60 345 120 8
259 481 120 12
500 231 120 12
525 476 120 13
430 437 120 11
183 329 120 15
404 19 120 10
432 442 120 18
243 108 120 3
65 344 120 11
395 403 120 3
496 177 120 12
370 129 120 18
401 168 120 1
68 50 120 20
481 294 120 17
366 213 120 6
121 97 120 8
27 339 120 13
443 465 120 18
60 312 120 5
22 322 120 17
526 206 120 4
166 60 120 13
406 189 120 14
472 184 120 11
382 2 120 13
310 185 120 19
194 273 120 18
185 168 120 6
457 290 120 13
162 373 120 1
42 351 120 19
51 31 120 1
350 436 120 20
90 423 120 18
186 257 120 3
493 82 120 11
412 275 120 4
121 460 120 4
295 431 120 14
295 45 120 4
69 87 120 17
49 199 120 15
150 1 120 5
501 153 120 8
427 400 120 4
478 407 120 5
104 271 120 2
64 392 120 16
253 139 120 20
185 433 120 13
488 501 120 9
110 65 120 11
371 276 120 12
520 230 120 16
60 171 120 14
403 101 120 2
280 266 120 20
493 329 120 8
134 96 120 8
205 280 120 8
382 283 120 16
161 454 120 11
199 277 120 5
300 311 120 16
6 370 120 14
173 225 120 13
200 19 120 11
435 512 120 15
29 160 120 8
370 364 120 17
49 260 120 12
290 420 120 6
111 134 120 9
145 433 120 1
470 439 120 7
418 64 120 12
466 263 120 10
232 212 120 13
450 302 120 17
154 186 120 13
200 234 120 13
43 39 120 11
339 149 120 16
426 355 120 3
277 277 120 4
12 147 120 8
518 127 120 15
496 420 120 18
500 322 120 10
178 537 120 16
219 252 120 5
35 356 120 10
332 148 120 9
215 88 120 6
530 426 120 20
252 437 120 12
37 470 120 10
146 418 120 20
529 433 120 20
182 63 120 18
20 344 120 17
153 378 120 12
387 224 120 9
221 438 120 16
410 482 120 16
389 186 120 13
30 222 120 1
405 430 120 9
44 473 120 18
127 169 120 8
200 188 120 18
524 403 120 5
172 242 120 19
513 462 120 19
457 386 120 15
280 290 120 4
54 319 120 3
235 176 120 16
410 281 120 4
409 470 120 3
47 122 120 10
513 161 120 4
386 394 120 11
420 359 120 3
468 331 120 7
388 63 120 9
9 116 120 5
399 412 120 4
185 274 120 7
444 197 120 8
325 243 120 20
455 208 120 12
440 46 120 15
181 527 120 18
445 447 120 11
1 350 120 14
393 358 120 3
71 271 120 2
534 456 120 15
245 352 120 5
425 129 120 17
241 36 120 2
280 537 120 10
226 170 120 17
531 68 120 7
72 130 120 16
222 523 120 11
2 46 120 1
193 94 120 7
173 338 120 8
287 277 120 9
158 33 120 1
237 374 120 5
424 52 120 17
43 36 120 18
170 107 120 14
162 391 120 14
26 454 120 14
98 162 120 4
141 334 120 16
50 135 120 15
87 292 120 10
222 44 120 16
409 467 120 4
218 509 120 6
218 193 120 20
285 416 120 12
390 441 120 4
540 54 120 8
298 256 120 11
456 305 120 5
344 453 120 18
325 190 120 4
133 51 120 4
54 330 120 2
72 547 120 5
258 284 120 3
288 126 120 4
224 180 120 3
383 540 120 3
328 448 120 15
407 306 120 7
292 84 120 8
221 278 120 14
68 393 120 5
1 464 120 14
64 174 120 7
119 523 120 20
68 199 120 8
70 96 120 13
389 423 120 2
465 344 120 3
24 151 120 16
256 371 120 17
54 500 120 9
180 500 120 1
306 78 120 12
230 259 120 15
279 326 120 3
23 396 120 5
368 237 120 1
5 217 120 17
9 240 120 9
158 10 120 5
37 63 120 8
370 243 120 1
134 63 120 18
71 292 120 3
46 85 120 11
282 170 120 15
4 537 120 17
272 56 120 12
337 64 120 10
67 283 120 7
229 381 120 7
344 265 120 8
473 398 120 11
256 531 120 6
236 91 120 13
56 372 120 6
271 437 120 1
237 162 120 9
482 13 120 14
418 142 120 13
364 370 120 12
435 228 120 5
262 215 120 6
152 471 120 4
332 159 120 1
112 276 120 10
123 546 120 9
124 297 120 9
180 231 120 14
361 102 120 9
340 527 120 14
153 414 120 11
230 129 120 18
157 280 120 3
130 126 120 1
193 300 120 2
142 484 120 12
466 60 120 15
466 301 120 16
541 115 120 15
209 516 120 6
309 121 120 1
90 350 120 6
85 22 120 4
65 213 120 20
203 467 120 11
131 61 120 10
57 527 120 8
341 507 120 3
309 500 120 19
378 224 120 8
489 47 120 15
466 136 120 14
148 282 120 20
109 408 120 8
257 125 120 10
158 255 120 12
57 373 120 5
15 229 120 5
274 537 120 11
224 368 120 10
81 309 120 15
120 289 120 10
23 436 120 18
433 544 120 19
22 315 120 7
140 472 120 17
256 43 120 2
413 58 120 6
44 393 120 8
175 70 120 17
44 212 120 15
22 393 120 2
135 415 120 11
44 362 120 9
361 384 120 15
256 523 120 13
467 293 120 10
503 220 120 7
283 263 120 14
52 500 120 12
250 58 120 17
271 79 120 7
33 213 120 15
230 257 120 14
547 70 120 2
22 325 120 9
93 244 120 18
145 262 120 1
315 59 120 14
393 172 120 12
540 421 120 20
351 144 120 3
69 176 120 4
202 467 120 7
87 466 120 14
479 2 120 1
299 157 120 2
535 363 120 16
381 130 120 8
4 38 120 13
127 30 120 19
307 443 120 12
80 26 120 5
66 227 120 8
308 375 120 17
197 306 120 3
410 119 120 5
381 106 120 5
67 486 120 9
419 490 120 3
458 131 120 6
307 437 120 13
362 516 120 6
106 97 120 17
317 466 120 1
507 115 120 13
152 524 120 7
15 358 120 6
240 486 120 16
110 419 120 4
16 329 120 1
14 151 120 6
516 512 120 6
497 132 120 11
219 448 120 19
315 408 120 17
170 74 120 19
206 151 120 4
347 452 120 7
3 14 120 4
149 92 120 10
424 167 120 13
104 198 120 8
361 209 120 20
167 427 120 7
376 194 120 15
215 364 120 2
93 84 120 19
389 430 120 6
77 432 120 1
245 95 120 5
194 519 120 7
356 137 120 8
481 497 120 17
253 116 120 6
473 6 120 12
67 283 120 14
282 437 120 11
162 278 120 20
494 354 120 16
354 51 120 4
367 307 120 15
546 115 120 15
438 110 120 13
537 363 120 19
31 350 120 3
327 416 120 10
439 213 120 14
87 374 120 15
288 320 120 2
373 188 120 20
68 7 120 17
281 68 120 10
145 20 120 14
505 71 120 13
10 163 120 1
68 489 120 5
469 380 120 9
213 528 120 7
296 330 120 10
185 156 120 4
249 223 120 19
72 19 120 20
9 163 120 15
56 183 120 4
526 192 120 2
314 259 120 10
517 243 120 15
385 455 120 5
79 203 120 1
217 449 120 9
481 151 120 12
328 222 120 5
242 293 120 14
237 348 120 2
302 388 120 7
45 216 120 5
277 185 120 16
