3000 750
277 221 48 6
320 493 48 5
62 237 48 16
83 313 48 12
71 420 48 9
83 291 48 18
147 388 48 2
108 463 48 1
365 536 48 8
463 322 48 10
425 113 48 10
498 495 48 11
154 9 48 11
261 153 48 2
216 286 48 18
497 368 48 13
193 30 48 12
391 199 48 18
186 16 48 16
521 478 48 2
235 418 48 18
168 430 48 2
171 36 48 6
348 359 48 16
414 27 48 8
290 523 48 4
519 231 48 13
103 74 48 1
149 321 48 5
184 294 48 4
117 43 48 9
163 273 48 5
155 443 48 5
156 244 48 19
433 172 48 7
386 462 48 9
283 495 48 3
210 50 48 10
396 260 48 2
51 506 48 19
246 75 48 9
372 237 48 15
381 392 48 7
487 547 48 6
404 494 48 13
409 332 48 18
451 129 48 1
177 338 48 17
37 249 48 16
156 299 48 20
145 544 48 2
114 369 48 13
418 264 48 13
8 203 48 20
512 59 48 9
93 467 48 19
136 432 48 13
187 123 48 17
350 160 48 10
225 377 48 8
58 521 48 4
27 87 48 1
171 504 48 4
221 26 48 5
332 52 48 14
389 145 48 9
230 342 48 6
262 528 48 13
84 392 48 14
216 69 48 7
99 188 48 6
41 215 48 3
413 447 48 14
501 183 48 3
244 514 48 13
107 356 48 11
498 100 48 19
165 361 48 9
78 506 48 19
88 236 48 14
51 335 48 3
472 437 48 10
494 303 48 7
535 318 48 7
117 15 48 13
297 183 48 20
136 134 48 2
254 360 48 1
476 437 48 11
481 39 48 7
70 89 48 15
455 13 48 18
22 21 48 1
97 71 48 15
293 187 48 15
32 545 48 14
126 133 48 13
319 448 48 9
388 438 48 6
478 372 48 17
256 503 48 16
368 472 48 12
431 8 48 8
250 104 48 4
386 396 48 7
51 489 48 17
445 67 48 8
488 386 48 6
342 288 48 15
86 218 48 18
538 473 48 4
470 355 48 15
537 239 48 20
78 488 48 18
236 326 48 6
95 438 48 18
13 397 48 15
63 337 48 16
75 132 48 17
525 279 48 3
313 269 48 18
119 253 48 2
395 305 48 6
132 382 48 2
34 133 48 12
331 289 48 10
85 302 48 2
453 426 48 19
173 501 48 15
181 540 48 15
469 305 48 16
135 423 48 12
155 271 48 12
476 464 48 7
189 497 48 15
290 280 48 18
342 427 48 17
182 332 48 7
421 504 48 16
243 138 48 7
468 59 48 1
414 255 48 11
127 471 48 14
145 399 48 10
59 103 48 4
105 454 48 5
501 248 48 11
105 492 48 16
134 365 48 8
240 122 48 14
276 42 48 17
131 517 48 14
471 159 48 18
49 365 48 16
90 423 48 12
80 42 48 6
474 542 48 15
137 161 48 5
194 356 48 6
207 48 48 13
357 385 48 7
80 31 48 1
57 501 48 5
19 3 48 19
380 154 48 13
296 296 48 9
180 222 48 8
374 420 48 16
511 128 48 1
466 334 48 16
57 205 48 9
298 346 48 2
24 402 48 17
455 421 48 6
218 253 48 10
403 64 48 1
82 305 48 7
427 131 48 7
385 157 48 19
151 137 48 4
27 255 48 1
288 67 48 20
31 91 48 12
337 60 48 16
98 278 48 19
75 133 48 3
408 277 48 1
416 218 48 13
358 55 48 2
427 267 48 6
283 294 48 17
406 96 48 13
327 126 48 7
102 463 48 11
422 75 48 6
509 149 48 20
112 72 48 18
19 487 48 15
119 297 48 18
437 176 48 20
282 521 48 7
443 379 48 8
124 158 48 8
441 321 48 12
333 195 48 1
502 156 48 19
319 267 48 20
411 348 48 10
174 528 48 7
537 418 48 14
135 214 48 1
88 172 48 1
74 295 48 17
310 250 48 8
460 36 48 3
138 52 48 2
27 370 48 5
533 234 48 7
494 407 48 16
203 458 48 18
88 108 48 18
8 195 48 11
306 331 48 14
214 93 48 1
443 5 48 7
381 205 48 5
474 293 48 17
349 340 48 10
24 286 48 6
289 489 48 19
423 91 48 7
348 161 48 4
382 466 48 14
287 133 48 20
380 90 48 10
84 470 48 3
387 458 48 6
513 260 48 10
386 345 48 6
181 86 48 3
495 24 48 14
369 371 48 20
437 268 48 13
351 7 48 20
418 448 48 9
5 532 48 2
343 433 48 20
426 398 48 20
302 299 48 20
525 479 48 6
204 426 48 5
520 247 48 18
450 198 48 2
360 63 48 14
464 543 48 16
110 547 48 1
287 343 48 1
374 283 48 18
236 99 48 4
442 76 48 17
186 279 48 3
16 314 48 12
216 278 48 7
136 90 48 3
186 68 48 18
137 177 48 5
134 525 48 15
17 413 48 13
297 163 48 19
390 57 48 12
414 243 48 12
378 320 48 14
41 535 48 9
25 185 48 1
72 370 48 9
114 22 48 13
218 155 48 14
178 233 48 20
483 44 48 13
340 433 48 6
272 361 48 19
544 191 48 5
36 293 48 5
413 318 48 4
333 389 48 7
381 18 48 18
121 297 48 9
384 536 48 11
513 472 48 3
320 326 48 18
183 50 48 2
350 108 48 7
289 143 48 10
215 71 48 12
387 403 48 19
381 298 48 17
459 418 48 14
82 255 48 1
546 282 48 13
507 116 48 9
416 298 48 12
76 162 48 1
535 450 48 3
193 179 48 5
230 18 48 20
109 461 48 16
66 372 48 11
320 515 48 5
77 28 48 17
367 50 48 5
435 465 48 12
5 55 48 18
291 104 48 17
173 359 48 3
187 41 48 1
56 211 48 19
285 277 48 2
384 111 48 14
252 249 48 14
463 68 48 19
243 502 48 3
383 21 48 3
75 311 48 13
278 546 48 7
175 185 48 12
90 241 48 9
41 40 48 8
302 485 48 10
106 251 48 19
485 166 48 19
366 471 48 18
226 306 48 19
202 442 48 3
220 234 48 11
110 409 48 19
103 13 48 19
307 53 48 18
239 416 48 14
344 522 48 3
149 459 48 14
22 340 48 10
519 18 48 7
490 220 48 10
286 501 48 19
142 125 48 13
120 290 48 8
463 49 48 19
297 349 48 2
69 145 48 8
90 356 48 6
401 439 48 1
26 410 48 19
80 352 48 3
513 152 48 17
148 293 48 8
252 475 48 6
369 390 48 4
53 201 48 17
152 331 48 20
288 483 48 10
335 336 48 10
236 362 48 13
216 441 48 3
478 469 48 20
145 131 48 4
546 382 48 8
204 265 48 19
457 379 48 14
27 531 48 20
288 271 48 18
419 120 48 1
441 417 48 11
387 147 48 14
138 77 48 10
103 222 48 6
422 282 48 18
121 486 48 15
271 457 48 13
136 483 48 15
270 223 48 12
401 156 48 9
321 49 48 18
54 436 48 18
352 88 48 14
24 252 48 12
435 126 48 19
134 308 48 3
221 31 48 15
77 167 48 5
526 498 48 2
212 352 48 17
18 187 48 9
363 302 48 12
308 107 48 20
330 192 48 19
87 80 48 18
188 275 48 10
227 495 48 7
238 24 48 9
184 64 48 11
414 276 48 19
253 355 48 5
203 170 48 12
40 478 48 12
89 260 48 18
328 408 48 12
207 49 48 7
455 337 48 13
187 27 48 7
147 272 48 2
58 139 48 3
381 453 48 10
344 108 48 13
61 148 48 16
493 236 48 17
22 78 48 15
240 346 48 1
184 254 48 1
138 440 48 4
177 40 48 4
217 159 48 9
48 539 48 7
232 397 48 20
39 519 48 10
385 526 48 16
443 63 48 18
362 302 48 15
390 547 48 14
208 137 48 5
115 375 48 3
293 45 48 3
186 154 48 3
469 385 48 17
313 486 48 18
428 323 48 7
232 219 48 12
175 95 48 17
463 484 48 16
520 145 48 7
469 321 48 14
457 66 48 12
118 313 48 3
379 234 48 1
490 62 48 5
26 489 48 2
87 235 48 9
272 409 48 12
211 387 48 4
149 359 48 12
286 280 48 12
313 251 48 19
383 430 48 1
60 261 48 4
183 266 48 12
306 291 48 10
142 439 48 8
259 163 48 13
469 373 48 18
69 36 48 9
422 322 48 2
1 149 48 19
254 531 48 2
272 105 48 17
39 349 48 1
413 107 48 3
244 311 48 17
310 22 48 6
299 5 48 18
189 74 48 17
437 10 48 20
417 73 48 1
224 388 48 3
398 113 48 18
409 213 48 16
139 140 48 15
158 384 48 3
131 208 48 13
203 21 48 16
163 271 48 8
220 160 48 8
51 91 48 18
30 314 48 16
54 226 48 3
245 87 48 14
238 287 48 9
337 445 48 20
261 90 48 15
206 292 48 6
155 516 48 10
240 250 48 7
396 300 48 10
15 391 48 17
83 507 48 13
326 204 48 2
233 503 48 18
342 292 48 14
287 5 48 7
501 272 48 14
250 489 48 2
331 181 48 1
509 91 48 16
292 167 48 1
388 249 48 16
162 89 48 2
85 322 48 13
356 116 48 5
524 465 48 2
296 480 48 6
359 183 48 3
453 28 48 1
250 537 48 7
346 343 48 10
347 184 48 17
370 407 48 12
49 6 48 19
230 361 48 6
218 399 48 13
273 147 48 6
52 506 48 9
319 411 48 11
219 175 48 11
271 520 48 18
489 382 48 11
470 266 48 2
540 314 48 2
384 58 48 18
468 276 48 17
406 1 48 3
339 114 48 3
454 432 48 6
112 103 48 15
367 435 48 7
418 438 48 1
105 360 48 13
261 415 48 16
484 251 48 10
458 171 48 4
346 92 48 19
381 430 48 12
373 399 48 17
291 25 48 6
384 391 48 17
511 262 48 11
534 428 48 13
213 203 48 9
329 139 48 17
502 112 48 4
466 519 48 1
429 352 48 17
21 178 48 9
43 530 48 11
230 366 48 6
365 329 48 18
391 315 48 1
291 42 48 10
543 432 48 20
75 387 48 6
387 367 48 12
181 248 48 11
529 330 48 19
180 435 48 13
403 117 48 14
469 543 48 6
249 386 48 7
518 129 48 3
505 186 48 19
22 261 48 6
320 100 48 19
528 343 48 9
56 386 48 6
369 18 48 12
118 420 48 4
295 341 48 19
315 104 48 18
164 137 48 3
117 94 48 4
502 177 48 11
240 497 48 7
345 539 48 3
212 109 48 16
470 478 48 6
69 110 48 17
392 466 48 4
102 233 48 14
260 459 48 2
61 28 48 13
47 44 48 12
294 284 48 15
217 143 48 1
482 354 48 6
38 276 48 19
158 406 48 20
213 251 48 8
62 352 48 18
76 126 48 10
226 248 48 6
469 295 48 3
404 41 48 8
350 257 48 3
288 253 48 20
334 290 48 1
310 509 48 16
457 175 48 2
523 298 48 9
337 373 48 13
61 51 48 18
422 34 48 10
280 500 48 8
482 302 48 10
280 42 48 18
492 375 48 7
433 199 48 14
295 109 48 8
344 84 48 20
322 420 48 15
426 543 48 6
292 417 48 6
452 211 48 5
167 146 48 1
200 487 48 16
547 431 48 13
27 379 48 8
77 126 48 15
302 531 48 17
338 306 48 13
200 246 48 3
111 52 48 8
118 18 48 8
139 246 48 17
462 507 48 18
341 506 48 14
109 532 48 14
138 123 48 17
275 486 48 13
11 277 48 13
166 538 48 10
440 101 48 1
521 281 48 7
390 481 48 15
404 457 48 14
419 312 48 13
318 483 48 6
47 73 48 18
511 348 48 2
473 358 48 4
193 38 48 11
282 477 48 20
360 512 48 17
517 355 48 6
372 273 48 10
186 145 48 2
505 462 48 17
323 23 48 14
263 48 48 16
266 520 48 15
545 227 48 3
267 508 48 2
214 382 48 20
440 351 48 7
115 175 48 7
247 360 48 2
143 317 48 13
521 154 48 14
486 479 48 12
314 197 48 13
13 195 48 15
297 523 48 1
24 189 48 1
325 82 48 15
433 196 48 15
329 442 48 16
430 99 48 12
446 134 48 18
484 135 48 2
84 510 48 17
204 522 48 3
4 333 48 6
373 357 48 20
29 196 48 7
98 144 48 12
342 534 48 11
460 416 48 3
347 314 48 18
450 312 48 3
484 396 48 5
168 114 48 11
107 179 48 10
22 66 48 17
188 157 48 11
434 254 48 9
391 48 48 10
305 507 48 15
317 369 48 10
524 333 48 14
319 270 48 4
75 499 48 12
353 120 48 19
417 204 48 3
351 391 48 11
481 277 48 9
269 183 48 5
528 487 48 12
109 318 48 3
127 356 48 11
456 127 48 4
149 202 48 19
502 7 48 14
1 485 48 11
113 351 48 1
381 284 48 3
356 6 48 15
502 48 48 12
60 218 48 16
49 344 48 4
370 253 48 4
475 401 48 7
46 355 48 7
283 355 48 3
239 530 48 2
522 363 48 14
112 233 48 8
431 187 48 13
142 247 48 14
294 357 48 14
255 179 48 13
342 106 48 11
83 151 48 7
501 495 48 19
248 186 48 14
407 223 48 2
365 334 48 18
327 218 48 20
399 421 48 10
80 230 48 11
166 484 48 5
19 278 48 3
272 422 48 3
394 375 48 14
385 138 48 16
359 59 48 8
148 423 48 16
231 203 48 3
501 54 48 16
532 195 48 17
372 422 48 2
390 440 48 6
28 226 48 3
425 134 48 3
285 519 48 9
330 392 48 2
50 54 48 18
165 284 48 2
13 238 48 2
343 284 48 10
293 109 48 1
241 498 48 5
466 41 48 14
80 465 48 4
68 202 48 7
318 531 48 16
17 95 48 16
262 322 48 1
163 396 48 5
179 191 48 17
389 483 48 20
536 176 48 10
153 94 48 16
480 173 48 12
455 302 48 17
464 72 48 20
316 150 48 6
222 412 48 5
411 27 48 4
414 205 48 18
91 108 48 15
486 159 48 4
284 311 48 14
122 305 48 15
486 212 48 5
505 128 48 2
23 444 48 5
182 118 48 17
177 43 48 19
505 456 48 4
538 61 48 14
506 546 48 16
102 344 48 19
400 465 48 4
385 466 48 18
186 423 48 17
59 507 48 11
144 141 48 4
154 317 48 8
253 336 48 15
8 326 48 17
542 284 48 11
78 447 48 8
533 361 48 5
260 198 48 4
199 446 48 9
327 504 48 13
351 162 48 11
69 316 48 9
376 21 48 8
106 90 48 11
443 85 48 6
294 162 48 14
489 210 48 2
54 469 48 10
146 120 48 1
175 446 48 16
226 311 48 17
418 379 48 15
441 269 48 13
314 374 48 6
513 332 48 8
511 78 48 6
408 19 48 17
118 134 48 12
150 341 48 14
18 31 48 17
452 256 48 5
500 126 48 19
316 81 48 8
214 395 48 8
201 360 48 5
211 323 48 1
506 245 48 14
463 425 48 14
403 27 48 18
525 45 48 8
61 496 48 16
454 510 48 3
255 340 48 7
325 6 48 18
222 206 48 14
449 478 48 14
269 436 48 9
108 413 48 14
80 269 48 18
392 308 48 12
250 368 48 12
301 336 48 14
539 44 48 4
373 368 48 14
116 42 48 13
219 6 48 18
159 336 48 16
343 443 48 13
467 37 48 3
8 491 48 19
202 193 48 11
406 8 48 13
87 546 48 5
45 434 48 18
70 2 48 6
300 220 48 15
523 440 48 9
150 236 48 12
127 155 48 19
434 224 48 14
501 487 48 9
451 407 48 7
128 493 48 2
456 537 48 1
58 121 48 5
311 482 48 14
83 458 48 3
191 60 48 11
257 248 48 12
359 196 48 3
466 149 48 7
218 115 48 7
39 304 48 12
405 274 48 17
173 332 48 11
489 157 48 2
54 301 48 12
544 7 48 4
299 263 48 6
208 136 48 16
402 116 48 5
535 333 48 2
527 433 48 12
464 290 48 11
452 462 48 17
13 403 48 15
56 519 48 12
70 515 48 15
206 329 48 20
41 536 48 5
134 391 48 3
375 378 48 14
245 358 48 4
356 336 48 14
255 241 48 18
1 315 48 10
511 370 48 5
228 502 48 17
13 222 48 15
122 262 48 2
366 395 48 9
178 284 48 18
384 528 48 2
475 398 48 12
371 168 48 9
119 168 48 11
393 193 48 18
92 483 48 7
305 495 48 9
361 132 48 2
405 497 48 20
293 128 48 9
135 26 48 20
334 16 48 18
383 386 48 16
126 19 48 7
183 411 48 1
124 502 48 10
82 321 48 20
198 134 48 9
91 539 48 13
441 346 48 3
42 480 48 12
108 328 48 6
87 163 48 15
233 350 48 20
61 47 48 2
82 171 48 15
37 314 48 9
2 511 48 16
98 117 48 20
144 72 48 10
378 113 48 3
153 282 48 20
490 431 48 16
180 178 48 1
435 239 48 11
7 382 48 9
142 418 48 1
50 420 48 8
92 517 48 18
249 175 48 3
204 6 48 11
153 220 48 5
491 225 48 11
445 404 48 16
263 292 48 17
189 360 48 15
286 501 48 3
148 3 48 9
36 157 48 17
102 405 48 6
177 62 48 12
426 214 48 6
410 158 48 16
276 117 48 4
382 441 48 2
179 82 48 11
419 367 48 17
530 30 48 9
27 127 48 13
41 229 48 8
230 467 48 16
547 408 48 7
475 270 48 19
204 60 48 4
337 504 48 18
275 135 48 15
26 7 48 13
338 51 48 3
106 77 48 12
515 118 48 18
297 409 48 3
201 408 48 20
319 398 48 14
109 54 48 15
15 452 48 19
423 180 48 14
428 267 48 13
252 57 48 19
229 163 48 12
332 192 48 1
179 3 48 11
7 204 48 2
180 37 48 14
199 146 48 10
339 222 48 15
374 160 48 1
120 40 48 7
419 353 48 13
283 96 48 16
223 427 48 4
281 58 48 3
261 126 48 18
164 367 48 11
464 18 48 15
333 357 48 9
168 245 48 19
182 364 48 3
524 297 48 13
375 32 48 11
451 254 48 9
233 49 48 15
17 310 48 13
67 535 48 12
153 452 48 19
384 299 48 7
413 528 48 7
540 162 48 12
282 200 48 14
377 27 48 15
19 539 48 14
150 224 48 9
401 241 48 5
230 307 48 15
363 459 48 13
91 357 48 12
237 284 48 14
80 276 48 11
348 73 48 9
427 449 48 13
537 529 48 9
416 132 48 10
405 47 48 1
156 276 48 8
441 153 48 5
146 244 48 6
148 542 48 19
193 75 48 16
398 484 48 18
318 426 48 10
326 415 48 10
325 345 48 11
1 202 48 19
526 357 48 14
325 251 48 12
97 458 48 2
225 58 48 2
152 312 48 15
354 163 48 8
143 542 48 1
442 382 48 20
113 159 48 12
40 222 48 3
74 262 48 7
322 40 48 1
237 136 48 18
457 423 48 1
124 27 48 5
475 380 48 11
277 37 48 20
442 478 48 4
51 105 48 11
5 206 48 3
285 280 48 12
374 116 48 20
166 352 48 7
477 323 48 7
360 508 48 10
8 435 48 3
365 226 48 15
293 182 48 3
540 233 48 1
461 299 48 2
55 36 48 2
458 409 48 18
353 89 48 13
508 80 48 8
475 502 48 9
531 509 48 17
480 389 48 13
466 134 48 7
381 127 48 12
463 40 48 7
266 94 48 17
285 5 48 10
482 419 48 16
482 379 48 6
320 369 48 19
118 352 48 3
412 346 48 17
447 264 48 12
55 160 48 2
503 137 48 18
218 402 48 14
31 202 48 2
252 136 48 1
138 132 48 20
104 513 48 7
24 145 48 11
30 72 48 7
361 518 48 8
341 25 48 2
509 43 48 9
169 260 48 17
532 352 48 13
475 56 48 6
228 194 48 17
484 359 48 16
13 445 48 13
503 474 48 3
244 287 48 10
310 143 48 10
51 104 48 13
475 273 48 9
206 319 48 16
201 246 48 13
330 536 48 17
106 534 48 13
333 546 48 10
219 16 48 11
176 321 48 4
103 84 48 1
117 196 48 15
235 123 48 14
128 390 48 12
310 105 48 10
124 497 48 1
132 55 48 4
498 449 48 18
276 120 48 12
465 357 48 2
455 522 48 18
103 153 48 2
339 388 48 14
424 515 48 10
342 339 48 4
505 462 48 12
172 108 48 10
433 58 48 7
208 333 48 5
546 312 48 8
110 282 48 16
428 384 48 18
332 237 48 19
420 175 48 7
412 516 48 17
24 473 48 6
70 159 48 17
233 107 48 16
297 314 48 10
480 312 48 11
535 483 48 5
17 363 48 9
137 209 48 13
220 143 48 18
271 70 48 19
174 93 48 1
539 225 48 2
527 519 48 12
25 268 48 12
464 262 48 3
183 250 48 16
183 328 48 18
81 464 48 4
277 199 48 5
100 469 48 13
438 95 48 7
217 149 48 15
154 190 48 14
259 276 48 14
130 192 48 8
437 437 48 6
133 134 48 3
191 215 48 10
34 6 48 4
505 106 48 4
13 543 48 6
223 212 48 8
171 427 48 6
91 200 48 7
277 330 48 1
240 219 48 17
452 413 48 3
507 56 48 16
478 90 48 20
162 109 48 3
376 184 48 3
137 468 48 6
109 91 48 11
331 181 48 11
220 520 48 8
424 212 48 4
517 117 48 16
196 138 48 11
152 130 48 14
113 291 48 9
179 181 48 11
302 317 48 7
152 487 48 11
429 271 48 18
358 5 48 16
193 428 48 8
246 459 48 4
165 107 48 6
202 258 48 15
389 432 48 6
200 125 48 14
256 427 48 13
232 31 48 9
361 521 48 13
185 393 48 11
528 38 48 3
50 284 48 17
236 510 48 16
73 164 48 6
40 68 48 8
296 329 48 10
310 38 48 20
93 331 48 3
362 144 48 8
479 390 48 19
52 432 48 1
177 482 48 11
150 232 48 12
292 304 48 5
207 343 48 5
6 154 48 12
476 463 48 3
403 8 48 20
360 431 48 11
290 362 48 3
66 476 48 5
489 105 48 15
162 316 48 5
345 61 48 12
145 329 48 16
135 334 48 9
454 324 48 9
325 179 48 4
527 538 48 18
387 343 48 1
151 470 48 18
347 411 48 20
477 88 48 15
353 432 48 19
471 29 48 9
508 226 48 4
89 132 48 2
194 457 48 5
368 498 48 5
425 399 48 8
359 2 48 4
283 411 48 7
311 402 48 6
232 208 48 4
212 193 48 19
521 153 48 14
130 303 48 12
125 11 48 16
361 378 48 5
40 255 48 1
61 129 48 19
66 411 48 14
482 237 48 8
438 468 48 10
279 132 48 19
272 167 48 14
490 297 48 11
292 483 48 10
66 296 48 6
398 397 48 13
35 457 48 18
282 38 48 14
392 519 48 5
356 410 48 5
43 203 48 13
530 474 48 8
138 416 48 15
532 222 48 7
452 287 48 7
201 200 48 1
267 234 48 6
461 515 48 7
34 359 48 10
327 229 48 11
541 333 48 2
401 378 48 5
427 515 48 13
203 14 48 17
38 465 48 6
168 181 48 3
148 509 48 13
162 485 48 2
150 518 48 7
172 297 48 15
56 352 48 5
204 205 48 18
278 147 48 20
344 349 48 9
85 448 48 8
112 68 48 5
400 278 48 20
374 439 48 15
377 103 48 19
253 275 48 1
357 330 48 12
309 49 48 10
29 326 48 1
325 185 48 12
150 269 48 9
377 442 48 10
361 294 48 4
244 182 48 8
127 73 48 13
41 325 48 3
252 196 48 12
330 505 48 2
65 48 48 9
8 435 48 4
299 37 48 16
5 475 48 2
325 288 48 16
438 46 48 10
441 172 48 17
547 275 48 3
380 526 48 2
120 308 48 3
392 434 48 11
505 441 48 8
255 254 48 19
335 320 48 15
309 160 48 20
91 50 48 5
54 5 48 6
213 5 48 20
149 446 48 19
343 18 48 16
493 410 48 10
144 367 48 3
291 137 48 16
536 533 48 19
161 295 48 12
11 447 48 11
516 16 48 3
160 228 48 13
78 377 48 11
36 172 48 19
302 117 48 12
517 323 48 6
140 128 48 15
78 179 48 14
398 339 48 9
330 412 48 15
373 442 48 12
359 54 48 8
472 193 48 2
422 228 48 11
452 530 48 6
343 14 48 8
178 215 48 4
149 354 48 13
168 205 48 1
480 49 48 18
207 422 48 1
496 295 48 7
466 219 48 15
326 94 48 7
358 60 48 7
83 464 48 4
130 95 48 4
366 305 48 19
296 472 48 10
17 405 48 8
149 126 48 16
175 75 48 8
254 540 48 9
40 318 48 16
53 190 48 20
111 272 48 4
243 463 48 6
43 344 48 20
258 92 48 6
192 108 48 18
112 256 48 10
516 430 48 16
119 198 48 20
488 237 48 19
465 351 48 5
16 523 48 1
31 219 48 16
139 323 48 16
67 95 48 2
529 286 48 6
300 397 48 5
259 427 48 15
292 546 48 2
379 1 48 20
237 466 48 15
408 543 48 19
303 26 48 10
176 227 48 8
392 355 48 19
214 336 48 4
205 151 48 2
513 409 48 10
218 154 48 18
182 532 48 2
382 283 48 10
448 143 48 1
489 446 48 1
201 74 48 5
359 528 48 4
2 256 48 14
477 523 48 2
378 3 48 9
97 221 48 1
423 402 48 5
265 299 48 17
24 199 48 15
388 140 48 5
231 402 48 2
361 213 48 20
237 214 48 4
511 205 48 16
387 35 48 4
187 194 48 13
140 131 48 4
140 395 48 17
484 481 48 18
361 383 48 5
261 128 48 19
234 489 48 7
249 240 48 19
519 203 48 18
280 105 48 6
43 353 48 11
26 493 48 2
472 147 48 14
185 83 48 15
33 505 48 17
83 218 48 10
533 513 48 9
102 276 48 1
430 248 48 5
478 42 48 17
75 84 48 13
474 171 48 6
456 95 48 12
348 341 48 15
173 374 48 6
505 518 48 16
355 503 48 8
208 57 48 3
300 2 48 6
110 541 48 12
86 130 48 8
415 56 48 14
141 26 48 6
138 374 48 19
216 61 48 12
252 18 48 5
21 434 48 13
302 94 48 17
373 456 48 5
145 80 48 6
19 166 48 5
39 33 48 4
166 235 48 5
450 372 48 12
528 41 48 11
493 292 48 12
429 374 48 10
382 190 48 19
391 16 48 18
402 222 48 11
467 302 48 7
53 340 48 2
302 506 48 10
92 470 48 5
193 512 48 11
417 520 48 17
111 463 48 17
300 297 48 8
98 202 48 15
351 56 48 12
137 38 48 14
149 90 48 2
194 453 48 16
535 545 48 1
215 252 48 1
483 121 48 14
495 293 48 17
457 108 48 14
547 205 48 9
167 9 48 20
70 207 48 11
275 355 48 19
272 63 48 7
289 112 48 8
290 327 48 9
256 262 48 15
194 271 48 15
109 180 48 5
320 180 48 15
248 408 48 15
231 478 48 3
313 267 48 18
484 538 48 4
75 279 48 20
273 21 48 1
175 277 48 10
259 532 48 15
89 94 48 4
88 475 48 1
230 175 48 16
503 405 48 7
374 232 48 20
114 168 48 16
463 305 48 2
377 92 48 18
132 328 48 5
148 39 48 16
372 190 48 10
291 277 48 8
450 21 48 4
532 524 48 11
544 350 48 9
337 463 48 10
120 440 48 2
181 332 48 8
387 463 48 12
321 64 48 13
302 497 48 12
438 302 48 5
440 267 48 12
131 251 48 2
288 310 48 10
192 161 48 17
264 281 48 6
154 523 48 5
136 424 48 18
506 198 48 13
368 14 48 16
419 452 48 12
262 406 48 20
125 51 48 19
26 400 48 16
276 45 48 10
441 370 48 19
75 523 48 4
526 173 48 4
469 132 48 14
475 499 48 9
7 433 48 3
388 209 48 3
488 395 48 12
416 420 48 1
167 148 48 1
79 103 48 10
271 177 48 1
16 217 48 15
122 138 48 14
2 127 48 18
442 134 48 11
240 36 48 17
19 39 48 19
396 454 48 10
140 73 48 7
537 152 48 2
147 484 48 17
341 14 48 11
161 135 48 11
174 198 48 7
139 93 48 20
50 394 48 9
170 412 48 4
198 322 48 16
99 461 48 20
208 512 48 18
420 111 48 20
323 514 48 8
442 189 48 7
214 363 48 12
175 501 48 5
330 65 48 16
521 296 48 20
203 494 48 11
400 107 48 19
123 376 48 14
58 310 48 19
539 85 48 13
2 42 48 6
146 317 48 8
487 491 48 20
374 336 48 13
106 309 48 10
312 27 48 15
293 426 48 17
249 1 48 3
169 121 48 5
262 174 48 13
383 175 48 4
208 320 48 20
394 260 48 1
49 86 48 5
315 253 48 4
329 18 48 2
352 372 48 18
542 73 48 18
76 303 48 1
467 80 48 10
395 524 48 7
364 184 48 16
164 31 48 15
455 141 48 13
49 455 48 5
14 236 48 19
4 102 48 9
420 159 48 13
352 234 48 5
465 215 48 10
205 62 48 16
182 487 48 18
478 104 48 14
1 73 48 16
218 184 48 16
140 197 48 15
142 200 48 17
514 73 48 1
412 486 48 17
189 403 48 3
530 61 48 1
424 304 48 4
502 234 48 14
125 296 48 19
435 28 48 8
105 167 48 16
135 308 48 13
266 337 48 7
8 201 48 20
45 451 48 8
359 495 48 5
188 371 48 17
503 326 48 11
436 512 48 13
503 400 48 15
207 19 48 2
106 153 48 15
267 418 48 16
500 487 48 5
124 532 48 18
151 405 48 16
299 45 48 15
266 547 48 3
527 497 48 1
537 515 48 17
26 236 48 14
291 403 48 9
379 123 48 20
255 75 48 5
394 199 48 2
435 411 48 17
424 162 48 9
298 489 48 11
497 469 48 6
175 458 48 14
253 545 48 18
411 289 48 10
174 182 48 13
417 436 48 17
53 344 48 18
281 232 48 7
367 170 48 9
498 529 48 11
205 540 48 13
408 167 48 11
94 481 48 8
14 344 48 8
399 33 48 6
359 511 48 9
394 16 48 11
141 359 48 20
299 240 48 12
71 252 48 1
455 456 48 13
214 317 48 16
429 410 48 8
157 485 48 4
235 337 48 2
494 148 48 13
95 541 48 20
101 197 48 6
338 495 48 3
321 80 48 14
285 534 48 3
241 200 48 14
425 144 48 5
58 362 48 1
35 50 48 16
105 543 48 10
77 90 48 2
189 252 48 11
49 42 48 15
211 424 48 14
140 161 48 11
462 463 48 17
6 403 48 4
83 460 48 3
97 9 48 12
448 114 48 16
399 190 48 13
467 440 48 19
123 489 48 11
334 214 48 10
78 353 48 2
417 329 48 5
408 396 48 8
58 478 48 10
69 28 48 1
129 475 48 16
246 388 48 19
515 307 48 8
489 491 48 2
19 340 48 3
34 479 48 3
210 348 48 6
302 208 48 15
310 265 48 8
231 333 48 4
161 523 48 7
265 284 48 2
12 251 48 18
261 254 48 19
450 272 48 10
430 306 48 5
216 30 48 6
392 331 48 1
416 94 48 15
371 386 48 20
415 61 48 1
448 326 48 20
383 399 48 1
140 112 48 16
387 77 48 13
488 506 48 3
35 174 48 7
414 80 48 20
30 496 48 11
520 381 48 9
249 311 48 5
77 211 48 8
126 109 48 4
487 248 48 11
8 149 48 4
348 89 48 5
22 123 48 7
273 51 48 17
308 142 48 20
12 115 48 7
40 425 48 18
191 501 48 11
119 141 48 2
446 80 48 17
400 88 48 14
367 435 48 14
355 518 48 9
517 244 48 20
211 66 48 15
462 77 48 13
546 179 48 13
394 431 48 3
514 2 48 6
257 510 48 15
247 362 48 12
385 243 48 14
126 51 48 3
51 20 48 10
88 292 48 14
266 268 48 6
12 328 48 5
243 236 48 16
490 202 48 18
329 520 48 3
248 219 48 5
316 118 48 16
271 305 48 11
197 355 48 17
489 442 48 14
300 223 48 9
311 234 48 20
500 538 48 18
25 542 48 7
222 386 48 18
320 148 48 9
293 464 48 19
24 187 48 19
290 445 48 11
90 449 48 12
181 201 48 10
54 26 48 9
255 525 48 2
144 64 48 10
296 285 48 16
421 119 48 10
280 474 48 6
256 497 48 13
536 240 48 11
77 391 48 16
184 87 48 14
450 202 48 10
527 518 48 8
47 114 48 7
170 472 48 20
132 407 48 15
241 139 48 7
328 394 48 7
116 445 48 10
349 521 48 12
545 219 48 9
394 122 48 17
268 101 48 1
181 209 48 16
157 378 48 10
480 509 48 4
374 264 48 1
194 106 48 17
25 222 48 9
96 85 48 19
72 83 48 20
134 476 48 20
459 259 48 12
208 439 48 17
71 111 48 12
466 105 48 18
174 478 48 10
83 186 48 19
385 210 48 12
99 367 48 15
333 438 48 12
239 86 48 16
328 60 48 15
32 267 48 20
491 399 48 6
296 380 48 8
62 68 48 16
153 150 48 12
350 49 48 11
283 147 48 1
363 480 48 19
524 233 48 11
129 14 48 15
539 45 48 15
418 51 48 5
406 346 48 8
499 469 48 15
36 74 48 9
306 486 48 16
300 221 48 6
175 36 48 15
488 13 48 6
464 203 48 9
436 257 48 15
252 127 48 1
529 532 48 2
90 483 48 3
328 519 48 18
169 339 48 12
58 153 48 20
155 327 48 6
247 330 48 4
24 246 48 17
361 196 48 12
319 448 48 8
266 491 48 15
134 33 48 15
471 361 48 1
334 44 48 12
197 101 48 10
280 317 48 16
461 78 48 11
169 163 48 2
80 523 48 7
184 295 48 13
477 75 48 4
269 270 48 20
481 193 48 14
180 41 48 15
278 237 48 10
467 32 48 4
497 7 48 13
309 176 48 4
366 255 48 7
133 500 48 15
348 491 48 1
20 212 48 6
272 146 48 6
461 387 48 20
84 117 48 17
416 98 48 11
95 47 48 15
336 355 48 5
254 235 48 1
210 368 48 3
460 230 48 1
361 249 48 11
470 36 48 18
286 496 48 11
142 95 48 5
297 510 48 19
545 119 48 18
191 516 48 6
73 223 48 2
210 432 48 2
361 407 48 14
455 282 48 18
152 204 48 8
118 4 48 13
408 208 48 12
392 504 48 14
411 17 48 1
538 207 48 19
473 341 48 2
220 65 48 16
333 425 48 8
129 333 48 18
235 546 48 2
376 117 48 19
527 39 48 15
226 430 48 10
434 355 48 15
275 346 48 16
85 333 48 18
179 5 48 12
158 338 48 14
119 466 48 11
300 153 48 9
262 43 48 2
227 22 48 4
399 247 48 10
104 195 48 8
311 532 48 18
238 131 48 13
21 310 48 8
354 529 48 7
79 162 48 20
198 462 48 20
315 238 48 14
64 464 48 14
398 377 48 5
67 542 48 18
153 305 48 11
37 58 48 2
254 78 48 11
537 493 48 14
63 86 48 14
116 345 48 5
383 113 48 20
145 238 48 9
537 88 48 6
144 216 48 1
8 431 48 19
464 467 48 17
504 235 48 12
430 286 48 14
337 348 48 2
406 525 48 12
450 360 48 14
185 19 48 5
444 71 48 4
110 276 48 17
255 283 48 18
281 262 48 16
365 280 48 5
41 163 48 10
271 499 48 11
40 357 48 5
216 260 48 17
503 506 48 6
481 464 48 19
60 26 48 20
402 342 48 17
142 76 48 14
349 502 48 20
305 57 48 8
61 389 48 19
165 491 48 12
309 159 48 18
265 114 48 17
301 47 48 1
408 169 48 13
181 23 48 7
360 227 48 11
254 28 48 13
489 394 48 12
339 454 48 18
202 134 48 7
484 442 48 15
478 221 48 3
492 521 48 1
423 381 48 11
441 76 48 1
253 498 48 9
265 266 48 2
230 207 48 4
314 60 48 5
239 323 48 14
169 322 48 20
257 314 48 7
520 259 48 4
283 196 48 19
276 89 48 5
354 403 48 8
48 182 48 13
441 412 48 11
132 178 48 9
339 478 48 6
132 99 48 8
490 417 48 8
459 389 48 15
464 187 48 13
364 524 48 2
339 330 48 1
265 378 48 19
517 333 48 10
429 464 48 9
461 256 48 1
331 449 48 16
522 392 48 16
542 365 48 8
210 281 48 19
198 159 48 3
273 498 48 2
266 277 48 15
441 246 48 4
541 189 48 4
272 165 48 16
541 10 48 17
424 47 48 17
113 41 48 10
253 312 48 13
94 509 48 2
397 297 48 15
544 15 48 7
36 517 48 15
407 511 48 8
147 297 48 4
143 352 48 4
102 228 48 10
452 403 48 14
134 108 48 18
97 264 48 20
281 175 48 8
414 171 48 2
277 268 48 14
509 127 48 4
382 273 48 9
420 477 48 13
529 31 48 13
199 544 48 15
456 193 48 6
539 289 48 17
37 22 48 18
378 436 48 14
249 227 48 19
89 188 48 8
439 22 48 17
53 503 48 8
503 546 48 3
149 197 48 16
197 105 48 18
415 97 48 13
348 195 48 9
456 88 48 6
310 336 48 10
370 486 48 3
70 377 48 5
43 429 48 2
8 446 48 15
65 48 48 3
118 306 48 13
364 173 48 1
413 521 48 6
545 491 48 8
81 315 48 20
389 137 48 15
338 269 48 8
370 373 48 7
357 442 48 5
405 506 48 17
41 77 48 17
452 440 48 4
412 367 48 5
81 426 48 18
385 506 48 16
476 348 48 11
21 200 48 9
488 84 48 10
414 502 48 11
176 360 48 4
47 462 48 6
223 366 48 6
87 292 48 4
471 372 48 5
313 209 48 9
532 200 48 11
340 220 48 13
416 222 48 19
379 150 48 15
299 325 48 2
116 433 48 3
70 171 48 14
464 257 48 3
191 243 48 19
344 8 48 19
518 54 48 17
491 393 48 16
179 323 48 15
11 217 48 2
407 515 48 19
68 83 48 16
252 153 48 20
316 131 48 10
62 383 48 15
242 180 48 12
145 212 48 15
247 155 48 16
83 395 48 5
264 468 48 9
533 327 48 10
33 395 48 2
27 161 48 12
191 477 48 5
126 53 48 9
242 356 48 7
489 500 48 8
242 261 48 14
388 405 48 7
310 122 48 20
447 107 48 3
5 201 48 2
317 289 48 19
233 541 48 10
280 120 48 5
224 423 48 16
409 426 48 11
258 120 48 16
261 508 48 8
174 270 48 11
7 231 48 6
229 298 48 2
297 67 48 16
41 299 48 9
261 93 48 20
49 378 48 15
130 239 48 5
225 11 48 9
96 334 48 1
434 22 48 14
345 29 48 12
425 319 48 1
283 130 48 14
367 171 48 3
21 493 48 15
342 541 48 8
52 185 48 10
250 472 48 10
20 20 48 12
359 515 48 14
482 375 48 16
350 252 48 12
454 49 48 12
76 415 48 17
59 498 48 4
135 292 48 3
103 405 48 15
309 169 48 4
41 250 48 17
106 123 48 20
193 57 48 17
369 407 48 13
317 375 48 8
456 512 48 11
218 24 48 1
472 220 48 14
297 384 48 20
245 145 48 13
178 248 48 11
193 353 48 8
176 60 48 11
532 429 48 9
108 260 48 2
280 168 48 12
381 385 48 4
432 371 48 1
227 183 48 6
3 427 48 12
495 119 48 17
143 374 48 20
460 2 48 5
348 533 48 13
96 156 48 3
341 435 48 10
489 268 48 6
175 152 48 11
142 440 48 14
492 504 48 2
502 452 48 10
273 47 48 15
397 506 48 8
34 306 48 10
222 463 48 12
61 319 48 6
128 260 48 10
95 497 48 8
432 91 48 13
466 98 48 4
379 114 48 6
472 386 48 13
392 236 48 20
374 331 48 10
342 5 48 2
527 127 48 19
52 255 48 12
453 411 48 7
458 295 48 12
417 275 48 13
395 106 48 5
276 92 48 17
204 483 48 3
151 372 48 4
466 166 48 8
274 208 48 3
337 259 48 17
175 165 48 8
509 137 48 2
449 69 48 8
547 463 48 7
212 191 48 16
262 394 48 3
62 60 48 14
192 40 48 10
388 313 48 3
164 103 48 10
194 277 48 19
149 301 48 17
460 202 48 9
498 201 48 10
156 412 48 14
391 126 48 16
138 249 48 5
194 440 48 14
539 281 48 19
483 444 48 4
200 153 48 20
205 363 48 12
284 338 48 12
494 350 48 16
71 21 48 18
386 473 48 16
125 63 48 14
407 318 48 5
306 309 48 18
456 244 48 7
284 505 48 7
389 162 48 9
309 508 48 15
430 454 48 4
205 39 48 1
453 487 48 14
341 64 48 17
478 532 48 11
508 291 48 17
332 261 48 11
115 59 48 20
112 448 48 4
534 271 48 18
260 154 48 15
336 420 48 4
494 325 48 7
30 118 48 3
175 49 48 5
152 71 48 9
438 402 48 2
420 32 48 3
483 143 48 8
161 191 48 20
408 451 48 1
76 301 48 19
330 248 48 3
522 277 48 8
355 514 48 8
110 118 48 3
279 8 48 15
161 489 48 5
101 487 48 7
4 100 48 3
177 23 48 10
18 98 48 19
216 427 48 3
315 464 48 19
531 271 48 10
311 442 48 10
160 173 48 17
473 333 48 11
270 433 48 13
334 436 48 18
526 127 48 2
136 144 48 11
46 421 48 2
266 188 48 20
277 234 48 8
254 544 48 10
348 156 48 18
27 144 48 1
257 475 48 5
363 261 48 7
146 239 48 4
436 436 48 10
339 544 48 5
183 324 48 9
490 53 48 12
35 306 48 14
83 168 48 5
303 195 48 12
370 451 48 11
322 328 48 19
287 474 48 16
317 424 48 5
5 277 48 2
175 459 48 5
533 401 48 8
30 497 48 4
70 32 48 15
328 396 48 8
243 218 48 14
86 55 48 5
190 341 48 3
47 172 48 17
339 238 48 20
143 413 48 7
269 398 48 3
448 428 48 17
446 497 48 20
65 339 48 19
425 35 48 4
203 120 48 5
309 371 48 4
464 417 48 19
434 209 48 9
196 413 48 1
416 134 48 3
4 96 48 7
151 57 48 10
330 121 48 15
357 546 48 15
116 201 48 12
477 24 48 3
146 488 48 17
533 436 48 9
126 146 48 1
193 14 48 9
111 80 48 10
517 230 48 10
326 74 48 3
51 492 48 9
356 61 48 9
296 52 48 6
60 197 48 8
302 244 48 11
205 432 48 13
520 139 48 2
545 249 48 3
57 219 48 20
234 59 48 14
532 109 48 13
280 465 48 14
353 275 48 9
388 396 48 5
486 150 48 1
473 354 48 16
59 388 48 10
267 386 48 19
7 504 48 16
38 253 48 6
205 237 48 1
255 31 48 18
488 384 48 16
164 286 48 11
159 286 48 9
460 212 48 8
98 270 48 6
422 51 48 17
24 57 48 18
329 156 48 13
269 361 48 13
256 68 48 18
284 8 48 5
40 233 48 15
191 454 48 4
491 366 48 13
113 464 48 3
185 400 48 7
94 423 48 19
22 266 48 6
202 534 48 14
195 305 48 15
219 41 48 7
140 142 48 17
347 332 48 11
354 338 48 1
87 512 48 13
89 149 48 17
141 305 48 19
311 326 48 10
89 43 48 11
290 237 48 19
10 455 48 19
285 48 48 17
370 456 48 9
298 324 48 10
107 410 48 11
379 498 48 15
18 153 48 1
141 525 48 18
44 128 48 19
481 417 48 4
127 427 48 13
423 226 48 20
376 48 48 15
175 408 48 9
311 29 48 6
411 408 48 20
113 487 48 5
181 143 48 11
28 186 48 4
525 119 48 8
227 308 48 7
384 245 48 3
102 135 48 19
338 309 48 7
287 72 48 11
161 483 48 2
531 110 48 16
507 353 48 4
521 442 48 15
116 481 48 10
128 161 48 9
80 59 48 2
320 222 48 8
61 12 48 13
270 361 48 8
508 36 48 17
121 19 48 2
221 40 48 18
39 14 48 19
43 191 48 15
228 318 48 2
172 460 48 20
423 232 48 5
262 292 48 18
409 77 48 9
142 37 48 19
358 158 48 12
198 440 48 15
452 478 48 12
538 521 48 6
10 201 48 15
252 434 48 7
66 372 48 8
102 86 48 3
212 9 48 12
196 212 48 17
216 84 48 2
316 343 48 3
455 247 48 11
61 237 48 5
466 309 48 2
156 13 48 3
306 140 48 8
140 242 48 17
389 515 48 2
106 163 48 10
468 440 48 11
502 208 48 16
428 116 48 16
346 238 48 3
238 218 48 9
453 435 48 11
8 193 48 1
481 394 48 2
7 236 48 16
150 403 48 19
20 323 48 11
520 277 48 5
268 157 48 5
263 17 48 18
10 254 48 9
64 222 48 13
193 229 48 19
461 225 48 16
485 293 48 13
476 505 48 18
144 524 48 3
314 496 48 5
145 278 48 2
152 541 48 12
397 3 48 5
373 128 48 9
299 320 48 2
418 295 48 12
445 294 48 7
222 222 48 19
401 428 48 6
417 194 48 10
162 400 48 18
125 5 48 6
104 463 48 20
399 350 48 9
368 102 48 10
81 34 48 5
17 478 48 9
308 214 48 3
71 67 48 20
357 483 48 18
106 97 48 3
195 221 48 10
276 324 48 9
422 238 48 20
148 58 48 12
255 138 48 7
172 217 48 20
383 39 48 3
330 110 48 13
219 528 48 16
301 149 48 4
298 343 48 10
237 133 48 6
153 7 48 7
419 154 48 1
300 471 48 3
153 157 48 11
544 539 48 7
55 383 48 18
240 54 48 9
423 417 48 20
154 167 48 1
230 466 48 17
82 133 48 1
171 4 48 11
379 366 48 6
178 518 48 6
255 29 48 14
371 145 48 6
110 447 48 3
439 322 48 12
307 537 48 7
94 219 48 8
499 362 48 7
425 532 48 9
504 426 48 12
22 118 48 19
243 373 48 9
517 258 48 10
142 429 48 1
368 321 48 2
524 142 48 4
300 298 48 2
541 249 48 7
368 188 48 19
260 206 48 17
517 227 48 15
259 531 48 16
91 16 48 6
68 219 48 11
6 101 48 2
265 78 48 6
29 377 48 8
11 371 48 4
416 191 48 14
321 512 48 1
104 481 48 1
490 192 48 1
277 344 48 13
322 412 48 14
310 417 48 16
71 197 48 1
35 225 48 19
235 297 48 18
259 165 48 4
471 486 48 17
341 42 48 8
499 46 48 7
156 385 48 3
375 221 48 16
328 530 48 6
443 53 48 15
88 87 48 10
109 383 48 20
78 157 48 16
298 80 48 15
421 482 48 5
538 433 48 14
362 42 48 16
529 478 48 1
13 320 48 15
37 215 48 3
196 302 48 10
155 473 48 5
349 65 48 6
284 362 48 15
157 235 48 4
133 288 48 5
279 102 48 3
262 83 48 10
465 157 48 6
103 193 48 12
464 450 48 14
365 58 48 8
163 468 48 19
117 204 48 3
212 422 48 7
241 69 48 20
217 348 48 20
235 62 48 13
245 42 48 2
89 206 48 17
148 123 48 11
24 487 48 3
371 102 48 8
236 218 48 9
524 429 48 20
499 184 48 10
215 400 48 19
93 149 48 14
116 393 48 16
294 482 48 11
118 144 48 20
454 167 48 5
361 538 48 18
251 288 48 8
343 326 48 17
372 277 48 8
469 6 48 17
490 161 48 12
25 276 48 4
149 22 48 16
540 202 48 19
506 108 48 13
411 530 48 11
417 233 48 19
217 29 48 3
445 462 48 10
309 445 48 18
87 387 48 8
14 411 48 16
396 74 48 4
226 66 48 7
200 24 48 8
403 496 48 9
48 427 48 11
43 96 48 13
300 540 48 15
411 363 48 18
528 512 48 20
319 525 48 6
448 435 48 1
51 176 48 17
464 437 48 15
437 292 48 17
392 340 48 14
95 444 48 3
435 196 48 10
80 122 48 20
231 164 48 15
221 544 48 6
137 444 48 7
64 494 48 7
180 410 48 12
320 361 48 5
471 268 48 10
501 362 48 5
79 250 48 5
259 391 48 10
317 137 48 6
338 357 48 4
399 493 48 1
410 71 48 10
48 251 48 19
123 85 48 13
5 8 48 14
225 508 48 4
404 102 48 14
293 422 48 18
303 253 48 10
476 44 48 5
160 504 48 3
226 366 48 14
363 414 48 17
362 51 48 14
236 55 48 7
378 342 48 7
334 260 48 18
116 5 48 13
288 307 48 18
50 297 48 13
230 456 48 3
355 197 48 5
66 74 48 19
27 497 48 16
135 185 48 7
312 77 48 19
449 472 48 4
203 40 48 18
378 328 48 2
320 439 48 1
306 121 48 19
248 475 48 7
70 541 48 15
368 82 48 5
169 278 48 17
86 42 48 18
345 6 48 1
315 208 48 13
352 100 48 10
209 419 48 2
363 239 48 17
487 486 48 13
384 71 48 20
292 500 48 14
211 183 48 7
376 268 48 19
133 65 48 7
362 442 48 1
83 308 48 1
255 516 48 8
256 393 48 4
439 394 48 1
64 230 48 17
292 36 48 10
54 246 48 7
93 137 48 7
236 331 48 3
322 145 48 16
192 227 48 11
99 481 48 14
2 251 48 12
81 204 48 17
222 330 48 13
434 74 48 8
112 127 48 4
520 281 48 19
101 517 48 10
355 353 48 20
504 545 48 19
412 158 48 10
413 159 48 16
198 301 48 19
376 38 48 17
298 533 48 1
256 97 48 20
522 131 48 5
376 231 48 5
76 101 48 14
468 57 48 17
54 530 48 14
182 396 48 19
14 46 48 13
112 483 48 15
538 233 48 10
491 4 48 11
84 525 48 6
505 415 48 11
348 6 48 10
59 535 48 10
375 103 48 10
302 284 48 14
450 360 48 6
413 533 48 2
413 38 48 14
398 528 48 2
56 127 48 1
392 84 48 14
474 494 48 17
46 67 48 2
346 441 48 11
19 196 48 9
149 160 48 8
386 25 48 6
11 437 48 20
477 349 48 1
400 466 48 10
361 311 48 15
252 237 48 19
86 344 48 16
516 142 48 6
501 222 48 11
285 432 48 1
489 270 48 20
132 280 48 14
359 272 48 20
81 186 48 13
539 546 48 9
533 313 48 19
535 398 48 12
118 429 48 3
141 444 48 7
484 243 48 3
376 247 48 6
355 378 48 7
222 251 48 18
500 331 48 13
149 384 48 4
108 369 48 5
427 418 48 4
480 50 48 1
252 191 48 10
184 189 48 1
62 17 48 20
271 433 48 5
213 108 48 3
426 122 48 14
277 270 48 5
189 439 48 12
474 318 48 11
63 312 48 3
142 17 48 7
180 262 48 13
460 385 48 14
501 108 48 8
372 321 48 2
493 199 48 15
459 538 48 11
262 241 48 10
434 167 48 2
53 230 48 7
206 371 48 18
65 3 48 14
173 524 48 9
298 477 48 8
371 301 48 10
3 246 48 8
304 158 48 17
326 419 48 1
302 367 48 4
109 419 48 2
166 140 48 3
301 266 48 11
88 438 48 16
321 251 48 19
115 74 48 2
228 76 48 9
55 379 48 3
357 220 48 12
414 36 48 6
91 144 48 17
543 310 48 6
334 63 48 12
128 213 48 7
507 48 48 9
268 162 48 1
392 452 48 17
215 506 48 10
256 378 48 16
169 244 48 12
511 334 48 4
239 392 48 13
168 178 48 12
300 367 48 15
384 388 48 10
172 171 48 7
32 15 48 17
30 291 48 15
407 547 48 12
455 168 48 4
54 193 48 12
343 493 48 16
394 113 48 6
84 412 48 10
49 311 48 1
61 482 48 7
234 28 48 13
436 58 48 14
49 464 48 18
39 433 48 12
272 486 48 16
416 281 48 4
404 189 48 11
85 273 48 2
194 383 48 2
143 443 48 20
325 191 48 20
36 79 48 15
37 127 48 10
38 165 48 9
268 499 48 14
143 429 48 2
26 286 48 11
507 432 48 18
367 78 48 17
52 282 48 9
218 121 48 5
411 156 48 16
177 193 48 14
405 292 48 16
34 12 48 7
149 216 48 2
544 242 48 15
33 263 48 4
404 144 48 6
124 195 48 17
287 412 48 13
93 337 48 16
524 513 48 5
112 433 48 5
412 466 48 19
177 67 48 7
309 63 48 7
303 158 48 6
181 76 48 1
198 199 48 17
497 547 48 13
431 92 48 8
458 131 48 10
193 242 48 19
280 106 48 3
379 283 48 1
146 106 48 20
216 471 48 4
1 166 48 18
538 364 48 3
175 375 48 6
285 258 48 5
184 230 48 2
111 484 48 2
408 217 48 2
139 48 48 11
545 255 48 18
466 470 48 2
60 532 48 6
337 522 48 6
328 211 48 19
257 10 48 17
339 255 48 15
66 428 48 3
519 288 48 20
46 488 48 1
402 485 48 20
379 466 48 7
216 525 48 15
281 376 48 8
224 157 48 2
56 475 48 9
145 328 48 16
526 393 48 13
296 364 48 10
282 472 48 8
439 326 48 13
303 157 48 11
89 435 48 18
468 230 48 11
274 516 48 5
414 24 48 17
16 169 48 11
481 147 48 20
342 442 48 14
490 238 48 5
31 191 48 3
119 493 48 11
187 34 48 9
232 501 48 14
106 289 48 12
197 155 48 13
154 232 48 4
499 227 48 20
205 21 48 11
274 510 48 12
267 56 48 11
100 236 48 19
152 423 48 14
91 169 48 18
384 274 48 2
35 471 48 19
319 139 48 5
286 152 48 7
399 356 48 19
468 82 48 20
227 410 48 19
238 510 48 16
132 176 48 4
121 267 48 8
125 165 48 20
355 199 48 7
316 33 48 14
446 318 48 7
318 170 48 3
148 152 48 17
64 379 48 3
36 131 48 6
305 263 48 16
449 445 48 14
276 85 48 13
315 501 48 17
401 270 48 17
78 168 48 20
454 485 48 14
153 147 48 1
480 273 48 11
185 370 48 18
