3000 300
232 373 120 17
521 300 120 14
502 209 120 2
465 114 120 4
141 462 120 12
214 20 120 1
520 134 120 10
33 520 120 6
421 138 120 14
499 408 120 8
188 92 120 5
451 128 120 5
207 82 120 14
509 546 120 3
32 139 120 1
119 414 120 14
46 449 120 7
141 481 120 15
260 416 120 15
167 368 120 10
471 8 120 10
115 521 120 7
120 180 120 3
333 141 120 12
237 234 120 3
539 414 120 6
376 460 120 8
407 115 120 6
473 436 120 13
191 55 120 16
255 40 120 4
534 216 120 4
393 397 120 2
333 182 120 11
271 418 120 4
471 472 120 14
476 362 120 3
444 221 120 8
407 209 120 18
239 399 120 18
437 168 120 15
158 216 120 1
399 61 120 4
334 393 120 18
410 178 120 4
234 164 120 16
471 154 120 15
74 51 120 12
399 519 120 12
66 210 120 17
333 100 120 14
155 319 120 18
253 233 120 9
201 19 120 19
392 428 120 1
515 114 120 16
16 38 120 1
424 173 120 16
83 24 120 18
497 89 120 6
278 484 120 1
226 153 120 14
389 405 120 19
128 120 120 9
322 511 120 12
208 479 120 5
195 494 120 3
397 432 120 8
165 30 120 12
451 41 120 19
399 318 120 4
24 543 120 17
452 447 120 3
80 89 120 4
273 410 120 11
409 70 120 10
112 326 120 5
460 176 120 2
496 402 120 13
8 305 120 1
217 218 120 13
363 241 120 20
113 207 120 14
330 348 120 11
120 136 120 15
482 544 120 12
290 170 120 3
44 83 120 19
291 93 120 16
83 100 120 3
462 316 120 13
64 131 120 20
209 306 120 19
377 150 120 18
25 331 120 16
144 265 120 16
394 69 120 12
423 112 120 17
80 403 120 19
200 547 120 9
139 461 120 17
234 524 120 20
84 248 120 1
202 77 120 6
59 163 120 16
113 306 120 3
164 215 120 18
384 90 120 3
201 232 120 13
110 493 120 20
118 85 120 8
503 380 120 6
534 525 120 16
323 179 120 3
262 238 120 7
531 412 120 20
32 28 120 11
149 411 120 18
440 126 120 2
38 235 120 2
245 414 120 17
364 432 120 3
522 418 120 3
318 194 120 12
253 455 120 10
350 500 120 12
267 531 120 7
399 195 120 20
135 87 120 5
102 186 120 14
14 430 120 17
11 309 120 5
448 283 120 13
316 116 120 6
424 430 120 1
222 232 120 1
493 13 120 1
245 473 120 5
470 60 120 8
273 223 120 6
372 237 120 8
400 309 120 20
312 271 120 11
95 101 120 5
132 524 120 8
139 260 120 10
35 206 120 19
524 512 120 12
113 434 120 8
397 221 120 18
382 108 120 5
249 507 120 9
486 334 120 1
458 490 120 14
61 136 120 13
92 274 120 5
417 371 120 3
269 347 120 13
46 522 120 17
492 433 120 9
67 267 120 5
486 515 120 9
120 515 120 6
86 426 120 20
152 1 120 9
195 154 120 4
13 85 120 15
159 353 120 14
208 399 120 12
268 405 120 12
1 471 120 17
388 410 120 16
249 44 120 10
444 129 120 20
95 280 120 3
429 537 120 14
490 64 120 8
373 222 120 13
118 492 120 18
446 212 120 14
113 212 120 17
108 114 120 13
132 362 120 10
124 320 120 12
56 477 120 1
50 358 120 4
136 362 120 2
368 188 120 1
405 367 120 2
356 328 120 13
164 502 120 6
442 124 120 13
160 317 120 15
467 503 120 16
356 11 120 17
39 61 120 10
258 258 120 5
55 140 120 10
73 544 120 18
36 414 120 19
271 30 120 17
233 534 120 12
245 146 120 7
196 65 120 16
467 482 120 18
119 35 120 18
191 292 120 10
140 408 120 1
275 543 120 3
292 31 120 11
89 363 120 12
449 48 120 8
385 355 120 3
91 3 120 7
360 531 120 2
93 103 120 10
433 355 120 4
60 494 120 7
311 284 120 10
74 28 120 15
250 179 120 14
455 80 120 18
162 527 120 6
75 70 120 16
115 491 120 13
90 37 120 4
99 531 120 18
461 44 120 1
137 354 120 1
417 427 120 15
180 191 120 14
368 161 120 6
118 384 120 9
160 458 120 2
266 26 120 20
418 115 120 13
125 275 120 10
311 188 120 19
443 387 120 12
311 318 120 13
268 498 120 10
404 380 120 8
72 497 120 6
266 171 120 19
106 498 120 12
374 369 120 7
194 8 120 13
482 318 120 13
328 213 120 18
42 38 120 5
183 306 120 19
515 162 120 14
521 295 120 11
302 13 120 3
55 180 120 17
504 6 120 18
520 199 120 17
263 195 120 14
255 37 120 7
87 79 120 10
298 261 120 15
459 290 120 11
514 264 120 11
518 18 120 15
207 134 120 4
393 90 120 10
401 124 120 12
478 386 120 17
325 93 120 9
447 241 120 5
60 538 120 13
39 449 120 5
180 415 120 2
129 447 120 17
91 168 120 20
293 14 120 2
501 476 120 9
423 468 120 13
539 307 120 19
206 207 120 15
499 328 120 19
20 428 120 3
377 122 120 18
451 251 120 12
56 403 120 9
404 148 120 8
355 164 120 15
430 39 120 2
404 30 120 18
471 235 120 14
232 248 120 19
530 267 120 8
182 97 120 2
373 547 120 5
464 117 120 11
237 35 120 4
23 390 120 12
346 334 120 19
42 252 120 13
106 176 120 10
377 407 120 12
489 389 120 5
544 85 120 11
174 458 120 19
53 436 120 18
459 125 120 14
465 209 120 2
87 7 120 18
356 110 120 19
107 215 120 14
154 44 120 6
449 48 120 17
526 44 120 17
213 217 120 8
447 332 120 9
312 243 120 12
211 222 120 4
15 370 120 19
213 178 120 18
116 346 120 11
194 499 120 2
193 463 120 11
33 503 120 13
20 168 120 4
463 67 120 18
310 440 120 9
342 166 120 20
36 180 120 10
344 454 120 1
277 85 120 5
424 340 120 20
129 533 120 12
429 80 120 14
225 161 120 8
361 77 120 6
282 448 120 11
506 304 120 10
405 401 120 4
187 260 120 3
209 536 120 4
28 412 120 12
408 55 120 5
156 483 120 19
468 222 120 9
401 36 120 4
400 317 120 8
353 275 120 13
472 132 120 9
284 381 120 20
3 42 120 19
415 131 120 12
11 539 120 1
262 209 120 7
46 192 120 12
538 45 120 10
73 444 120 11
118 311 120 15
466 235 120 15
182 519 120 19
158 36 120 12
183 451 120 6
135 523 120 5
141 299 120 20
82 345 120 3
245 397 120 14
505 469 120 10
534 101 120 1
229 81 120 2
179 263 120 3
509 482 120 2
395 179 120 11
411 375 120 1
419 515 120 1
150 112 120 8
72 418 120 19
38 376 120 1
509 362 120 15
258 105 120 19
242 345 120 7
259 306 120 6
312 215 120 11
329 79 120 20
384 497 120 7
190 161 120 1
402 232 120 9
463 331 120 5
445 354 120 19
105 64 120 4
331 306 120 20
333 79 120 15
332 390 120 2
509 234 120 17
513 132 120 17
547 321 120 9
145 175 120 7
223 152 120 4
128 49 120 17
457 216 120 10
406 546 120 13
152 331 120 20
265 177 120 3
531 138 120 2
390 166 120 13
260 165 120 12
290 372 120 2
4 109 120 1
110 236 120 2
84 208 120 18
122 128 120 20
526 279 120 2
462 543 120 3
303 42 120 11
438 493 120 19
158 206 120 5
259 10 120 16
50 14 120 5
538 185 120 16
528 269 120 8
248 452 120 4
513 430 120 7
77 407 120 12
364 224 120 19
303 114 120 20
346 333 120 20
130 107 120 19
223 156 120 14
486 146 120 8
499 189 120 18
173 498 120 13
35 526 120 18
176 55 120 19
374 480 120 11
128 297 120 7
374 157 120 1
341 286 120 3
379 508 120 19
430 508 120 9
180 460 120 7
261 85 120 10
245 181 120 8
174 356 120 3
24 244 120 17
97 371 120 20
284 260 120 4
380 115 120 11
35 493 120 10
392 375 120 3
471 69 120 19
192 329 120 17
410 89 120 1
121 324 120 8
433 348 120 11
192 444 120 6
309 242 120 14
521 74 120 6
534 108 120 20
507 14 120 1
502 485 120 5
348 191 120 20
401 53 120 8
88 235 120 18
193 120 120 19
541 373 120 1
227 196 120 12
235 232 120 14
356 218 120 11
423 239 120 11
316 193 120 4
340 540 120 16
146 456 120 8
101 543 120 7
380 250 120 7
521 243 120 4
12 532 120 18
353 281 120 3
220 89 120 2
319 511 120 12
432 342 120 7
543 134 120 19
360 341 120 3
228 504 120 3
393 336 120 8
129 310 120 6
362 321 120 8
181 188 120 15
293 407 120 17
75 241 120 20
95 187 120 2
307 182 120 15
27 56 120 17
264 284 120 1
497 191 120 16
432 381 120 7
124 195 120 19
410 437 120 3
366 244 120 4
473 318 120 5
59 474 120 4
532 296 120 5
169 384 120 18
85 101 120 8
18 50 120 13
349 543 120 12
442 181 120 19
308 43 120 13
423 471 120 14
460 458 120 17
189 31 120 19
105 78 120 12
264 246 120 10
478 392 120 6
6 472 120 15
208 273 120 4
306 168 120 18
52 537 120 10
358 475 120 1
298 449 120 11
71 90 120 9
380 256 120 7
436 34 120 19
329 27 120 15
384 32 120 18
3 239 120 19
164 545 120 1
21 111 120 10
529 530 120 3
413 280 120 12
207 413 120 13
94 245 120 19
543 195 120 16
206 524 120 3
260 422 120 7
238 425 120 13
3 103 120 11
483 185 120 12
467 166 120 8
378 31 120 12
190 238 120 5
153 331 120 1
434 389 120 16
140 47 120 18
480 368 120 12
305 58 120 17
368 60 120 16
490 57 120 5
299 523 120 7
28 353 120 12
98 57 120 4
34 210 120 19
213 158 120 18
102 359 120 8
514 292 120 15
316 111 120 8
56 478 120 13
446 482 120 8
474 233 120 16
120 322 120 13
405 419 120 20
381 452 120 11
202 180 120 16
411 281 120 17
181 310 120 2
380 140 120 17
89 257 120 6
466 156 120 19
353 144 120 7
216 263 120 17
493 182 120 5
217 15 120 10
275 278 120 18
490 203 120 16
31 383 120 20
411 215 120 14
415 303 120 14
412 284 120 16
342 89 120 16
82 304 120 20
80 249 120 12
12 528 120 2
458 317 120 2
535 321 120 19
346 351 120 2
43 276 120 3
426 144 120 11
34 8 120 9
281 411 120 4
187 492 120 5
416 87 120 2
280 160 120 16
221 70 120 1
501 58 120 4
374 465 120 18
207 23 120 7
255 448 120 9
120 481 120 13
268 277 120 6
504 525 120 17
74 455 120 12
440 188 120 7
238 470 120 10
415 485 120 4
364 311 120 4
179 518 120 8
208 287 120 9
441 406 120 6
197 126 120 13
301 144 120 6
411 218 120 8
123 172 120 11
479 471 120 16
419 338 120 4
417 217 120 6
394 457 120 2
393 179 120 15
354 73 120 7
311 269 120 14
544 84 120 19
269 9 120 11
449 131 120 19
330 62 120 11
196 543 120 18
483 412 120 5
111 320 120 9
318 227 120 19
202 95 120 1
68 406 120 3
59 464 120 18
256 186 120 15
122 87 120 16
222 478 120 5
245 126 120 6
120 124 120 3
274 234 120 19
337 5 120 9
31 268 120 17
345 336 120 5
503 394 120 9
198 164 120 13
448 286 120 9
281 22 120 19
238 266 120 8
128 447 120 2
6 173 120 18
265 509 120 6
141 540 120 16
236 399 120 1
126 416 120 14
480 66 120 7
534 513 120 9
189 247 120 15
322 484 120 3
33 127 120 2
476 194 120 2
58 459 120 9
254 114 120 3
170 349 120 4
483 475 120 19
157 469 120 16
542 518 120 19
180 159 120 14
386 542 120 9
434 89 120 18
320 17 120 7
502 137 120 13
98 390 120 8
296 12 120 6
406 9 120 14
385 227 120 8
430 284 120 17
440 463 120 5
211 364 120 5
465 250 120 2
299 84 120 19
388 100 120 3
388 198 120 3
501 493 120 2
416 413 120 20
320 251 120 15
208 133 120 8
65 25 120 19
143 235 120 7
216 152 120 2
439 512 120 16
193 352 120 12
84 192 120 17
363 208 120 6
169 76 120 2
44 458 120 16
146 118 120 15
531 244 120 5
347 387 120 19
40 117 120 10
530 70 120 14
134 262 120 19
322 345 120 15
222 223 120 15
129 453 120 4
448 11 120 2
471 157 120 1
78 202 120 5
319 63 120 3
308 103 120 7
511 147 120 2
132 280 120 19
166 116 120 19
453 337 120 6
401 527 120 5
424 428 120 4
419 351 120 8
531 490 120 12
401 261 120 12
111 84 120 9
545 47 120 8
502 178 120 18
173 405 120 16
312 311 120 4
127 164 120 5
393 102 120 6
185 520 120 2
133 18 120 8
345 480 120 19
72 105 120 15
448 103 120 17
485 119 120 9
317 291 120 19
203 117 120 12
2 243 120 7
327 89 120 15
533 273 120 1
118 468 120 13
131 265 120 19
529 336 120 3
400 298 120 2
380 297 120 18
538 67 120 1
6 331 120 9
331 394 120 1
396 173 120 12
500 220 120 5
91 338 120 8
308 530 120 4
395 511 120 16
102 364 120 20
520 196 120 8
509 186 120 8
241 253 120 16
152 98 120 15
305 493 120 1
546 445 120 13
27 50 120 3
38 357 120 6
250 267 120 14
313 430 120 12
187 403 120 4
358 364 120 4
48 120 120 16
192 271 120 17
120 28 120 7
283 88 120 6
56 176 120 20
228 213 120 15
444 525 120 12
15 290 120 1
11 538 120 8
265 349 120 10
157 458 120 6
363 103 120 9
120 222 120 19
432 504 120 7
94 74 120 1
352 363 120 6
482 260 120 20
393 336 120 15
125 347 120 2
382 64 120 1
456 282 120 11
164 159 120 18
142 341 120 12
209 225 120 11
425 318 120 5
332 184 120 6
451 181 120 2
547 26 120 14
447 212 120 6
337 47 120 1
91 17 120 2
302 181 120 1
68 322 120 9
117 46 120 5
123 532 120 6
265 316 120 19
284 219 120 3
77 218 120 1
143 179 120 12
133 31 120 5
185 183 120 9
34 484 120 20
41 66 120 18
388 182 120 2
474 367 120 10
330 146 120 9
369 491 120 2
104 20 120 2
473 224 120 1
506 356 120 15
101 541 120 9
321 89 120 5
174 129 120 8
348 31 120 13
145 504 120 19
473 286 120 14
22 169 120 11
399 334 120 3
509 259 120 16
312 280 120 6
83 442 120 3
98 215 120 20
49 388 120 17
65 250 120 6
386 394 120 7
465 381 120 9
265 465 120 19
494 378 120 2
256 339 120 12
242 103 120 7
37 247 120 4
433 344 120 11
433 392 120 11
13 518 120 9
171 419 120 12
346 336 120 15
260 115 120 20
404 61 120 8
272 317 120 11
523 73 120 19
506 109 120 20
321 57 120 20
412 489 120 5
343 501 120 4
39 186 120 8
128 532 120 8
50 244 120 17
437 100 120 19
169 433 120 15
239 471 120 12
474 429 120 9
409 203 120 15
202 129 120 14
448 534 120 10
180 25 120 6
330 214 120 3
330 263 120 2
383 214 120 5
73 382 120 13
79 136 120 18
219 62 120 18
468 532 120 7
226 186 120 15
534 149 120 5
311 328 120 17
273 111 120 10
219 440 120 11
470 337 120 18
335 471 120 20
85 64 120 6
306 283 120 6
470 203 120 5
289 491 120 8
298 477 120 13
294 302 120 7
313 27 120 16
61 307 120 19
133 291 120 6
418 78 120 13
53 163 120 8
432 530 120 1
326 452 120 12
204 255 120 4
329 5 120 2
56 298 120 14
172 126 120 19
522 186 120 17
217 318 120 11
311 250 120 15
329 303 120 15
472 187 120 16
288 27 120 19
430 230 120 18
454 12 120 20
469 129 120 12
300 362 120 20
158 336 120 17
447 5 120 13
417 316 120 6
526 159 120 6
313 83 120 18
81 370 120 1
301 314 120 17
227 220 120 7
220 203 120 11
511 503 120 7
441 175 120 2
10 74 120 11
504 5 120 2
154 46 120 16
230 358 120 12
493 438 120 2
235 191 120 17
268 480 120 14
313 214 120 20
547 239 120 14
49 133 120 2
432 142 120 3
335 160 120 9
6 376 120 13
382 58 120 2
355 65 120 3
150 299 120 8
321 82 120 13
164 456 120 17
209 455 120 17
272 18 120 7
24 450 120 8
458 237 120 20
350 243 120 1
287 139 120 8
34 494 120 5
281 96 120 6
233 416 120 6
117 94 120 16
276 303 120 14
127 89 120 20
172 174 120 14
358 146 120 10
157 496 120 18
392 235 120 13
138 331 120 17
11 126 120 3
182 358 120 9
496 536 120 18
171 264 120 19
362 453 120 17
86 77 120 13
197 435 120 14
122 106 120 7
288 12 120 12
108 212 120 11
359 222 120 2
283 465 120 8
137 413 120 17
84 98 120 14
458 521 120 14
372 60 120 7
522 318 120 9
208 439 120 19
513 180 120 14
505 287 120 16
343 161 120 2
305 505 120 1
140 156 120 14
509 301 120 12
110 211 120 4
225 36 120 2
417 10 120 3
10 279 120 11
318 244 120 9
90 263 120 9
73 58 120 18
339 425 120 11
522 17 120 16
85 40 120 14
292 212 120 13
534 436 120 16
289 367 120 12
361 377 120 14
324 147 120 8
44 298 120 5
50 432 120 1
340 223 120 4
40 259 120 6
504 343 120 11
174 149 120 5
117 135 120 13
157 423 120 8
268 298 120 20
172 75 120 11
319 180 120 14
244 291 120 12
288 83 120 18
147 122 120 16
84 78 120 7
122 313 120 2
372 430 120 9
510 101 120 8
467 369 120 3
316 540 120 15
372 374 120 13
179 70 120 17
416 419 120 4
391 18 120 16
76 163 120 8
166 346 120 13
465 170 120 16
414 132 120 12
239 114 120 15
361 491 120 18
72 315 120 9
24 493 120 16
204 424 120 19
528 267 120 13
426 404 120 3
463 84 120 20
327 64 120 19
74 477 120 6
530 168 120 15
322 43 120 10
106 176 120 13
326 199 120 15
67 402 120 2
289 382 120 20
527 322 120 4
443 299 120 6
219 79 120 14
102 214 120 20
179 258 120 1
431 32 120 17
79 137 120 16
42 524 120 20
12 106 120 3
405 394 120 2
94 435 120 14
186 392 120 12
362 63 120 14
116 227 120 15
409 467 120 6
322 351 120 13
339 491 120 6
470 47 120 12
377 58 120 20
76 524 120 20
280 70 120 13
321 318 120 4
114 132 120 10
531 310 120 12
192 171 120 7
47 492 120 6
543 283 120 6
143 268 120 14
266 97 120 18
495 234 120 1
22 28 120 12
46 411 120 5
462 524 120 17
455 22 120 2
127 213 120 3
265 260 120 8
269 317 120 6
216 459 120 3
209 177 120 7
322 124 120 16
474 208 120 11
148 253 120 6
201 229 120 4
385 136 120 3
394 262 120 12
25 42 120 2
210 310 120 5
254 525 120 10
18 248 120 17
487 85 120 20
157 73 120 8
401 220 120 17
24 482 120 17
169 319 120 11
336 165 120 12
169 252 120 16
384 523 120 20
369 229 120 1
264 246 120 13
398 247 120 4
171 403 120 15
88 256 120 9
382 341 120 10
296 510 120 14
407 298 120 8
232 528 120 13
99 427 120 5
336 248 120 13
66 26 120 15
43 424 120 5
166 47 120 14
423 196 120 4
352 93 120 18
215 388 120 14
458 247 120 18
381 540 120 3
8 91 120 9
157 489 120 5
49 7 120 8
248 111 120 7
146 338 120 5
508 213 120 10
32 17 120 17
443 293 120 15
269 203 120 2
516 37 120 13
197 44 120 5
304 263 120 8
173 373 120 3
130 136 120 14
509 343 120 12
450 304 120 15
39 335 120 19
329 292 120 13
459 13 120 2
350 528 120 18
233 240 120 1
207 58 120 6
246 293 120 13
291 422 120 13
508 383 120 6
30 285 120 8
311 385 120 3
123 166 120 8
289 139 120 8
111 488 120 20
515 174 120 7
540 442 120 1
280 203 120 1
393 8 120 7
217 516 120 9
384 60 120 1
369 371 120 6
141 8 120 18
266 297 120 5
465 407 120 18
98 436 120 8
31 429 120 15
22 223 120 7
367 130 120 14
524 347 120 8
94 183 120 16
433 5 120 9
124 207 120 5
43 535 120 19
163 452 120 13
223 2 120 16
518 95 120 9
160 178 120 17
67 545 120 3
43 36 120 1
534 129 120 20
537 76 120 6
426 262 120 1
384 366 120 17
91 528 120 1
328 203 120 3
453 173 120 3
522 395 120 9
328 523 120 4
201 18 120 2
421 4 120 5
338 540 120 15
321 480 120 15
25 316 120 6
264 468 120 3
345 310 120 1
4 278 120 9
305 252 120 15
298 94 120 5
288 294 120 4
313 167 120 7
529 19 120 14
336 401 120 20
341 488 120 15
227 204 120 3
94 63 120 2
225 66 120 6
466 432 120 4
70 182 120 12
195 531 120 12
338 297 120 18
545 340 120 7
198 128 120 6
331 531 120 14
294 210 120 12
239 365 120 8
494 42 120 8
417 23 120 16
168 154 120 6
12 348 120 7
150 200 120 19
516 198 120 18
353 395 120 8
168 240 120 6
470 48 120 9
428 287 120 1
510 295 120 20
173 227 120 16
267 394 120 7
57 468 120 10
316 70 120 15
448 38 120 14
373 452 120 8
487 135 120 15
522 57 120 15
343 547 120 17
529 24 120 14
272 196 120 4
98 462 120 2
78 519 120 18
405 349 120 8
446 312 120 17
138 137 120 7
286 76 120 12
188 112 120 9
138 516 120 8
436 498 120 8
482 284 120 6
206 443 120 19
386 520 120 14
1 377 120 9
232 276 120 1
15 475 120 20
250 213 120 1
133 462 120 5
135 53 120 8
198 488 120 3
285 484 120 9
82 143 120 2
340 43 120 19
147 106 120 11
302 337 120 15
283 414 120 5
400 178 120 16
107 310 120 14
472 507 120 14
258 219 120 4
119 503 120 4
262 37 120 11
301 439 120 14
313 38 120 5
216 339 120 15
456 74 120 17
76 535 120 17
517 94 120 19
387 18 120 2
310 337 120 13
173 455 120 1
519 232 120 13
523 532 120 17
84 359 120 10
297 27 120 8
361 482 120 11
292 72 120 14
337 103 120 13
269 490 120 4
222 252 120 19
332 486 120 7
459 457 120 18
137 494 120 5
192 30 120 13
345 388 120 18
352 202 120 12
493 8 120 1
75 344 120 2
358 128 120 18
112 349 120 14
202 195 120 13
323 106 120 19
67 305 120 5
466 496 120 14
129 355 120 8
366 221 120 7
53 229 120 7
420 365 120 17
404 175 120 6
331 286 120 3
23 2 120 18
263 325 120 17
412 453 120 6
507 371 120 13
147 499 120 16
237 380 120 13
527 432 120 20
340 366 120 6
11 222 120 16
356 67 120 4
17 152 120 14
420 414 120 7
444 278 120 5
224 237 120 4
15 446 120 4
222 197 120 7
102 176 120 4
211 30 120 7
136 40 120 18
298 395 120 13
199 412 120 19
101 346 120 20
327 242 120 2
458 528 120 14
536 57 120 8
503 278 120 12
365 441 120 4
172 104 120 12
345 302 120 14
316 52 120 5
291 250 120 18
480 350 120 10
49 191 120 11
443 101 120 13
526 151 120 13
84 107 120 14
323 533 120 20
314 219 120 4
273 78 120 18
396 393 120 1
366 199 120 18
262 193 120 8
503 241 120 3
501 136 120 5
541 176 120 19
90 321 120 19
525 96 120 4
369 410 120 17
316 197 120 10
79 45 120 14
440 472 120 19
19 248 120 11
10 266 120 14
191 281 120 8
534 275 120 20
481 426 120 15
49 466 120 18
149 287 120 19
530 55 120 5
441 133 120 19
259 87 120 3
276 168 120 20
484 177 120 14
510 429 120 7
125 415 120 12
524 411 120 5
211 459 120 14
541 123 120 11
186 105 120 11
152 60 120 11
162 318 120 11
158 108 120 13
402 107 120 20
364 69 120 2
60 255 120 12
91 293 120 19
1 504 120 13
376 497 120 2
5 198 120 10
235 349 120 6
112 25 120 8
138 182 120 13
330 99 120 1
214 524 120 9
40 36 120 11
281 189 120 20
385 189 120 9
463 80 120 15
115 84 120 9
481 381 120 7
420 7 120 15
192 144 120 20
72 536 120 8
57 264 120 4
235 303 120 16
59 37 120 6
237 483 120 6
309 398 120 10
392 28 120 12
126 23 120 9
207 442 120 3
375 87 120 18
177 220 120 13
139 338 120 4
77 26 120 8
113 84 120 1
337 320 120 1
265 143 120 19
333 49 120 18
485 174 120 19
532 443 120 20
524 332 120 15
174 508 120 13
421 161 120 10
384 237 120 7
164 412 120 14
43 263 120 14
404 527 120 3
130 375 120 12
493 374 120 4
330 359 120 3
62 335 120 11
489 23 120 19
41 505 120 14
478 403 120 4
454 81 120 15
514 123 120 20
345 41 120 18
381 233 120 17
465 178 120 20
237 22 120 16
452 84 120 19
512 87 120 6
533 128 120 1
228 120 120 15
160 26 120 20
80 54 120 7
201 399 120 6
363 294 120 6
414 273 120 17
229 509 120 9
465 475 120 18
2 440 120 14
171 487 120 8
296 167 120 10
277 389 120 6
400 468 120 3
98 183 120 5
384 545 120 15
417 411 120 8
142 155 120 15
436 134 120 20
327 197 120 16
305 367 120 2
410 178 120 19
211 454 120 7
38 368 120 16
465 465 120 20
258 364 120 2
406 233 120 12
279 437 120 11
237 387 120 6
123 166 120 16
448 471 120 9
227 395 120 15
235 59 120 20
83 158 120 3
461 75 120 3
475 394 120 12
1 252 120 19
546 45 120 1
152 281 120 18
14 466 120 8
73 366 120 7
14 108 120 2
131 404 120 3
155 1 120 15
60 524 120 20
430 513 120 6
131 513 120 15
65 511 120 6
434 177 120 14
158 253 120 9
47 325 120 18
406 338 120 11
189 469 120 2
31 138 120 6
29 259 120 17
164 204 120 7
144 334 120 17
500 460 120 2
352 347 120 14
547 19 120 17
113 65 120 10
107 470 120 11
269 111 120 9
288 203 120 4
369 232 120 18
488 457 120 18
510 53 120 11
12 5 120 18
86 419 120 1
337 418 120 17
355 531 120 5
151 90 120 3
346 420 120 13
462 222 120 16
292 105 120 20
380 45 120 4
125 7 120 6
265 80 120 19
317 166 120 10
231 502 120 12
100 310 120 4
96 460 120 12
75 320 120 18
227 234 120 17
35 40 120 12
73 419 120 13
83 543 120 12
145 322 120 19
335 92 120 6
397 322 120 18
267 483 120 12
244 93 120 17
310 168 120 15
248 394 120 6
470 428 120 13
188 16 120 6
12 98 120 13
451 304 120 6
485 153 120 5
137 2 120 19
291 268 120 8
330 26 120 10
282 335 120 18
5 36 120 4
24 505 120 17
143 207 120 15
134 280 120 6
121 246 120 15
491 245 120 20
405 382 120 4
155 187 120 8
387 516 120 17
165 250 120 20
110 255 120 8
26 340 120 17
369 544 120 9
242 131 120 18
274 313 120 14
62 318 120 15
64 175 120 19
6 391 120 15
340 230 120 15
152 395 120 14
298 504 120 20
542 44 120 18
196 412 120 1
180 168 120 17
444 441 120 7
468 17 120 20
190 81 120 20
354 148 120 5
96 2 120 14
415 153 120 9
436 451 120 19
227 445 120 6
356 155 120 20
544 396 120 5
315 293 120 16
460 275 120 1
375 526 120 9
464 395 120 3
458 490 120 5
73 419 120 9
143 307 120 9
232 533 120 13
365 404 120 9
424 400 120 5
103 230 120 11
285 142 120 8
484 517 120 13
277 495 120 14
280 406 120 17
285 540 120 8
504 197 120 9
141 429 120 14
222 308 120 2
519 184 120 13
179 286 120 14
132 86 120 19
421 22 120 4
141 360 120 8
318 93 120 14
498 439 120 16
3 457 120 18
423 50 120 15
343 271 120 20
120 304 120 8
420 482 120 8
402 128 120 14
40 1 120 19
257 204 120 19
421 36 120 1
505 533 120 9
96 535 120 11
430 410 120 7
161 268 120 1
198 449 120 9
481 321 120 20
17 175 120 11
185 276 120 15
374 532 120 11
437 405 120 17
46 424 120 1
154 34 120 8
172 526 120 20
300 139 120 4
152 398 120 9
368 393 120 19
519 471 120 19
313 108 120 8
107 481 120 20
166 371 120 16
260 478 120 7
339 146 120 10
468 379 120 13
522 132 120 3
295 283 120 19
517 103 120 10
26 137 120 5
257 449 120 11
278 8 120 20
221 235 120 8
146 494 120 15
10 285 120 18
392 206 120 18
267 180 120 3
342 536 120 5
329 505 120 13
162 46 120 5
466 302 120 4
330 32 120 16
189 314 120 11
419 522 120 17
93 531 120 6
522 437 120 14
174 218 120 16
18 12 120 4
145 340 120 17
436 502 120 15
378 420 120 8
159 264 120 3
71 452 120 20
217 323 120 17
247 478 120 1
76 514 120 13
173 202 120 17
510 220 120 7
289 426 120 1
88 376 120 1
478 206 120 3
76 426 120 17
313 11 120 15
379 227 120 15
357 473 120 13
380 63 120 6
292 297 120 2
421 322 120 5
14 63 120 3
71 150 120 16
81 81 120 16
26 218 120 2
295 530 120 17
407 424 120 3
419 233 120 8
360 66 120 18
268 419 120 17
378 293 120 2
221 306 120 8
5 438 120 14
163 519 120 16
42 59 120 1
345 415 120 4
174 337 120 3
228 208 120 6
270 20 120 14
374 350 120 11
351 242 120 4
41 462 120 11
402 528 120 6
365 144 120 16
533 185 120 4
370 44 120 2
252 217 120 1
10 507 120 7
1 229 120 5
180 117 120 19
231 467 120 19
27 22 120 13
129 423 120 5
245 303 120 9
332 350 120 5
539 172 120 2
66 424 120 2
477 495 120 18
62 10 120 6
276 190 120 19
292 420 120 1
64 447 120 15
298 90 120 10
27 396 120 9
384 180 120 11
502 171 120 9
116 236 120 5
9 227 120 13
408 351 120 12
3 141 120 6
261 433 120 5
501 11 120 5
277 308 120 8
475 334 120 19
491 232 120 13
308 248 120 5
297 364 120 9
224 372 120 12
161 233 120 18
107 235 120 19
242 11 120 4
311 26 120 11
342 364 120 14
38 291 120 19
68 296 120 4
276 57 120 15
170 415 120 7
299 154 120 9
169 376 120 1
390 482 120 8
204 176 120 1
27 1 120 8
345 404 120 7
486 442 120 8
414 509 120 18
88 299 120 13
9 468 120 1
294 219 120 5
465 450 120 18
383 292 120 3
50 10 120 17
275 36 120 12
524 380 120 18
105 381 120 9
523 247 120 12
204 396 120 15
4 466 120 12
280 274 120 17
162 191 120 11
419 88 120 15
125 138 120 3
6 474 120 14
496 450 120 3
358 69 120 2
114 44 120 2
440 310 120 18
518 313 120 4
31 45 120 20
371 268 120 4
67 201 120 10
115 325 120 4
173 392 120 7
265 402 120 18
314 213 120 5
196 388 120 5
386 281 120 17
424 251 120 17
381 343 120 5
126 228 120 17
123 294 120 18
208 471 120 2
492 96 120 9
155 422 120 11
392 251 120 12
88 446 120 16
498 285 120 11
124 161 120 15
61 56 120 19
167 243 120 20
539 366 120 19
18 88 120 12
429 33 120 13
200 249 120 4
372 155 120 10
271 242 120 4
10 255 120 16
30 378 120 7
423 500 120 19
65 119 120 5
481 173 120 7
158 190 120 14
368 133 120 2
125 332 120 17
366 156 120 15
248 426 120 14
153 436 120 17
279 527 120 13
143 402 120 10
125 466 120 6
349 461 120 4
453 134 120 14
97 501 120 17
445 78 120 15
494 444 120 16
150 206 120 17
172 358 120 20
386 152 120 16
492 356 120 3
4 480 120 9
181 281 120 11
45 248 120 1
98 407 120 10
283 304 120 3
315 250 120 2
503 461 120 16
22 86 120 14
100 533 120 18
95 540 120 10
68 58 120 6
507 238 120 20
313 344 120 4
313 441 120 6
267 238 120 20
360 6 120 14
349 23 120 10
58 106 120 6
125 205 120 18
405 299 120 9
494 366 120 9
515 388 120 3
331 215 120 10
395 527 120 19
318 308 120 6
59 120 120 10
49 468 120 6
15 526 120 14
65 103 120 9
225 23 120 10
377 516 120 8
39 545 120 6
547 328 120 11
304 238 120 15
78 70 120 5
28 191 120 17
106 239 120 6
207 253 120 10
412 380 120 10
275 119 120 16
497 496 120 9
53 49 120 2
543 49 120 19
215 414 120 2
414 492 120 4
373 34 120 9
451 139 120 10
512 407 120 15
4 272 120 3
208 61 120 11
495 10 120 18
204 125 120 20
456 182 120 4
66 397 120 7
460 263 120 10
439 88 120 7
60 53 120 11
529 18 120 9
157 21 120 5
225 290 120 16
412 238 120 3
62 441 120 6
370 411 120 18
178 539 120 12
400 451 120 11
143 404 120 3
404 464 120 12
381 445 120 16
155 116 120 16
262 341 120 8
491 267 120 1
182 391 120 15
122 213 120 20
181 390 120 9
151 305 120 7
445 447 120 7
341 366 120 12
227 199 120 7
193 415 120 16
179 191 120 12
454 134 120 5
482 377 120 1
402 498 120 3
248 193 120 3
85 405 120 18
435 302 120 5
94 95 120 7
278 384 120 2
421 29 120 18
71 269 120 3
185 237 120 8
81 171 120 12
304 26 120 7
317 335 120 4
172 420 120 20
393 369 120 19
28 462 120 5
29 192 120 11
351 65 120 20
479 198 120 3
311 444 120 4
339 524 120 14
258 343 120 1
189 112 120 4
313 345 120 2
295 190 120 2
93 279 120 2
47 369 120 1
385 173 120 1
265 104 120 18
414 476 120 3
252 329 120 3
322 39 120 8
418 228 120 4
363 55 120 1
242 349 120 16
427 503 120 10
41 3 120 4
455 449 120 13
448 166 120 6
92 32 120 14
241 345 120 7
366 120 120 10
287 52 120 8
380 476 120 4
271 170 120 11
412 49 120 17
347 151 120 16
42 120 120 14
455 20 120 7
487 111 120 20
509 413 120 18
312 232 120 1
216 33 120 6
347 412 120 4
48 197 120 20
97 124 120 11
163 470 120 14
294 26 120 9
325 481 120 4
37 482 120 2
328 505 120 3
478 331 120 11
262 547 120 17
159 346 120 9
531 393 120 2
525 4 120 13
82 229 120 11
336 37 120 18
224 361 120 20
193 460 120 10
335 302 120 17
281 232 120 16
519 8 120 7
243 166 120 9
440 211 120 7
348 188 120 9
380 269 120 17
458 119 120 14
499 404 120 6
51 49 120 18
83 384 120 2
73 179 120 15
393 150 120 9
227 454 120 9
406 408 120 10
493 209 120 11
99 103 120 14
479 13 120 4
349 26 120 1
156 76 120 4
360 159 120 11
380 231 120 12
146 138 120 2
466 364 120 16
466 284 120 4
129 230 120 18
41 390 120 3
221 321 120 1
519 184 120 17
126 339 120 4
328 213 120 14
491 45 120 12
222 190 120 13
227 170 120 7
139 88 120 10
458 278 120 1
438 380 120 20
35 53 120 20
191 24 120 9
434 149 120 10
206 539 120 14
136 482 120 20
358 218 120 16
232 445 120 20
469 36 120 10
505 8 120 17
284 445 120 9
453 479 120 13
457 184 120 14
97 70 120 2
138 276 120 19
392 473 120 20
205 284 120 4
207 515 120 5
441 499 120 10
278 518 120 10
454 254 120 14
400 159 120 4
461 68 120 20
61 165 120 3
356 364 120 15
95 208 120 9
377 412 120 9
391 134 120 15
303 89 120 8
311 428 120 6
265 334 120 1
239 249 120 6
145 224 120 6
295 284 120 15
30 92 120 14
40 248 120 11
523 139 120 3
256 45 120 12
19 347 120 13
342 110 120 5
26 436 120 6
26 190 120 14
184 396 120 17
471 143 120 3
438 235 120 19
221 274 120 1
273 311 120 10
190 82 120 8
302 162 120 4
18 504 120 7
99 44 120 20
90 69 120 15
330 314 120 8
246 300 120 10
445 190 120 4
313 472 120 4
491 259 120 1
260 449 120 1
135 265 120 14
356 282 120 2
263 442 120 6
59 47 120 4
44 376 120 15
486 74 120 14
524 33 120 19
310 408 120 3
370 351 120 17
194 125 120 14
160 259 120 5
288 129 120 8
434 391 120 5
139 512 120 3
459 70 120 7
545 9 120 5
446 47 120 8
535 356 120 9
64 179 120 5
398 434 120 9
148 46 120 20
224 396 120 1
97 344 120 6
412 482 120 11
287 393 120 6
538 453 120 1
314 351 120 6
185 400 120 12
463 463 120 19
59 375 120 7
326 37 120 17
304 261 120 13
472 357 120 16
546 283 120 17
98 23 120 17
205 75 120 12
444 388 120 19
182 88 120 5
338 65 120 11
186 124 120 19
468 449 120 16
310 268 120 12
62 192 120 2
219 252 120 5
311 350 120 1
373 69 120 4
277 513 120 15
109 147 120 12
278 546 120 7
424 185 120 1
398 105 120 18
471 414 120 4
256 537 120 11
398 208 120 6
400 34 120 2
423 406 120 12
521 135 120 1
521 305 120 2
123 35 120 17
336 459 120 18
126 371 120 11
426 294 120 4
446 3 120 17
172 462 120 18
212 314 120 14
54 190 120 2
27 163 120 5
511 198 120 3
110 320 120 10
255 108 120 18
98 295 120 5
531 173 120 9
344 133 120 11
147 367 120 4
219 31 120 19
324 147 120 14
225 235 120 20
384 260 120 3
301 432 120 2
253 201 120 16
177 298 120 8
534 281 120 1
153 140 120 12
320 348 120 9
526 19 120 1
499 342 120 16
113 81 120 10
14 526 120 15
111 280 120 9
43 47 120 20
82 223 120 6
415 272 120 16
374 424 120 7
528 258 120 15
15 237 120 9
80 188 120 2
353 362 120 15
313 437 120 9
533 63 120 1
89 105 120 5
393 186 120 18
447 53 120 17
296 427 120 10
285 469 120 8
73 545 120 17
427 78 120 16
89 430 120 10
441 196 120 20
224 181 120 19
348 269 120 9
456 176 120 9
363 75 120 2
542 371 120 13
111 170 120 1
547 242 120 19
125 121 120 6
14 272 120 5
327 165 120 2
467 450 120 19
184 250 120 13
5 220 120 18
11 35 120 5
131 91 120 4
131 202 120 2
113 263 120 5
93 388 120 15
150 463 120 20
152 242 120 19
348 223 120 8
240 468 120 19
462 534 120 8
312 59 120 4
299 190 120 13
171 320 120 3
150 432 120 5
433 525 120 16
351 189 120 3
478 340 120 14
284 141 120 10
539 442 120 3
11 356 120 11
187 182 120 12
459 543 120 1
275 166 120 6
354 378 120 4
149 263 120 12
392 66 120 15
4 58 120 11
467 403 120 12
120 456 120 5
240 466 120 6
409 167 120 12
90 78 120 8
506 415 120 9
210 283 120 7
345 431 120 19
34 338 120 19
396 341 120 6
66 322 120 2
423 503 120 10
189 196 120 20
310 119 120 11
190 208 120 6
2 167 120 6
527 376 120 9
335 235 120 6
529 268 120 6
241 116 120 3
72 244 120 17
305 119 120 3
446 308 120 2
20 132 120 4
245 321 120 14
63 323 120 3
356 364 120 17
385 214 120 19
360 195 120 12
186 498 120 2
353 22 120 20
295 389 120 9
254 349 120 12
408 369 120 14
195 66 120 12
190 190 120 20
351 61 120 18
464 445 120 1
202 319 120 11
269 20 120 13
514 372 120 16
392 181 120 10
513 434 120 8
394 356 120 4
469 66 120 12
317 255 120 7
64 121 120 9
174 37 120 10
13 301 120 13
46 22 120 2
91 535 120 15
157 442 120 14
127 407 120 11
445 254 120 17
37 175 120 10
365 6 120 19
336 131 120 3
367 304 120 6
358 378 120 5
120 423 120 15
25 513 120 7
239 185 120 15
87 311 120 15
493 270 120 7
98 368 120 20
377 185 120 5
425 521 120 1
109 340 120 18
376 150 120 15
458 331 120 16
14 355 120 11
167 47 120 17
214 195 120 7
183 140 120 16
466 299 120 19
439 190 120 8
416 130 120 12
39 238 120 15
27 128 120 4
392 38 120 17
148 51 120 1
417 280 120 17
384 493 120 10
115 190 120 20
114 171 120 17
543 62 120 20
62 539 120 6
101 92 120 10
541 180 120 9
37 25 120 19
473 172 120 10
231 103 120 5
35 487 120 18
95 54 120 2
357 229 120 5
433 224 120 10
151 347 120 2
545 447 120 12
144 503 120 19
417 54 120 8
180 41 120 18
55 271 120 9
210 305 120 8
310 462 120 14
176 271 120 10
213 218 120 20
310 368 120 9
523 427 120 2
281 85 120 12
218 501 120 6
241 195 120 10
497 250 120 14
247 521 120 8
545 283 120 8
349 520 120 17
444 185 120 13
215 10 120 13
394 532 120 8
473 327 120 13
22 544 120 2
172 299 120 19
362 249 120 19
275 495 120 6
8 8 120 9
264 356 120 10
244 252 120 4
441 528 120 14
520 375 120 13
479 362 120 19
523 384 120 4
35 8 120 13
350 431 120 17
368 220 120 16
420 290 120 8
208 6 120 2
30 249 120 5
36 142 120 14
52 177 120 7
52 108 120 1
440 145 120 2
278 179 120 20
477 44 120 12
376 411 120 3
223 283 120 1
139 5 120 13
473 96 120 6
26 132 120 2
106 245 120 4
76 358 120 11
407 250 120 5
89 43 120 17
325 519 120 7
506 347 120 13
297 85 120 5
440 285 120 10
41 272 120 19
437 297 120 18
5 465 120 13
234 55 120 4
86 461 120 13
144 64 120 12
380 388 120 5
113 346 120 1
317 157 120 18
319 49 120 19
388 151 120 11
5 103 120 8
300 107 120 13
416 403 120 16
280 3 120 17
455 146 120 17
126 40 120 7
376 152 120 6
426 531 120 13
13 302 120 3
432 142 120 18
90 208 120 18
44 507 120 16
525 437 120 20
512 169 120 16
475 77 120 20
500 264 120 13
428 92 120 4
91 518 120 15
35 45 120 18
28 538 120 13
171 80 120 12
416 186 120 2
282 225 120 17
4 251 120 18
336 240 120 11
205 193 120 7
237 73 120 11
420 225 120 14
40 260 120 13
23 287 120 20
209 519 120 15
118 387 120 7
534 183 120 20
292 248 120 10
280 37 120 16
407 303 120 8
249 539 120 20
307 411 120 14
335 450 120 9
408 534 120 20
533 258 120 4
190 375 120 10
157 361 120 5
347 167 120 18
241 447 120 15
437 368 120 8
277 131 120 9
252 438 120 13
513 225 120 8
486 85 120 17
322 132 120 18
67 384 120 18
322 540 120 1
212 401 120 13
350 157 120 14
524 46 120 15
515 384 120 14
497 150 120 2
343 115 120 4
91 115 120 19
434 436 120 20
488 17 120 12
431 400 120 14
187 65 120 13
110 476 120 11
56 515 120 15
307 482 120 13
204 432 120 3
537 227 120 4
1 379 120 10
159 265 120 6
510 267 120 13
88 150 120 2
329 337 120 8
361 508 120 16
65 17 120 13
422 385 120 6
69 41 120 6
413 93 120 14
386 93 120 1
535 313 120 15
88 275 120 3
205 424 120 4
174 205 120 16
331 81 120 15
354 207 120 13
345 81 120 8
332 150 120 11
203 77 120 10
362 524 120 12
352 511 120 13
59 52 120 6
95 318 120 8
281 6 120 2
255 336 120 10
252 142 120 18
265 1 120 17
116 332 120 2
69 49 120 4
114 472 120 10
313 276 120 5
278 335 120 11
33 491 120 8
211 224 120 9
46 541 120 1
24 307 120 12
207 25 120 1
533 140 120 19
461 208 120 17
527 383 120 14
22 148 120 20
90 426 120 19
208 458 120 5
159 121 120 12
52 228 120 5
343 251 120 2
228 520 120 6
113 505 120 1
454 481 120 13
297 460 120 19
2 544 120 2
106 148 120 7
545 417 120 7
380 28 120 5
500 142 120 11
129 484 120 17
64 164 120 10
23 338 120 10
183 245 120 5
65 541 120 2
267 57 120 19
131 224 120 16
421 221 120 20
135 115 120 1
32 130 120 17
156 258 120 12
530 321 120 5
392 405 120 9
211 40 120 1
510 104 120 18
236 432 120 9
21 77 120 1
499 12 120 6
362 147 120 14
253 240 120 10
346 395 120 18
438 377 120 3
145 221 120 10
314 493 120 19
180 455 120 14
39 206 120 5
78 226 120 14
341 239 120 18
277 54 120 17
389 368 120 15
22 228 120 14
520 118 120 3
307 325 120 10
497 91 120 6
242 271 120 13
213 371 120 6
69 511 120 15
1 304 120 4
491 95 120 15
96 483 120 17
1 504 120 2
239 539 120 19
368 298 120 7
232 247 120 10
104 3 120 13
431 216 120 1
415 284 120 5
78 346 120 18
41 289 120 5
57 446 120 7
502 447 120 19
80 200 120 17
385 82 120 16
467 375 120 17
155 479 120 8
112 362 120 5
502 291 120 1
308 368 120 9
479 408 120 18
197 526 120 14
460 542 120 14
132 75 120 12
404 521 120 18
426 503 120 5
147 172 120 15
480 345 120 16
543 300 120 14
342 122 120 14
486 54 120 1
434 312 120 19
342 224 120 6
211 417 120 14
341 273 120 1
5 213 120 18
43 422 120 2
75 416 120 18
467 412 120 17
118 268 120 3
199 207 120 18
140 155 120 14
121 11 120 8
97 283 120 4
271 76 120 4
357 80 120 17
521 184 120 2
248 258 120 14
381 240 120 2
328 357 120 14
396 8 120 9
518 209 120 13
466 392 120 15
90 3 120 8
131 274 120 11
507 145 120 17
63 118 120 18
40 427 120 14
494 322 120 7
266 102 120 2
305 498 120 18
65 530 120 13
41 448 120 15
89 537 120 1
419 121 120 3
339 142 120 14
400 204 120 3
35 243 120 1
52 251 120 7
246 516 120 11
312 273 120 2
385 399 120 2
243 501 120 16
431 42 120 19
74 522 120 7
52 313 120 15
174 165 120 11
413 262 120 4
47 313 120 20
3 12 120 19
60 323 120 8
129 222 120 13
180 464 120 8
131 347 120 17
71 482 120 1
194 533 120 20
395 221 120 20
377 87 120 1
53 195 120 8
527 197 120 4
485 256 120 6
168 446 120 19
311 78 120 20
408 208 120 18
62 279 120 11
237 534 120 7
177 381 120 13
344 272 120 2
163 325 120 14
357 304 120 9
76 303 120 7
118 470 120 11
442 296 120 12
136 218 120 7
239 279 120 5
276 30 120 13
360 207 120 17
180 3 120 9
86 228 120 3
187 99 120 6
484 174 120 10
66 353 120 20
32 248 120 2
76 383 120 15
389 74 120 10
495 411 120 5
525 224 120 18
512 403 120 8
224 4 120 8
260 190 120 13
115 188 120 11
272 253 120 6
413 347 120 6
303 422 120 14
410 325 120 14
248 272 120 2
178 311 120 3
376 337 120 9
92 14 120 2
34 335 120 7
137 449 120 12
475 235 120 4
71 101 120 12
462 403 120 20
203 265 120 14
79 27 120 2
366 267 120 4
329 157 120 20
272 248 120 11
217 344 120 7
352 480 120 4
250 469 120 1
401 539 120 8
351 515 120 11
237 232 120 12
509 311 120 20
505 191 120 16
326 520 120 17
484 306 120 17
107 522 120 1
127 388 120 9
49 91 120 3
267 491 120 1
523 357 120 15
211 108 120 12
163 132 120 16
203 89 120 8
510 477 120 3
3 413 120 9
290 34 120 12
374 223 120 5
451 271 120 13
512 537 120 11
17 27 120 9
98 237 120 14
411 399 120 4
487 116 120 20
269 140 120 4
84 142 120 20
205 432 120 6
300 258 120 13
235 223 120 4
323 187 120 19
416 265 120 17
318 363 120 16
389 226 120 11
530 228 120 2
274 496 120 15
9 32 120 20
156 236 120 20
398 50 120 20
254 347 120 16
503 122 120 16
195 52 120 6
521 369 120 6
52 210 120 15
42 254 120 11
148 42 120 14
394 50 120 6
234 267 120 9
505 118 120 12
63 433 120 13
390 450 120 16
357 159 120 11
104 133 120 18
274 246 120 11
61 287 120 12
137 435 120 6
161 281 120 2
279 29 120 1
147 48 120 11
126 110 120 5
452 499 120 6
351 371 120 6
364 536 120 20
259 262 120 4
364 385 120 12
238 521 120 6
153 135 120 12
179 475 120 9
534 136 120 20
459 261 120 20
331 165 120 1
106 31 120 17
101 394 120 14
228 167 120 1
115 46 120 1
288 283 120 16
473 497 120 10
390 190 120 17
398 177 120 9
452 88 120 13
131 481 120 19
308 101 120 9
432 201 120 18
482 428 120 3
370 57 120 7
34 406 120 13
280 331 120 14
175 174 120 4
544 86 120 2
501 537 120 10
233 120 120 13
130 489 120 4
57 373 120 20
501 369 120 12
18 192 120 15
64 287 120 9
517 81 120 10
309 255 120 3
353 251 120 16
26 266 120 9
396 498 120 4
151 81 120 11
7 199 120 8
124 153 120 18
184 232 120 4
299 295 120 7
273 264 120 2
31 88 120 2
23 502 120 3
163 528 120 13
230 376 120 8
540 526 120 3
245 47 120 2
323 171 120 9
284 354 120 19
436 105 120 10
451 440 120 16
484 470 120 1
348 7 120 8
462 169 120 3
356 460 120 3
200 515 120 5
187 212 120 19
434 49 120 10
286 332 120 17
431 282 120 19
323 185 120 11
56 121 120 15
423 530 120 13
260 444 120 2
76 252 120 20
330 452 120 4
15 153 120 12
355 39 120 14
319 386 120 1
88 269 120 2
86 106 120 17
523 162 120 17
335 99 120 5
278 420 120 1
451 496 120 3
536 278 120 5
104 354 120 2
492 161 120 19
381 479 120 12
55 82 120 11
11 167 120 9
213 143 120 10
535 539 120 14
355 331 120 3
72 234 120 5
40 285 120 18
36 388 120 14
184 394 120 16
370 227 120 8
456 344 120 12
263 416 120 6
175 81 120 3
311 130 120 5
60 485 120 10
228 71 120 17
407 172 120 19
315 207 120 19
92 452 120 20
29 336 120 16
444 244 120 6
394 506 120 4
25 195 120 18
345 505 120 4
171 17 120 7
266 245 120 19
110 104 120 14
237 480 120 8
267 24 120 14
142 114 120 18
306 11 120 15
328 466 120 15
156 5 120 7
188 411 120 19
350 34 120 10
510 362 120 9
194 471 120 13
110 222 120 19
233 3 120 6
321 145 120 15
260 512 120 7
441 355 120 1
96 510 120 18
492 213 120 16
360 15 120 12
245 39 120 6
436 294 120 7
245 404 120 5
49 151 120 20
423 533 120 2
363 245 120 6
376 139 120 18
368 296 120 13
365 302 120 7
224 114 120 16
179 421 120 6
495 309 120 5
249 69 120 17
225 117 120 14
265 539 120 5
511 416 120 1
174 306 120 7
192 127 120 18
296 6 120 8
65 291 120 19
395 470 120 9
278 479 120 18
517 181 120 17
3 467 120 13
310 246 120 15
541 209 120 17
469 444 120 15
112 150 120 20
50 445 120 2
289 509 120 8
218 418 120 6
506 211 120 17
132 180 120 18
373 245 120 2
245 7 120 4
108 547 120 1
448 530 120 2
547 94 120 6
287 143 120 15
32 493 120 5
68 164 120 5
87 122 120 18
38 315 120 20
169 140 120 10
281 384 120 17
91 6 120 11
171 453 120 18
148 515 120 10
212 316 120 18
235 348 120 15
282 477 120 18
200 16 120 8
389 54 120 2
149 284 120 8
277 80 120 18
350 170 120 6
546 403 120 20
115 3 120 3
387 276 120 18
317 510 120 17
192 307 120 16
230 21 120 4
389 409 120 18
377 73 120 15
19 349 120 19
44 213 120 13
74 211 120 18
71 388 120 7
98 289 120 17
440 120 120 3
35 311 120 20
168 540 120 1
316 443 120 7
33 334 120 6
95 352 120 11
174 457 120 17
546 45 120 4
227 178 120 4
394 275 120 14
352 167 120 13
334 263 120 5
137 430 120 13
507 260 120 10
191 292 120 15
10 448 120 1
239 74 120 7
133 135 120 8
300 361 120 5
369 269 120 12
180 135 120 6
110 530 120 3
412 119 120 10
160 140 120 3
413 393 120 18
514 402 120 11
419 155 120 10
296 349 120 9
218 102 120 9
316 470 120 5
142 164 120 16
195 273 120 18
511 200 120 20
223 421 120 4
195 348 120 7
459 314 120 7
138 248 120 14
437 543 120 16
386 275 120 9
147 44 120 16
177 247 120 9
404 441 120 14
66 466 120 14
393 204 120 5
313 398 120 6
140 371 120 1
368 23 120 16
265 460 120 13
511 360 120 6
310 506 120 17
156 198 120 1
104 116 120 4
448 181 120 7
382 88 120 1
251 463 120 12
530 55 120 4
29 485 120 13
321 202 120 7
124 165 120 7
202 537 120 17
384 207 120 18
204 310 120 5
526 272 120 15
281 168 120 8
302 419 120 18
173 463 120 3
476 491 120 18
255 327 120 8
493 450 120 11
58 166 120 17
191 3 120 1
35 206 120 2
57 246 120 15
258 41 120 3
547 342 120 12
266 514 120 7
40 443 120 11
297 212 120 9
209 158 120 5
410 277 120 7
52 529 120 9
448 79 120 15
