300 30
68 109 120 1
40 30 120 3
4 59 120 5
69 40 120 19
131 117 120 18
104 64 120 11
18 110 120 15
7 127 120 6
155 114 120 1
85 109 120 1
111 3 120 5
121 167 120 17
9 170 120 9
86 17 120 9
41 99 120 15
53 30 120 11
68 47 120 10
56 5 120 7
82 159 120 20
12 23 120 3
147 133 120 9
93 32 120 8
145 166 120 10
131 78 120 20
108 119 120 6
28 123 120 3
136 142 120 8
8 24 120 11
131 58 120 9
21 69 120 1
144 42 120 6
145 87 120 15
91 58 120 12
158 140 120 1
69 74 120 3
79 101 120 3
117 64 120 9
154 23 120 9
22 154 120 6
173 1 120 8
1 145 120 16
38 68 120 9
106 110 120 11
119 94 120 12
36 115 120 10
71 20 120 13
7 136 120 18
37 116 120 18
139 137 120 20
28 137 120 15
159 89 120 4
110 78 120 16
147 135 120 14
145 80 120 15
158 115 120 11
24 137 120 19
163 96 120 2
19 132 120 10
22 49 120 11
6 77 120 8
163 14 120 2
70 123 120 18
169 96 120 2
156 67 120 19
63 4 120 7
85 27 120 2
125 16 120 17
80 159 120 20
151 7 120 1
137 137 120 8
86 126 120 9
75 147 120 7
93 94 120 14
120 76 120 20
131 139 120 17
84 2 120 18
125 126 120 11
40 33 120 9
38 135 120 6
37 98 120 8
64 10 120 15
104 36 120 4
93 128 120 12
81 26 120 18
136 157 120 2
20 19 120 2
56 143 120 9
58 134 120 3
46 171 120 14
165 160 120 4
74 2 120 12
61 106 120 7
22 150 120 10
153 58 120 10
61 20 120 10
12 164 120 4
136 46 120 5
40 56 120 17
101 101 120 12
123 44 120 1
21 69 120 11
101 130 120 11
43 103 120 11
16 82 120 19
15 94 120 19
169 57 120 15
121 20 120 18
166 11 120 17
47 112 120 13
2 13 120 11
116 159 120 10
10 86 120 17
58 81 120 3
159 96 120 3
19 110 120 15
23 58 120 19
17 130 120 10
9 122 120 8
8 168 120 14
107 121 120 1
28 15 120 13
18 25 120 13
136 34 120 14
136 19 120 9
168 37 120 17
121 11 120 2
131 152 120 16
111 161 120 15
102 120 120 9
31 54 120 7
50 81 120 15
101 98 120 18
142 13 120 11
138 100 120 4
9 94 120 7
114 42 120 6
55 124 120 7
173 61 120 8
18 163 120 5
31 145 120 1
117 21 120 14
169 74 120 11
120 42 120 7
56 132 120 5
58 92 120 11
173 157 120 16
173 38 120 2
103 37 120 11
146 6 120 9
10 162 120 9
52 57 120 17
126 52 120 12
77 171 120 10
165 53 120 5
54 62 120 13
162 61 120 14
89 12 120 1
140 66 120 17
30 38 120 9
82 172 120 16
105 2 120 17
101 128 120 6
122 156 120 12
137 148 120 5
109 153 120 8
125 93 120 11
123 9 120 7
159 100 120 6
134 129 120 9
163 37 120 6
132 93 120 11
157 146 120 8
60 94 120 19
133 9 120 19
37 70 120 8
127 146 120 11
104 95 120 9
44 32 120 3
98 166 120 7
93 107 120 5
134 66 120 2
129 1 120 9
30 61 120 1
87 145 120 9
69 134 120 8
31 87 120 3
38 143 120 19
52 13 120 6
118 62 120 3
90 154 120 18
99 67 120 15
27 22 120 18
100 52 120 7
45 90 120 9
172 158 120 5
147 141 120 6
94 5 120 9
136 8 120 4
161 77 120 6
130 167 120 5
32 92 120 16
125 118 120 1
45 44 120 10
150 40 120 10
53 39 120 3
90 137 120 5
117 58 120 10
113 145 120 15
121 132 120 17
143 40 120 20
146 71 120 4
41 22 120 6
83 18 120 18
128 167 120 9
89 47 120 18
35 88 120 4
120 156 120 18
162 95 120 14
163 167 120 5
67 137 120 5
138 61 120 4
30 53 120 3
88 88 120 17
92 42 120 6
136 131 120 4
170 165 120 15
168 63 120 16
1 3 120 3
152 165 120 16
164 11 120 15
91 100 120 1
40 129 120 5
135 43 120 4
75 87 120 3
134 1 120 6
17 171 120 4
113 117 120 1
17 117 120 12
16 47 120 5
85 38 120 2
165 80 120 2
36 119 120 9
132 32 120 19
143 59 120 3
22 19 120 9
108 160 120 17
12 99 120 19
103 116 120 16
24 83 120 3
62 167 120 3
109 110 120 1
83 97 120 12
60 55 120 10
156 24 120 20
118 170 120 11
128 104 120 7
87 67 120 13
114 170 120 18
84 145 120 4
53 33 120 6
136 142 120 10
173 3 120 16
59 14 120 1
150 169 120 7
77 65 120 10
23 19 120 5
128 57 120 5
110 122 120 13
160 33 120 8
118 37 120 20
22 173 120 9
111 124 120 9
172 135 120 20
114 63 120 12
31 139 120 9
166 161 120 9
136 67 120 10
47 4 120 8
79 163 120 12
34 59 120 4
147 32 120 5
55 143 120 7
138 141 120 2
13 33 120 3
57 63 120 6
117 56 120 4
22 18 120 13
61 16 120 8
97 46 120 15
68 31 120 13
76 5 120 5
35 59 120 3
70 149 120 19
17 113 120 17
27 169 120 3
127 64 120 19
41 38 120 9
22 98 120 9
83 146 120 19
8 41 120 3
