3000 1000
491 174 36 5
375 201 36 15
424 172 36 15
150 18 36 19
376 439 36 5
194 198 36 17
363 490 36 15
543 295 36 2
368 182 36 15
3 490 36 13
49 433 36 20
52 323 36 6
332 199 36 3
358 410 36 10
336 301 36 19
58 494 36 11
209 371 36 11
162 367 36 3
306 187 36 18
98 251 36 20
41 362 36 4
220 413 36 7
53 197 36 18
57 8 36 4
140 405 36 12
177 463 36 6
411 124 36 18
40 347 36 7
26 168 36 18
254 265 36 16
425 367 36 18
543 40 36 12
498 92 36 11
104 210 36 11
120 411 36 10
498 40 36 3
275 450 36 6
423 5 36 19
389 92 36 18
57 345 36 2
523 284 36 3
317 341 36 5
524 291 36 1
505 395 36 9
492 29 36 7
337 42 36 4
97 316 36 4
43 191 36 4
335 95 36 19
247 151 36 18
547 126 36 10
57 443 36 8
216 481 36 12
527 500 36 14
501 445 36 13
338 234 36 9
276 393 36 11
117 435 36 15
509 284 36 9
507 45 36 2
303 44 36 8
382 162 36 10
316 439 36 19
56 419 36 4
190 372 36 9
353 224 36 11
71 499 36 11
167 131 36 19
454 92 36 1
287 114 36 18
333 416 36 19
443 312 36 6
24 142 36 17
148 198 36 3
225 387 36 9
198 254 36 17
467 325 36 6
96 6 36 4
159 459 36 14
20 261 36 5
472 46 36 11
544 3 36 17
169 89 36 18
294 236 36 10
290 522 36 14
110 235 36 17
277 216 36 17
333 312 36 16
35 532 36 7
437 67 36 12
405 53 36 4
303 50 36 17
512 218 36 6
377 511 36 1
440 253 36 4
404 424 36 9
74 153 36 2
131 547 36 16
255 96 36 9
228 47 36 2
524 513 36 4
318 268 36 4
176 294 36 4
61 124 36 16
305 78 36 10
523 543 36 14
429 69 36 8
65 261 36 17
74 515 36 18
67 258 36 2
189 296 36 7
363 128 36 13
39 303 36 6
479 425 36 14
459 182 36 11
144 158 36 18
314 101 36 3
151 165 36 12
534 238 36 2
43 366 36 1
84 7 36 20
152 369 36 6
487 469 36 4
22 462 36 18
289 373 36 14
86 31 36 2
425 344 36 15
410 494 36 6
108 543 36 10
382 38 36 15
367 183 36 8
161 334 36 10
83 336 36 6
431 357 36 9
47 161 36 8
516 246 36 18
48 186 36 6
227 48 36 1
23 155 36 1
118 536 36 3
94 417 36 7
76 31 36 5
3 175 36 8
337 120 36 17
101 166 36 2
237 197 36 13
403 244 36 14
428 471 36 12
400 493 36 18
490 126 36 5
71 219 36 7
444 356 36 2
118 420 36 16
127 210 36 16
492 372 36 19
533 61 36 11
334 463 36 1
320 406 36 6
353 258 36 3
117 262 36 10
478 333 36 5
162 229 36 15
485 408 36 10
497 534 36 6
81 540 36 12
440 525 36 15
447 311 36 4
151 83 36 5
325 497 36 10
507 128 36 20
328 59 36 16
368 220 36 9
277 220 36 3
121 169 36 17
174 250 36 15
51 204 36 12
535 103 36 2
512 254 36 20
346 93 36 7
438 114 36 2
244 442 36 12
444 324 36 11
387 115 36 1
190 236 36 9
526 409 36 13
307 522 36 12
128 24 36 16
322 535 36 18
113 334 36 3
400 286 36 20
330 44 36 4
318 487 36 7
41 388 36 8
529 92 36 3
154 70 36 5
90 438 36 10
167 81 36 4
409 402 36 5
418 514 36 15
520 366 36 11
189 211 36 4
360 528 36 1
370 83 36 2
9 65 36 9
430 280 36 10
227 370 36 8
484 51 36 17
341 521 36 11
123 392 36 17
301 364 36 5
278 67 36 17
237 489 36 16
196 373 36 19
58 381 36 20
72 263 36 7
156 489 36 15
192 487 36 15
246 280 36 4
278 465 36 10
214 280 36 7
92 10 36 4
119 246 36 7
250 504 36 11
401 76 36 15
132 147 36 13
204 364 36 17
160 8 36 14
166 315 36 1
146 45 36 20
32 258 36 1
344 350 36 7
113 530 36 12
494 232 36 18
91 85 36 14
130 278 36 13
431 543 36 3
188 155 36 1
432 383 36 5
471 43 36 7
426 75 36 1
114 418 36 17
358 45 36 11
424 538 36 6
447 143 36 5
59 272 36 6
427 155 36 17
65 342 36 14
257 227 36 13
278 150 36 5
282 90 36 10
59 203 36 19
184 75 36 15
416 499 36 12
269 398 36 16
331 518 36 17
124 398 36 19
521 524 36 2
40 295 36 8
489 25 36 9
433 307 36 5
513 365 36 15
525 63 36 19
34 478 36 19
142 262 36 1
392 45 36 10
366 230 36 3
9 203 36 2
55 243 36 15
328 246 36 19
326 131 36 19
414 158 36 20
158 135 36 18
461 230 36 5
292 371 36 5
520 277 36 6
233 157 36 3
344 165 36 14
492 281 36 2
388 123 36 15
370 449 36 1
111 377 36 17
278 534 36 17
507 509 36 11
182 253 36 6
180 225 36 13
285 458 36 4
10 316 36 1
546 322 36 6
293 162 36 17
284 46 36 16
468 156 36 7
261 433 36 7
251 455 36 4
531 151 36 6
88 393 36 7
467 130 36 3
456 139 36 13
185 199 36 14
133 6 36 14
266 352 36 9
361 272 36 3
286 47 36 1
198 359 36 18
71 343 36 14
258 430 36 16
123 411 36 10
507 381 36 10
112 19 36 9
39 213 36 10
251 478 36 18
446 354 36 6
312 92 36 18
126 351 36 8
455 421 36 13
326 132 36 11
104 316 36 14
11 276 36 19
56 449 36 5
424 2 36 9
188 252 36 1
365 213 36 7
266 39 36 1
275 226 36 15
96 134 36 10
383 459 36 13
5 78 36 10
38 88 36 6
513 206 36 1
397 82 36 2
8 269 36 12
159 86 36 9
116 413 36 7
227 140 36 9
141 298 36 10
537 133 36 7
518 138 36 14
329 237 36 12
477 202 36 15
464 113 36 7
515 182 36 1
333 341 36 14
300 518 36 11
368 197 36 14
115 399 36 17
56 389 36 16
456 359 36 10
386 202 36 12
466 131 36 4
203 109 36 18
84 139 36 19
232 471 36 14
43 285 36 9
203 168 36 10
80 344 36 9
192 399 36 9
14 308 36 14
519 208 36 13
167 126 36 15
139 391 36 1
224 474 36 3
490 220 36 1
64 262 36 19
217 527 36 12
20 59 36 20
222 313 36 5
326 326 36 20
242 297 36 18
420 525 36 16
244 117 36 15
176 402 36 6
308 344 36 17
425 469 36 15
341 138 36 1
363 220 36 20
242 441 36 17
35 281 36 19
135 522 36 16
443 457 36 2
453 153 36 10
244 390 36 9
85 212 36 17
83 151 36 11
405 491 36 16
159 306 36 4
519 63 36 4
96 97 36 16
61 232 36 11
260 189 36 8
13 94 36 18
430 399 36 17
153 483 36 3
282 80 36 12
331 547 36 18
518 220 36 18
439 191 36 10
315 349 36 2
472 409 36 10
118 183 36 7
220 195 36 4
536 77 36 11
209 292 36 9
31 26 36 11
65 356 36 18
104 389 36 14
449 342 36 20
309 110 36 11
390 96 36 6
92 213 36 20
107 494 36 18
214 544 36 19
173 205 36 10
66 297 36 12
101 361 36 11
197 526 36 19
451 428 36 7
472 251 36 1
294 93 36 5
39 247 36 13
28 353 36 20
211 19 36 7
48 191 36 10
114 319 36 3
267 481 36 17
291 131 36 9
155 96 36 9
423 82 36 14
253 375 36 16
178 475 36 10
377 502 36 18
37 227 36 20
240 337 36 13
100 512 36 7
194 294 36 16
225 37 36 12
235 253 36 5
124 129 36 2
326 381 36 5
74 74 36 7
67 512 36 11
475 64 36 14
354 303 36 15
485 403 36 15
450 111 36 4
348 398 36 5
438 85 36 16
138 270 36 12
404 49 36 17
12 184 36 14
156 250 36 3
316 177 36 8
155 45 36 7
393 530 36 16
48 494 36 13
543 356 36 3
527 246 36 6
278 383 36 15
220 301 36 10
542 374 36 19
514 44 36 11
388 359 36 9
388 28 36 18
143 420 36 4
362 467 36 13
144 462 36 12
324 503 36 4
102 296 36 13
150 515 36 20
308 24 36 13
164 537 36 6
270 377 36 1
5 279 36 4
393 483 36 20
217 359 36 5
48 503 36 12
173 341 36 7
119 504 36 16
448 169 36 3
44 538 36 12
14 155 36 8
26 424 36 5
459 490 36 12
372 335 36 17
157 4 36 5
471 52 36 19
215 286 36 10
523 466 36 19
32 366 36 17
55 472 36 17
101 547 36 12
136 87 36 9
124 545 36 4
329 369 36 6
532 41 36 12
61 511 36 13
92 240 36 13
525 215 36 15
367 308 36 5
440 362 36 1
503 462 36 8
173 112 36 11
390 236 36 4
487 79 36 8
433 125 36 4
383 185 36 8
446 276 36 18
309 253 36 6
91 135 36 5
300 27 36 19
495 44 36 9
142 278 36 12
422 120 36 15
153 59 36 17
377 491 36 8
31 389 36 2
320 287 36 15
240 111 36 10
498 263 36 7
516 77 36 2
349 24 36 11
97 227 36 17
18 101 36 8
174 316 36 19
470 145 36 4
344 237 36 17
403 10 36 10
252 311 36 4
353 323 36 5
166 291 36 17
4 93 36 12
433 251 36 17
106 330 36 15
384 18 36 12
234 487 36 12
90 284 36 14
334 201 36 2
318 452 36 17
473 319 36 16
344 484 36 16
228 488 36 14
260 435 36 19
455 540 36 6
266 438 36 1
392 187 36 16
177 276 36 15
199 125 36 7
229 442 36 10
85 429 36 2
262 225 36 20
245 515 36 19
320 227 36 17
98 196 36 15
267 524 36 7
453 368 36 5
94 60 36 4
79 258 36 19
203 1 36 12
292 85 36 18
215 409 36 11
13 106 36 2
421 426 36 11
170 38 36 14
458 367 36 2
89 272 36 10
516 427 36 4
186 506 36 18
527 223 36 1
215 29 36 15
455 244 36 14
311 318 36 17
258 191 36 6
431 360 36 11
315 270 36 16
174 421 36 13
463 451 36 19
264 89 36 19
322 68 36 12
381 344 36 7
39 313 36 6
167 77 36 12
462 396 36 20
89 280 36 1
424 109 36 19
516 282 36 11
394 260 36 2
214 523 36 19
477 298 36 20
477 131 36 8
506 231 36 20
168 459 36 19
272 373 36 6
504 523 36 2
125 399 36 1
16 367 36 16
389 276 36 17
180 489 36 19
59 481 36 10
67 410 36 19
542 368 36 20
174 51 36 10
490 322 36 5
108 340 36 16
129 464 36 7
258 542 36 7
122 383 36 11
306 16 36 13
466 136 36 16
376 265 36 11
478 259 36 7
325 432 36 19
21 437 36 2
152 59 36 3
320 188 36 7
277 445 36 19
116 81 36 1
230 387 36 15
286 367 36 11
274 196 36 15
187 188 36 6
468 513 36 17
313 48 36 13
480 261 36 11
500 33 36 5
499 372 36 15
492 487 36 15
321 170 36 7
288 455 36 9
391 243 36 1
273 430 36 1
414 412 36 9
439 239 36 6
415 171 36 15
449 186 36 17
124 137 36 5
305 82 36 17
19 464 36 4
244 266 36 10
288 172 36 19
527 444 36 4
530 310 36 20
499 201 36 9
30 68 36 14
430 517 36 16
316 155 36 5
88 459 36 20
347 539 36 1
165 297 36 19
500 37 36 19
45 16 36 7
19 546 36 2
404 12 36 10
542 41 36 5
304 470 36 8
313 301 36 4
459 388 36 19
262 249 36 7
529 414 36 16
514 428 36 4
123 534 36 5
237 5 36 18
52 470 36 12
192 464 36 12
399 283 36 16
152 48 36 9
544 21 36 19
424 345 36 1
295 326 36 12
463 292 36 1
121 476 36 6
465 165 36 10
260 279 36 4
66 470 36 9
521 383 36 5
351 534 36 11
544 45 36 13
30 468 36 9
373 277 36 12
36 193 36 12
187 375 36 15
387 292 36 11
528 66 36 2
107 193 36 17
149 166 36 12
535 31 36 2
421 27 36 6
452 118 36 10
218 491 36 1
371 41 36 5
268 289 36 6
155 128 36 8
269 171 36 8
113 277 36 9
489 487 36 2
214 536 36 6
535 471 36 7
414 376 36 5
214 46 36 14
352 417 36 13
135 199 36 7
416 354 36 16
441 137 36 15
531 249 36 19
328 252 36 16
290 528 36 10
282 30 36 4
301 443 36 9
500 171 36 5
94 37 36 4
338 233 36 17
323 101 36 1
497 541 36 7
233 39 36 8
368 366 36 2
505 170 36 7
20 452 36 1
68 267 36 5
491 219 36 6
413 375 36 10
327 165 36 15
378 2 36 4
359 498 36 18
476 245 36 10
357 128 36 14
489 85 36 1
116 166 36 14
319 234 36 3
479 239 36 3
263 166 36 9
146 493 36 1
199 385 36 1
414 259 36 1
76 187 36 10
386 543 36 16
29 546 36 6
388 114 36 2
167 494 36 18
212 426 36 14
475 203 36 4
81 348 36 2
459 61 36 8
354 537 36 11
137 127 36 1
288 512 36 4
505 55 36 3
320 505 36 6
301 124 36 3
30 335 36 1
545 324 36 13
131 404 36 14
271 378 36 16
248 184 36 4
546 382 36 7
483 122 36 5
477 141 36 13
532 461 36 2
154 214 36 18
331 244 36 11
386 241 36 19
158 433 36 16
340 218 36 9
36 465 36 15
267 525 36 18
78 460 36 19
463 452 36 3
355 436 36 6
266 104 36 13
362 434 36 2
245 334 36 6
451 7 36 8
29 346 36 13
531 381 36 9
122 101 36 5
156 178 36 15
312 155 36 1
61 24 36 13
332 351 36 14
269 165 36 12
512 409 36 9
509 313 36 20
454 403 36 10
6 387 36 12
147 508 36 12
266 179 36 4
297 490 36 14
294 65 36 4
241 396 36 9
354 179 36 16
354 205 36 5
202 229 36 17
56 135 36 7
255 202 36 4
350 349 36 14
545 67 36 5
495 425 36 4
537 233 36 13
117 535 36 1
48 404 36 20
144 210 36 1
163 473 36 20
494 528 36 5
195 297 36 20
283 162 36 6
393 221 36 7
134 168 36 17
426 157 36 20
297 336 36 9
16 383 36 16
522 526 36 13
201 203 36 4
46 211 36 16
25 406 36 10
268 141 36 18
373 48 36 3
545 181 36 7
108 121 36 17
513 417 36 15
358 494 36 13
59 530 36 16
31 184 36 18
475 291 36 9
476 378 36 14
226 98 36 1
138 532 36 15
332 529 36 16
84 152 36 3
117 117 36 16
423 536 36 7
142 109 36 15
386 139 36 9
285 128 36 12
457 56 36 19
425 343 36 6
110 480 36 6
389 264 36 3
363 410 36 4
519 526 36 13
544 464 36 18
92 58 36 2
170 505 36 9
492 242 36 6
11 152 36 16
454 91 36 8
509 263 36 1
2 166 36 19
85 529 36 10
381 15 36 10
308 12 36 12
223 165 36 13
308 334 36 8
531 279 36 10
334 289 36 4
254 258 36 3
31 219 36 18
288 282 36 11
262 366 36 2
221 261 36 13
159 83 36 10
75 367 36 19
48 127 36 16
40 110 36 12
336 505 36 18
297 273 36 13
411 304 36 6
240 44 36 9
297 367 36 18
334 41 36 14
386 199 36 15
511 274 36 8
254 383 36 12
392 485 36 9
323 335 36 14
542 146 36 12
534 10 36 12
197 311 36 18
203 60 36 15
28 394 36 6
176 294 36 12
406 258 36 11
455 26 36 11
84 417 36 16
432 192 36 19
252 248 36 16
282 296 36 20
131 7 36 16
23 210 36 20
343 299 36 8
157 474 36 16
169 332 36 14
516 240 36 8
151 385 36 17
333 331 36 12
301 35 36 11
415 317 36 1
538 509 36 5
487 46 36 14
495 388 36 13
411 544 36 9
11 227 36 6
540 257 36 5
484 408 36 5
360 255 36 5
488 8 36 12
379 423 36 12
19 475 36 5
274 414 36 4
191 423 36 15
406 286 36 9
63 297 36 15
537 351 36 5
279 287 36 20
406 161 36 16
255 164 36 15
200 542 36 13
523 75 36 9
260 410 36 1
42 53 36 18
273 521 36 17
16 36 36 7
533 87 36 1
212 366 36 19
360 224 36 4
277 540 36 1
201 254 36 12
63 229 36 16
461 3 36 19
240 106 36 12
442 441 36 1
321 456 36 6
72 441 36 19
174 105 36 18
77 526 36 19
78 255 36 9
305 456 36 17
526 33 36 4
398 8 36 20
71 247 36 2
344 142 36 2
104 524 36 4
509 110 36 13
392 345 36 7
92 421 36 11
78 14 36 6
57 318 36 13
351 358 36 5
326 208 36 6
304 279 36 12
450 137 36 17
488 302 36 17
435 264 36 19
338 170 36 6
407 261 36 10
392 401 36 1
209 519 36 4
481 322 36 18
238 100 36 2
126 466 36 3
199 368 36 4
536 370 36 6
303 320 36 17
241 172 36 4
523 31 36 16
132 484 36 4
301 146 36 4
302 79 36 16
175 379 36 4
256 504 36 6
129 217 36 8
201 206 36 19
89 23 36 7
302 263 36 12
137 238 36 12
232 432 36 10
305 185 36 10
348 2 36 16
166 176 36 1
207 493 36 14
104 137 36 13
430 399 36 20
93 2 36 11
76 303 36 4
229 439 36 17
413 185 36 18
48 489 36 19
375 290 36 12
233 517 36 18
532 176 36 17
240 341 36 13
226 223 36 17
480 377 36 18
208 452 36 4
261 196 36 18
128 123 36 8
364 170 36 4
299 544 36 7
298 229 36 12
472 213 36 2
168 514 36 2
1 193 36 11
231 125 36 8
525 394 36 10
88 169 36 18
152 296 36 7
400 174 36 2
42 473 36 8
98 285 36 9
184 271 36 16
446 438 36 4
500 438 36 8
292 184 36 16
460 223 36 14
109 372 36 15
501 523 36 1
467 375 36 7
56 479 36 14
249 91 36 10
248 274 36 12
460 172 36 8
91 125 36 20
523 478 36 3
47 452 36 11
26 13 36 15
174 513 36 6
133 433 36 1
265 3 36 13
384 313 36 12
240 14 36 10
366 473 36 19
382 78 36 10
351 53 36 13
18 161 36 19
454 186 36 14
230 360 36 10
528 7 36 3
106 271 36 14
225 107 36 15
371 346 36 9
306 226 36 16
475 60 36 7
220 473 36 1
505 490 36 13
146 459 36 20
409 141 36 5
91 183 36 20
328 288 36 11
21 512 36 15
26 398 36 1
106 218 36 12
111 145 36 8
255 427 36 15
451 384 36 7
322 529 36 7
378 453 36 1
371 543 36 14
307 385 36 19
29 405 36 7
403 492 36 11
153 50 36 4
65 222 36 15
99 538 36 3
58 503 36 12
22 277 36 13
443 170 36 18
520 540 36 9
231 361 36 8
230 389 36 14
256 245 36 7
193 397 36 1
348 523 36 9
101 137 36 19
341 256 36 13
418 339 36 13
476 235 36 17
501 269 36 14
521 499 36 3
440 182 36 4
279 499 36 14
1 144 36 14
443 492 36 15
74 107 36 9
243 447 36 6
368 379 36 15
284 307 36 16
431 260 36 9
85 295 36 20
99 250 36 18
502 528 36 10
117 43 36 14
190 485 36 10
301 74 36 12
547 316 36 3
17 136 36 5
373 419 36 12
415 364 36 3
241 448 36 8
18 547 36 13
38 16 36 3
9 133 36 18
185 384 36 8
306 199 36 3
47 199 36 13
297 277 36 1
379 102 36 17
282 32 36 11
444 334 36 10
416 413 36 3
90 450 36 13
354 520 36 14
113 157 36 3
356 462 36 1
188 24 36 10
273 320 36 7
8 213 36 13
224 494 36 1
257 453 36 19
252 383 36 6
246 535 36 3
255 341 36 7
459 453 36 4
499 323 36 2
252 510 36 6
204 297 36 18
9 367 36 1
400 43 36 16
400 361 36 20
185 65 36 16
445 310 36 9
59 80 36 13
193 538 36 13
483 4 36 1
202 255 36 18
430 520 36 2
7 528 36 8
343 443 36 4
141 357 36 18
391 56 36 5
539 500 36 17
64 12 36 1
539 266 36 7
433 201 36 1
103 402 36 15
221 346 36 8
150 414 36 8
507 272 36 9
297 412 36 11
25 318 36 5
365 309 36 7
529 372 36 9
225 425 36 17
458 373 36 6
209 475 36 18
276 210 36 9
254 359 36 18
337 318 36 16
314 130 36 10
163 216 36 8
5 33 36 17
470 14 36 18
400 238 36 2
47 210 36 3
504 480 36 13
392 209 36 20
78 524 36 7
178 313 36 19
64 142 36 13
362 304 36 6
429 370 36 1
320 292 36 20
97 144 36 9
298 253 36 16
387 271 36 15
403 115 36 18
19 192 36 16
118 432 36 7
50 495 36 1
110 371 36 8
386 253 36 12
210 87 36 4
109 245 36 19
245 542 36 15
106 443 36 1
447 298 36 10
510 379 36 15
3 496 36 20
418 545 36 4
426 108 36 6
253 8 36 4
510 279 36 15
27 387 36 20
235 147 36 20
209 252 36 11
454 213 36 11
265 176 36 5
392 178 36 19
341 48 36 14
300 536 36 12
144 303 36 10
240 265 36 19
484 292 36 20
425 41 36 20
360 249 36 18
253 155 36 18
506 420 36 20
527 264 36 7
12 120 36 3
104 481 36 7
302 77 36 15
85 316 36 10
147 314 36 20
110 191 36 11
219 65 36 10
156 380 36 16
244 338 36 12
22 379 36 12
40 453 36 6
167 9 36 6
282 310 36 1
152 457 36 2
348 56 36 15
289 165 36 3
331 445 36 13
75 53 36 8
459 359 36 10
291 380 36 12
449 481 36 15
179 100 36 5
451 443 36 1
252 47 36 5
492 457 36 15
498 260 36 2
147 43 36 13
408 118 36 10
15 91 36 17
507 443 36 13
283 345 36 2
26 38 36 20
324 489 36 19
446 255 36 11
478 262 36 7
79 212 36 18
392 359 36 7
54 219 36 10
378 233 36 19
513 254 36 13
543 51 36 8
506 76 36 17
83 461 36 8
103 422 36 1
170 352 36 18
207 492 36 5
442 336 36 3
234 390 36 17
205 282 36 14
266 310 36 5
284 305 36 3
100 325 36 12
500 407 36 14
418 510 36 3
43 194 36 3
477 400 36 9
28 356 36 1
546 42 36 5
188 308 36 10
186 88 36 19
376 372 36 9
194 533 36 9
87 485 36 2
440 417 36 7
183 459 36 6
338 388 36 14
376 477 36 3
265 475 36 17
57 177 36 15
131 363 36 9
29 253 36 2
231 446 36 10
272 532 36 1
235 425 36 2
159 122 36 13
401 459 36 5
433 350 36 8
397 67 36 18
403 185 36 13
170 316 36 4
86 406 36 19
373 90 36 11
160 423 36 9
431 110 36 9
86 331 36 14
137 184 36 10
91 131 36 14
37 527 36 18
395 383 36 3
444 67 36 1
371 152 36 18
3 39 36 7
80 198 36 12
142 143 36 5
205 228 36 2
327 426 36 12
423 32 36 16
382 68 36 9
408 524 36 18
71 420 36 6
111 305 36 5
9 307 36 4
544 387 36 16
469 43 36 1
18 248 36 8
383 89 36 5
445 26 36 13
153 408 36 11
387 268 36 8
456 338 36 17
106 448 36 20
454 456 36 9
293 514 36 5
453 497 36 4
208 30 36 7
190 412 36 19
174 371 36 8
128 38 36 1
148 424 36 3
207 394 36 20
138 499 36 20
435 405 36 5
492 212 36 20
388 117 36 10
327 386 36 18
27 90 36 18
363 264 36 1
178 391 36 16
399 53 36 17
403 321 36 19
196 458 36 1
499 408 36 13
225 352 36 16
464 255 36 7
230 96 36 4
25 122 36 8
231 485 36 2
385 177 36 11
29 28 36 13
158 430 36 1
134 141 36 9
124 92 36 10
33 316 36 12
153 294 36 18
452 524 36 4
105 1 36 8
332 294 36 9
337 193 36 6
185 221 36 12
147 378 36 8
430 27 36 15
139 150 36 4
254 182 36 3
236 396 36 20
534 301 36 7
318 467 36 1
286 251 36 12
252 102 36 20
457 348 36 12
142 494 36 5
318 439 36 16
88 30 36 10
10 345 36 7
248 96 36 18
294 82 36 14
316 462 36 14
400 262 36 5
355 513 36 20
439 422 36 17
259 78 36 13
518 396 36 7
318 545 36 12
267 7 36 17
459 316 36 2
499 62 36 8
355 439 36 5
129 354 36 13
216 161 36 20
403 114 36 13
391 372 36 1
387 404 36 13
336 174 36 7
376 502 36 3
213 413 36 18
146 365 36 1
222 234 36 16
274 362 36 9
525 30 36 19
318 433 36 6
533 338 36 12
341 239 36 11
543 27 36 20
196 402 36 18
402 67 36 13
500 274 36 12
113 10 36 20
227 283 36 3
146 322 36 8
288 93 36 12
58 140 36 7
199 480 36 1
259 476 36 12
493 124 36 15
196 40 36 15
311 539 36 12
306 167 36 7
48 393 36 2
90 53 36 3
286 340 36 20
366 459 36 13
237 111 36 8
345 369 36 4
542 376 36 12
45 24 36 14
224 397 36 7
192 217 36 12
107 264 36 16
366 416 36 20
400 154 36 1
526 519 36 6
307 270 36 17
20 68 36 4
270 62 36 20
158 168 36 20
85 454 36 18
65 98 36 9
212 266 36 9
265 146 36 15
371 546 36 3
270 39 36 16
142 407 36 2
186 488 36 20
51 272 36 6
354 429 36 14
196 28 36 7
495 93 36 20
464 366 36 7
211 83 36 6
373 516 36 14
265 238 36 6
128 441 36 4
261 79 36 17
523 191 36 18
361 60 36 8
367 317 36 14
278 326 36 1
411 242 36 9
261 514 36 17
257 401 36 5
251 118 36 5
408 246 36 14
424 21 36 8
380 544 36 11
123 419 36 5
233 238 36 18
432 31 36 7
238 441 36 14
409 154 36 5
115 411 36 8
399 176 36 15
434 36 36 11
363 521 36 17
493 354 36 15
267 538 36 10
100 223 36 9
311 169 36 5
363 406 36 10
109 267 36 2
368 444 36 19
543 357 36 2
351 243 36 19
403 120 36 15
538 66 36 17
122 394 36 2
187 494 36 11
489 319 36 7
336 134 36 20
14 242 36 12
454 125 36 1
211 182 36 11
143 532 36 11
172 388 36 13
237 378 36 6
170 15 36 12
32 263 36 6
240 266 36 13
69 54 36 5
304 67 36 9
383 520 36 7
357 183 36 14
203 387 36 15
291 74 36 14
13 372 36 7
410 542 36 19
168 26 36 20
419 327 36 10
441 395 36 13
112 214 36 10
87 49 36 2
247 467 36 9
527 122 36 10
307 412 36 9
535 487 36 8
47 411 36 14
182 31 36 1
94 449 36 19
209 404 36 14
439 31 36 18
188 179 36 14
34 425 36 11
62 467 36 2
538 288 36 7
541 275 36 17
368 384 36 2
251 80 36 9
159 174 36 7
455 444 36 16
51 398 36 5
408 38 36 10
265 133 36 10
104 194 36 1
65 185 36 6
499 178 36 10
387 60 36 4
138 372 36 2
528 530 36 6
272 499 36 5
481 2 36 12
174 409 36 8
106 189 36 13
401 354 36 17
192 418 36 12
208 431 36 15
14 332 36 5
202 469 36 15
532 449 36 5
3 235 36 9
465 169 36 16
229 404 36 1
93 509 36 4
90 425 36 19
342 69 36 9
231 277 36 18
421 290 36 4
123 6 36 6
196 53 36 18
313 55 36 12
381 519 36 9
450 201 36 1
443 293 36 10
139 444 36 8
189 238 36 11
171 530 36 9
36 403 36 11
233 40 36 1
414 235 36 3
11 547 36 2
327 380 36 4
327 345 36 11
244 302 36 18
61 503 36 19
364 144 36 12
251 314 36 10
413 411 36 5
380 159 36 3
414 25 36 16
500 35 36 14
93 423 36 19
205 202 36 4
517 446 36 5
90 21 36 8
106 447 36 4
483 150 36 1
296 77 36 16
27 518 36 5
344 446 36 5
410 398 36 1
476 491 36 1
437 148 36 16
194 118 36 4
315 269 36 14
329 436 36 12
63 371 36 9
110 182 36 13
21 208 36 20
151 66 36 16
306 475 36 17
9 466 36 7
135 355 36 17
525 1 36 2
327 378 36 19
150 159 36 14
481 222 36 11
476 393 36 2
63 413 36 16
167 79 36 19
231 384 36 18
84 392 36 15
489 42 36 12
10 19 36 1
256 345 36 17
224 495 36 19
79 490 36 11
367 481 36 13
289 58 36 11
480 286 36 11
189 516 36 17
373 53 36 14
536 56 36 9
22 127 36 10
55 383 36 4
527 59 36 1
63 137 36 8
430 504 36 8
95 307 36 10
234 240 36 9
514 428 36 12
20 315 36 8
42 304 36 3
105 387 36 12
186 441 36 10
65 420 36 15
437 544 36 13
329 426 36 13
154 35 36 16
36 269 36 2
203 297 36 17
401 316 36 1
165 420 36 2
532 524 36 11
541 163 36 20
322 289 36 5
224 240 36 5
262 22 36 9
318 175 36 3
133 273 36 16
250 537 36 19
309 390 36 20
135 70 36 5
327 116 36 2
357 109 36 11
343 493 36 16
200 169 36 9
54 430 36 18
396 262 36 14
225 456 36 13
384 220 36 15
292 528 36 5
30 178 36 1
188 504 36 13
384 375 36 18
319 170 36 12
480 370 36 2
395 485 36 12
270 395 36 14
443 72 36 11
341 517 36 18
166 261 36 1
505 353 36 2
366 540 36 14
343 438 36 4
490 209 36 6
97 203 36 10
419 50 36 8
138 381 36 11
118 338 36 15
6 131 36 5
176 297 36 1
327 316 36 13
107 135 36 6
453 539 36 5
79 543 36 8
421 154 36 2
101 25 36 15
327 162 36 6
400 279 36 10
60 346 36 13
237 522 36 4
189 301 36 15
493 469 36 3
304 374 36 20
67 514 36 7
100 388 36 3
335 3 36 13
134 391 36 16
376 243 36 9
409 303 36 3
25 54 36 2
546 242 36 11
288 249 36 19
227 67 36 5
218 133 36 18
205 232 36 17
406 81 36 11
85 214 36 7
533 105 36 20
166 513 36 3
206 537 36 1
282 50 36 6
173 337 36 10
532 16 36 18
171 296 36 6
324 500 36 5
440 420 36 4
12 504 36 9
35 490 36 6
301 170 36 16
384 437 36 3
35 233 36 10
536 405 36 4
191 389 36 2
459 75 36 13
374 460 36 7
520 352 36 3
261 363 36 12
216 398 36 11
274 213 36 8
360 112 36 17
496 146 36 11
73 197 36 12
48 387 36 19
100 361 36 15
448 187 36 10
262 222 36 12
496 544 36 1
202 212 36 2
396 1 36 10
213 422 36 4
527 370 36 8
527 504 36 6
383 66 36 7
205 228 36 13
101 190 36 5
456 451 36 2
69 462 36 15
106 116 36 6
55 26 36 19
216 238 36 10
4 280 36 13
484 259 36 3
66 156 36 17
96 423 36 2
487 523 36 2
32 432 36 12
345 15 36 5
169 120 36 17
267 236 36 6
365 513 36 13
337 516 36 13
194 452 36 1
7 32 36 16
494 128 36 1
115 129 36 2
471 160 36 15
246 19 36 16
544 249 36 5
410 516 36 15
364 333 36 3
8 123 36 6
540 316 36 1
236 384 36 3
149 330 36 1
485 506 36 16
249 492 36 4
506 190 36 10
230 249 36 16
135 111 36 20
275 536 36 20
442 58 36 4
31 50 36 9
72 347 36 5
206 11 36 12
467 495 36 5
309 258 36 12
310 278 36 16
391 22 36 2
173 156 36 18
533 492 36 8
69 448 36 18
274 479 36 10
371 3 36 14
304 208 36 8
81 189 36 5
364 497 36 6
44 321 36 17
38 226 36 5
217 460 36 14
22 445 36 18
363 513 36 3
276 301 36 7
238 124 36 6
62 489 36 18
443 23 36 11
286 386 36 12
448 492 36 12
340 44 36 12
315 260 36 20
22 282 36 10
158 159 36 7
257 496 36 20
348 186 36 3
442 248 36 18
257 205 36 2
199 491 36 7
213 391 36 15
486 246 36 2
498 75 36 9
423 97 36 6
308 316 36 8
158 87 36 16
370 497 36 20
159 391 36 12
499 100 36 11
313 360 36 6
28 26 36 2
296 26 36 6
60 523 36 10
146 461 36 12
512 283 36 9
5 440 36 14
539 262 36 15
165 483 36 9
162 434 36 18
302 261 36 19
508 289 36 17
11 99 36 15
430 221 36 17
315 366 36 1
419 330 36 17
354 396 36 11
438 388 36 6
408 5 36 13
284 167 36 13
259 530 36 16
46 490 36 7
468 16 36 4
367 445 36 5
242 274 36 2
92 208 36 17
286 76 36 4
372 513 36 16
173 436 36 16
455 172 36 2
139 492 36 1
145 52 36 6
377 519 36 11
284 339 36 9
350 95 36 4
357 249 36 9
147 534 36 12
333 359 36 17
358 46 36 4
450 15 36 17
223 215 36 9
525 359 36 15
347 250 36 14
183 534 36 2
526 398 36 15
49 207 36 16
449 354 36 17
316 139 36 5
211 496 36 13
540 461 36 6
9 136 36 15
515 176 36 17
41 522 36 8
148 157 36 5
107 136 36 20
161 246 36 7
463 147 36 5
267 463 36 14
428 188 36 13
150 180 36 18
433 250 36 18
383 280 36 8
83 382 36 10
95 529 36 18
92 89 36 9
2 311 36 2
118 227 36 2
40 493 36 3
162 435 36 14
232 99 36 14
340 531 36 9
521 367 36 2
454 511 36 11
299 120 36 11
424 212 36 6
138 275 36 10
96 392 36 11
263 431 36 5
407 45 36 17
191 338 36 14
217 130 36 19
492 165 36 1
499 133 36 4
340 493 36 1
225 370 36 15
260 507 36 6
59 117 36 12
83 380 36 9
177 239 36 10
158 492 36 19
237 161 36 3
300 105 36 13
244 56 36 6
214 457 36 1
241 135 36 17
541 456 36 6
83 514 36 18
501 112 36 17
379 288 36 5
301 445 36 16
75 134 36 7
41 434 36 2
234 192 36 6
497 405 36 18
220 160 36 11
313 153 36 10
364 235 36 18
47 250 36 16
171 143 36 9
534 443 36 5
355 33 36 17
337 135 36 16
484 368 36 2
140 317 36 17
252 52 36 3
13 364 36 12
229 242 36 15
474 289 36 1
221 521 36 20
317 507 36 11
248 377 36 2
375 228 36 19
449 164 36 5
230 303 36 3
416 69 36 8
214 143 36 9
226 372 36 19
535 298 36 20
547 34 36 8
154 350 36 18
265 113 36 7
471 2 36 13
264 512 36 10
424 195 36 18
416 125 36 12
459 338 36 16
318 78 36 1
481 66 36 8
384 65 36 11
261 280 36 18
160 544 36 6
496 529 36 11
451 307 36 5
146 184 36 4
81 114 36 9
147 26 36 2
356 405 36 14
450 338 36 12
357 175 36 8
359 497 36 9
164 109 36 18
142 58 36 15
184 23 36 16
190 230 36 20
452 310 36 1
291 519 36 11
467 389 36 6
235 353 36 7
69 225 36 3
513 36 36 1
143 261 36 9
378 403 36 15
109 101 36 3
147 352 36 2
430 256 36 2
342 546 36 1
278 527 36 19
134 276 36 16
390 344 36 20
272 310 36 13
166 514 36 3
169 406 36 17
290 514 36 17
496 176 36 15
445 120 36 6
157 461 36 2
449 254 36 4
35 387 36 6
36 291 36 2
322 16 36 9
35 181 36 15
71 411 36 9
23 154 36 18
76 164 36 16
479 61 36 10
106 280 36 14
277 181 36 1
490 278 36 12
493 313 36 3
292 87 36 11
463 184 36 16
114 316 36 4
171 338 36 12
256 475 36 19
516 407 36 2
348 27 36 19
156 303 36 6
217 307 36 4
180 314 36 9
433 59 36 20
216 36 36 10
241 211 36 17
130 443 36 6
234 151 36 12
501 119 36 3
344 529 36 4
465 199 36 9
282 416 36 20
314 110 36 4
173 57 36 13
181 334 36 4
433 27 36 7
516 219 36 20
389 452 36 10
251 468 36 6
35 326 36 16
329 305 36 13
503 40 36 10
437 353 36 10
137 526 36 3
504 221 36 11
421 168 36 2
63 136 36 6
86 524 36 18
322 290 36 17
191 324 36 4
41 167 36 2
151 123 36 11
192 74 36 6
341 272 36 8
62 290 36 16
53 163 36 20
195 225 36 7
493 373 36 16
273 147 36 17
34 337 36 5
59 439 36 7
512 104 36 20
395 295 36 3
145 151 36 11
421 212 36 16
431 326 36 13
124 521 36 9
438 528 36 2
305 253 36 6
399 287 36 14
331 407 36 17
429 371 36 15
165 280 36 3
35 424 36 9
177 297 36 16
60 243 36 14
106 366 36 9
438 318 36 14
110 75 36 9
475 535 36 12
144 318 36 18
313 262 36 8
38 488 36 12
58 37 36 20
352 213 36 6
310 273 36 7
109 440 36 6
489 392 36 8
241 501 36 10
370 490 36 6
237 86 36 6
88 398 36 15
308 435 36 13
323 8 36 2
214 421 36 6
525 246 36 3
470 354 36 14
357 295 36 19
76 51 36 11
417 420 36 3
261 171 36 20
484 320 36 2
421 81 36 3
360 465 36 18
335 193 36 15
38 170 36 20
13 154 36 19
427 25 36 20
200 101 36 17
473 32 36 2
141 292 36 7
503 290 36 8
168 163 36 6
392 37 36 4
75 434 36 9
241 471 36 11
43 484 36 15
322 425 36 8
349 78 36 20
487 3 36 8
13 144 36 3
318 161 36 20
333 391 36 11
491 235 36 2
142 371 36 12
533 65 36 18
546 169 36 13
227 6 36 18
542 416 36 16
410 417 36 13
372 429 36 14
140 199 36 18
197 47 36 11
479 52 36 11
251 193 36 20
455 178 36 3
36 238 36 7
224 465 36 15
290 521 36 18
432 384 36 1
92 270 36 16
504 409 36 15
530 58 36 4
398 52 36 17
501 302 36 9
489 209 36 14
56 307 36 8
338 530 36 19
79 272 36 14
234 157 36 11
259 310 36 2
166 267 36 1
395 249 36 15
123 161 36 7
449 176 36 18
482 117 36 12
208 172 36 13
110 510 36 17
537 41 36 11
391 336 36 13
143 48 36 15
164 275 36 15
108 122 36 10
110 306 36 11
224 269 36 19
93 265 36 7
170 473 36 15
6 35 36 3
433 86 36 17
100 539 36 15
470 134 36 16
118 360 36 8
31 467 36 17
255 91 36 14
92 315 36 7
166 407 36 16
357 29 36 7
235 96 36 3
136 43 36 19
140 205 36 3
479 127 36 9
318 306 36 19
493 337 36 17
242 106 36 4
358 259 36 20
133 424 36 6
234 296 36 9
261 530 36 17
383 118 36 15
44 319 36 12
305 250 36 12
153 82 36 11
421 27 36 14
62 330 36 11
341 140 36 20
448 272 36 3
415 21 36 15
471 343 36 2
138 240 36 3
394 284 36 9
307 41 36 20
470 255 36 5
330 129 36 9
103 190 36 2
528 45 36 15
179 8 36 16
254 484 36 2
138 469 36 3
5 59 36 10
51 514 36 12
415 335 36 11
544 258 36 17
208 102 36 11
507 205 36 5
103 185 36 20
324 364 36 14
332 132 36 1
421 331 36 13
306 397 36 20
492 447 36 2
414 377 36 4
438 435 36 8
232 157 36 12
154 178 36 2
328 281 36 20
61 57 36 4
348 450 36 17
86 324 36 9
292 144 36 19
10 88 36 11
304 16 36 3
323 515 36 10
114 262 36 11
68 415 36 20
165 195 36 9
508 317 36 8
182 117 36 18
49 202 36 11
246 494 36 10
355 18 36 4
364 321 36 4
201 158 36 4
50 333 36 9
541 401 36 9
177 18 36 11
93 40 36 16
65 283 36 7
2 331 36 6
324 91 36 4
242 446 36 16
309 262 36 13
453 524 36 16
18 27 36 18
390 20 36 5
83 196 36 3
95 350 36 11
423 476 36 20
320 478 36 18
481 316 36 17
103 11 36 12
290 319 36 5
312 225 36 11
6 304 36 10
95 146 36 1
37 291 36 3
58 385 36 20
118 322 36 15
460 94 36 18
100 90 36 15
378 192 36 18
68 543 36 14
505 369 36 7
433 375 36 20
449 469 36 14
484 21 36 4
229 78 36 5
323 196 36 12
345 170 36 3
360 332 36 12
143 224 36 14
545 291 36 15
171 310 36 1
146 195 36 2
423 96 36 11
299 32 36 13
527 260 36 14
45 97 36 19
493 442 36 3
3 254 36 12
86 396 36 14
423 393 36 1
209 78 36 8
363 223 36 19
406 99 36 1
432 459 36 16
479 439 36 16
56 483 36 2
375 491 36 7
378 493 36 13
228 31 36 2
238 516 36 3
54 177 36 9
180 539 36 12
500 397 36 10
492 281 36 16
516 212 36 6
377 329 36 16
272 156 36 8
123 49 36 13
289 338 36 6
303 28 36 1
224 82 36 16
284 261 36 7
20 275 36 11
525 281 36 19
395 312 36 14
155 141 36 11
398 474 36 18
161 111 36 19
416 399 36 5
155 154 36 2
470 377 36 17
477 175 36 14
474 257 36 11
321 234 36 8
25 81 36 13
2 236 36 13
246 148 36 17
223 371 36 15
309 239 36 19
124 455 36 10
28 440 36 2
75 369 36 16
444 295 36 10
55 130 36 5
431 216 36 2
87 218 36 5
429 525 36 9
213 262 36 6
44 24 36 20
336 147 36 3
233 236 36 1
507 372 36 1
532 268 36 18
204 384 36 17
109 329 36 6
219 415 36 1
17 359 36 20
25 24 36 6
340 67 36 16
471 402 36 7
448 88 36 20
378 109 36 11
130 93 36 17
238 358 36 8
475 466 36 3
443 200 36 8
81 216 36 2
306 240 36 14
245 95 36 10
207 18 36 10
377 465 36 14
235 296 36 16
526 487 36 11
537 177 36 8
446 104 36 3
136 62 36 18
241 204 36 17
219 509 36 19
220 268 36 3
288 474 36 20
334 303 36 19
529 52 36 2
285 30 36 5
195 81 36 1
524 526 36 11
224 115 36 19
124 417 36 17
239 89 36 18
108 308 36 17
72 110 36 19
53 505 36 4
13 486 36 1
331 223 36 10
40 479 36 1
535 455 36 11
39 132 36 4
213 317 36 7
43 70 36 4
444 177 36 8
19 310 36 2
129 424 36 13
541 437 36 8
520 282 36 12
529 383 36 5
71 370 36 16
138 470 36 5
382 135 36 5
10 178 36 8
335 136 36 17
482 154 36 13
192 282 36 9
407 338 36 2
75 310 36 6
512 291 36 13
396 361 36 9
188 14 36 10
172 457 36 20
473 528 36 14
295 315 36 1
356 249 36 19
242 503 36 8
489 424 36 1
202 498 36 10
196 524 36 7
87 373 36 2
410 75 36 20
47 246 36 1
489 233 36 15
76 43 36 17
283 460 36 2
159 154 36 8
379 157 36 3
326 358 36 6
98 68 36 13
161 217 36 15
99 79 36 8
50 187 36 20
457 128 36 17
297 203 36 13
513 1 36 8
492 221 36 12
427 52 36 7
299 378 36 12
122 475 36 6
468 150 36 11
216 248 36 7
523 297 36 14
105 206 36 5
529 17 36 11
448 44 36 14
280 51 36 8
265 539 36 15
468 290 36 9
544 411 36 3
203 393 36 10
77 61 36 5
515 98 36 5
108 265 36 4
437 246 36 14
421 147 36 1
468 426 36 1
188 205 36 18
21 187 36 6
170 246 36 16
370 448 36 6
110 524 36 4
98 7 36 7
445 176 36 8
512 127 36 15
110 547 36 19
299 529 36 8
538 231 36 13
221 252 36 4
256 483 36 13
154 305 36 13
444 414 36 11
310 27 36 12
274 533 36 2
501 12 36 5
427 121 36 3
14 420 36 11
88 472 36 18
428 146 36 8
470 401 36 1
209 69 36 7
458 512 36 20
198 275 36 3
491 63 36 13
474 16 36 13
36 443 36 20
206 518 36 15
420 59 36 18
380 1 36 17
105 470 36 18
313 194 36 16
277 104 36 16
232 301 36 6
213 306 36 4
241 232 36 6
342 329 36 17
79 49 36 7
296 531 36 4
438 425 36 12
178 529 36 13
380 294 36 1
165 24 36 20
462 255 36 4
485 530 36 12
148 285 36 17
311 142 36 3
369 220 36 13
459 30 36 16
123 468 36 14
396 98 36 14
44 540 36 18
495 157 36 3
501 71 36 8
261 71 36 16
387 218 36 11
198 528 36 16
460 411 36 3
224 384 36 6
33 21 36 7
266 416 36 18
481 522 36 11
442 469 36 9
426 422 36 1
241 135 36 11
524 37 36 7
59 296 36 2
282 208 36 4
177 494 36 19
163 526 36 8
70 307 36 8
136 240 36 13
256 134 36 15
532 74 36 18
394 314 36 12
388 290 36 2
114 410 36 16
367 144 36 17
60 382 36 20
137 60 36 8
234 191 36 7
261 388 36 2
325 96 36 14
247 142 36 13
106 51 36 19
224 500 36 18
315 67 36 14
155 495 36 8
264 8 36 20
319 144 36 2
414 377 36 5
331 152 36 14
424 476 36 3
228 238 36 20
42 405 36 14
232 81 36 19
165 396 36 12
84 3 36 2
84 328 36 17
43 161 36 3
61 89 36 11
269 419 36 17
379 358 36 4
37 38 36 12
446 141 36 14
419 373 36 12
345 52 36 1
337 135 36 4
339 280 36 9
347 323 36 7
499 383 36 6
56 167 36 3
250 545 36 9
435 97 36 1
309 542 36 20
103 475 36 15
463 273 36 8
185 124 36 8
519 524 36 6
147 324 36 2
483 337 36 1
298 392 36 14
108 157 36 18
214 44 36 4
418 414 36 3
278 517 36 9
448 432 36 3
184 131 36 16
116 164 36 11
266 373 36 15
252 308 36 11
136 58 36 17
124 227 36 6
234 440 36 17
377 373 36 18
92 103 36 17
281 66 36 10
257 311 36 17
356 427 36 11
494 145 36 3
408 458 36 12
173 47 36 11
392 232 36 14
219 465 36 11
152 357 36 5
13 448 36 11
328 243 36 20
42 499 36 15
10 369 36 14
142 316 36 15
99 238 36 19
363 473 36 19
199 317 36 12
262 50 36 10
217 263 36 14
121 275 36 14
65 117 36 10
199 220 36 8
34 230 36 12
295 371 36 3
277 470 36 19
107 285 36 7
46 484 36 7
216 198 36 13
365 476 36 16
324 49 36 3
244 175 36 8
469 373 36 14
97 468 36 16
94 277 36 16
468 6 36 1
533 113 36 18
522 158 36 20
343 435 36 17
275 252 36 15
531 28 36 14
515 334 36 20
69 255 36 2
451 351 36 12
515 507 36 17
402 427 36 9
212 474 36 8
368 511 36 16
460 306 36 12
202 95 36 10
543 78 36 18
323 108 36 7
401 238 36 2
305 141 36 15
130 108 36 4
293 509 36 15
399 235 36 8
133 55 36 16
85 514 36 18
410 230 36 6
501 225 36 19
134 62 36 8
101 463 36 12
383 220 36 16
469 411 36 3
514 218 36 5
16 70 36 9
538 264 36 6
538 348 36 5
296 272 36 12
210 287 36 11
263 421 36 9
362 36 36 16
212 418 36 1
265 340 36 9
424 368 36 14
545 445 36 6
416 497 36 16
341 487 36 12
232 235 36 12
353 506 36 19
214 222 36 1
136 98 36 13
520 309 36 20
91 26 36 5
135 512 36 3
397 509 36 7
242 439 36 18
351 232 36 1
260 526 36 11
502 393 36 19
422 59 36 1
277 256 36 8
229 228 36 4
52 381 36 3
275 30 36 1
443 488 36 14
447 183 36 9
462 48 36 17
416 307 36 9
120 323 36 8
330 198 36 18
213 536 36 5
256 280 36 6
122 393 36 4
13 182 36 3
478 78 36 10
357 524 36 1
189 438 36 12
253 368 36 6
295 488 36 14
183 270 36 7
253 544 36 5
516 314 36 19
460 435 36 1
299 510 36 15
230 440 36 4
39 311 36 6
154 499 36 6
254 267 36 1
237 14 36 16
542 258 36 14
498 510 36 15
504 541 36 8
304 453 36 18
434 267 36 17
198 11 36 9
102 111 36 7
528 264 36 20
360 32 36 3
12 330 36 16
213 324 36 8
136 336 36 14
117 292 36 20
474 48 36 3
172 543 36 5
440 256 36 9
116 357 36 16
101 399 36 18
100 273 36 14
427 284 36 13
221 11 36 20
334 146 36 11
533 325 36 20
117 251 36 15
215 484 36 10
94 439 36 17
530 7 36 3
44 107 36 2
368 269 36 2
238 148 36 5
437 430 36 4
412 278 36 6
238 264 36 12
356 380 36 13
36 109 36 16
258 202 36 20
189 246 36 14
537 351 36 16
252 233 36 6
178 470 36 6
449 421 36 2
245 347 36 11
187 38 36 9
453 393 36 12
485 428 36 18
515 138 36 7
374 388 36 7
301 378 36 9
396 82 36 6
275 321 36 3
301 284 36 8
271 529 36 16
34 168 36 10
60 136 36 1
527 135 36 11
8 102 36 14
299 537 36 13
350 352 36 4
204 262 36 8
290 536 36 5
360 351 36 5
303 137 36 6
108 232 36 17
434 292 36 10
121 333 36 5
296 403 36 1
124 216 36 5
278 19 36 6
385 284 36 8
27 89 36 19
52 510 36 6
422 328 36 17
164 435 36 6
197 383 36 2
366 18 36 8
183 314 36 8
102 437 36 20
71 229 36 3
454 129 36 5
4 217 36 18
89 268 36 20
40 142 36 15
189 367 36 2
23 79 36 19
209 506 36 9
181 141 36 20
8 242 36 1
51 375 36 3
235 281 36 11
156 284 36 4
165 434 36 17
261 536 36 16
136 239 36 16
446 261 36 15
106 470 36 14
330 165 36 18
383 173 36 18
387 285 36 12
72 519 36 13
495 128 36 4
525 354 36 4
399 67 36 5
415 203 36 7
313 163 36 9
288 330 36 11
284 112 36 20
358 9 36 4
250 457 36 6
517 529 36 5
31 538 36 16
438 515 36 20
184 366 36 6
527 296 36 19
14 61 36 1
371 410 36 6
103 146 36 18
547 18 36 10
130 268 36 4
60 299 36 4
446 391 36 20
474 281 36 7
370 526 36 2
333 20 36 19
13 34 36 6
464 466 36 17
150 22 36 15
10 83 36 11
425 274 36 12
264 333 36 9
147 293 36 11
19 219 36 16
406 42 36 5
188 436 36 8
265 449 36 17
402 365 36 12
525 515 36 18
185 524 36 11
534 463 36 2
55 241 36 2
484 387 36 1
209 406 36 20
276 326 36 17
384 28 36 9
450 292 36 11
125 208 36 19
266 185 36 13
490 432 36 15
311 418 36 14
406 472 36 5
286 408 36 1
520 131 36 16
488 407 36 17
12 243 36 5
519 207 36 10
441 394 36 9
181 174 36 10
497 179 36 16
242 489 36 9
26 347 36 13
51 147 36 15
524 120 36 7
370 122 36 7
541 134 36 7
192 167 36 12
196 60 36 17
345 241 36 1
255 190 36 6
535 494 36 14
199 34 36 13
335 84 36 10
394 122 36 16
98 491 36 10
208 484 36 13
75 190 36 1
211 385 36 17
193 244 36 18
349 499 36 20
197 486 36 18
534 199 36 5
186 534 36 16
469 442 36 13
386 54 36 1
424 261 36 10
111 397 36 10
25 61 36 4
484 253 36 10
151 116 36 19
70 375 36 18
481 361 36 16
379 546 36 16
423 529 36 13
103 367 36 13
273 306 36 14
380 478 36 14
192 502 36 13
388 501 36 11
218 104 36 7
62 235 36 8
452 169 36 7
494 547 36 19
37 484 36 3
83 39 36 4
182 312 36 1
541 206 36 10
327 397 36 8
172 237 36 6
270 517 36 9
61 93 36 10
163 544 36 5
141 6 36 10
118 42 36 10
138 125 36 19
524 306 36 7
184 362 36 19
320 203 36 19
473 374 36 8
32 159 36 2
304 219 36 4
325 381 36 3
452 522 36 7
93 154 36 19
280 353 36 6
506 329 36 20
10 27 36 7
267 409 36 20
374 396 36 16
294 490 36 4
121 308 36 19
102 85 36 12
141 51 36 10
186 143 36 3
334 485 36 13
121 443 36 16
213 452 36 3
244 234 36 13
476 122 36 9
50 415 36 11
329 50 36 12
341 213 36 17
249 353 36 14
192 53 36 12
289 386 36 1
252 21 36 11
544 296 36 17
440 539 36 12
196 529 36 11
348 32 36 13
504 360 36 3
420 216 36 12
420 464 36 14
532 108 36 1
240 458 36 17
493 163 36 1
95 221 36 3
210 113 36 10
11 309 36 17
480 109 36 16
331 128 36 14
231 547 36 8
343 420 36 2
322 466 36 9
354 158 36 1
287 104 36 1
302 198 36 16
3 469 36 2
304 479 36 18
39 473 36 16
353 256 36 7
541 486 36 14
459 343 36 8
231 117 36 18
234 533 36 17
86 334 36 4
100 88 36 10
397 152 36 3
321 455 36 14
6 493 36 5
346 360 36 20
329 353 36 17
311 326 36 3
227 9 36 19
61 243 36 6
115 390 36 4
272 5 36 1
141 463 36 19
478 236 36 19
261 241 36 10
516 101 36 14
479 491 36 18
442 316 36 7
200 57 36 16
137 118 36 12
120 294 36 15
499 19 36 18
417 221 36 20
2 214 36 18
525 474 36 5
24 505 36 5
368 436 36 7
