3000 428
337 520 84 19
2 472 84 19
42 508 84 11
45 285 84 10
27 295 84 13
206 487 84 7
16 466 84 2
276 514 84 5
203 130 84 1
478 299 84 14
168 88 84 12
228 89 84 2
106 130 84 9
387 175 84 19
21 263 84 5
333 530 84 8
280 545 84 16
242 273 84 20
131 476 84 2
201 406 84 2
252 89 84 2
276 378 84 14
285 483 84 11
255 384 84 8
510 404 84 12
27 252 84 3
30 531 84 2
14 287 84 18
511 417 84 14
105 132 84 5
545 445 84 13
525 235 84 9
108 520 84 3
430 289 84 13
379 313 84 12
105 339 84 13
361 431 84 10
129 444 84 20
169 469 84 3
138 26 84 15
89 23 84 18
128 62 84 14
544 170 84 18
348 52 84 10
50 493 84 15
217 50 84 3
89 472 84 8
5 53 84 10
270 222 84 8
403 421 84 7
121 509 84 10
345 89 84 16
194 85 84 12
140 494 84 12
374 58 84 10
373 274 84 1
226 424 84 9
24 491 84 1
327 213 84 20
4 68 84 7
254 188 84 10
41 532 84 9
436 241 84 8
516 380 84 17
162 206 84 4
300 93 84 17
2 381 84 11
176 466 84 1
403 246 84 2
427 249 84 1
263 17 84 3
121 119 84 15
130 70 84 5
222 100 84 7
323 261 84 14
480 13 84 20
426 14 84 16
249 252 84 13
14 169 84 11
539 48 84 5
99 310 84 19
393 493 84 16
187 75 84 5
221 358 84 1
149 133 84 11
344 128 84 20
85 68 84 9
267 316 84 5
306 392 84 1
167 445 84 16
277 543 84 10
403 388 84 19
162 90 84 4
538 310 84 4
465 459 84 9
106 255 84 9
429 401 84 16
219 121 84 18
260 488 84 10
531 108 84 10
303 384 84 10
384 239 84 4
410 400 84 7
510 452 84 15
482 370 84 1
40 537 84 14
334 418 84 3
149 90 84 14
341 411 84 3
377 457 84 17
310 212 84 4
300 48 84 14
130 457 84 3
112 481 84 6
403 415 84 17
120 517 84 14
91 303 84 9
525 513 84 1
532 306 84 14
480 135 84 9
534 506 84 5
487 258 84 7
192 450 84 17
297 76 84 18
369 478 84 14
262 50 84 12
145 202 84 4
507 180 84 15
473 226 84 4
302 158 84 18
103 207 84 20
114 208 84 9
235 399 84 7
326 211 84 5
413 32 84 17
367 355 84 3
352 14 84 16
154 35 84 3
469 507 84 17
543 324 84 11
266 488 84 11
9 116 84 4
10 412 84 16
522 191 84 16
500 118 84 14
532 484 84 14
66 350 84 3
411 18 84 19
387 487 84 16
104 544 84 14
526 324 84 18
59 332 84 8
409 342 84 16
63 316 84 9
474 331 84 5
431 377 84 9
257 443 84 4
97 306 84 13
519 207 84 15
353 311 84 13
25 289 84 4
184 409 84 20
520 270 84 20
112 394 84 10
503 382 84 15
464 327 84 15
485 37 84 11
308 133 84 19
149 166 84 1
52 518 84 18
499 57 84 8
236 302 84 2
305 275 84 6
168 448 84 17
409 404 84 16
494 382 84 10
409 320 84 3
219 142 84 17
396 290 84 4
295 404 84 9
503 355 84 7
30 43 84 17
450 410 84 4
169 30 84 19
282 500 84 13
292 509 84 6
81 370 84 15
453 104 84 3
472 14 84 13
110 308 84 1
328 326 84 11
117 355 84 7
207 319 84 19
87 2 84 18
414 346 84 15
112 90 84 3
253 170 84 20
167 75 84 5
284 61 84 8
205 233 84 8
530 75 84 8
114 191 84 3
412 459 84 6
25 60 84 3
277 473 84 1
481 99 84 8
99 352 84 1
210 33 84 6
363 316 84 19
529 35 84 12
517 17 84 5
346 193 84 16
528 119 84 10
544 144 84 13
14 420 84 5
438 415 84 16
404 28 84 5
54 237 84 18
387 52 84 9
233 95 84 3
312 65 84 7
526 410 84 9
384 452 84 3
153 448 84 10
43 523 84 16
406 475 84 11
321 393 84 13
101 446 84 13
461 285 84 9
103 518 84 14
327 344 84 1
83 322 84 17
30 158 84 5
96 372 84 1
429 415 84 9
87 273 84 7
159 108 84 16
258 209 84 6
109 184 84 12
73 286 84 15
131 128 84 15
254 210 84 8
300 301 84 3
313 459 84 15
227 340 84 10
240 427 84 4
118 38 84 11
451 358 84 17
136 528 84 11
167 53 84 6
230 183 84 11
27 498 84 5
207 313 84 8
60 78 84 3
223 366 84 11
314 58 84 14
193 238 84 14
180 141 84 8
436 338 84 16
329 19 84 10
84 248 84 12
451 336 84 17
542 58 84 19
386 117 84 14
142 401 84 13
237 230 84 18
211 422 84 2
222 116 84 12
168 5 84 19
31 395 84 20
9 478 84 15
231 381 84 4
403 375 84 12
341 275 84 17
418 416 84 8
313 105 84 4
266 315 84 20
456 52 84 17
302 219 84 13
547 249 84 18
201 319 84 5
227 2 84 8
527 405 84 11
398 260 84 14
448 192 84 10
352 19 84 11
484 285 84 20
6 255 84 20
191 71 84 2
379 70 84 18
477 271 84 20
19 12 84 13
489 538 84 20
362 451 84 20
448 413 84 2
465 217 84 6
39 216 84 10
474 283 84 19
414 473 84 11
86 367 84 18
69 358 84 10
371 376 84 1
189 379 84 8
411 256 84 1
407 156 84 16
47 135 84 14
252 173 84 17
257 100 84 4
516 28 84 17
360 175 84 7
274 244 84 20
458 129 84 4
169 317 84 8
479 180 84 1
145 39 84 8
285 147 84 20
157 398 84 9
306 169 84 12
191 137 84 4
1 12 84 3
239 285 84 9
349 258 84 2
349 488 84 18
181 419 84 4
268 78 84 11
88 424 84 20
527 96 84 8
106 401 84 6
394 44 84 2
161 106 84 8
103 406 84 5
350 207 84 9
240 9 84 5
508 251 84 12
470 519 84 18
470 59 84 14
131 100 84 2
252 267 84 10
479 113 84 4
419 336 84 10
371 438 84 4
60 303 84 19
68 57 84 17
16 80 84 5
382 2 84 16
340 534 84 17
236 117 84 19
166 430 84 19
11 361 84 11
446 295 84 8
440 118 84 4
355 239 84 6
476 368 84 15
182 383 84 13
76 279 84 15
66 133 84 18
113 368 84 5
322 48 84 5
250 58 84 13
414 504 84 12
305 396 84 13
148 203 84 8
417 193 84 9
133 374 84 12
538 512 84 8
459 30 84 14
304 142 84 8
327 525 84 18
233 289 84 7
15 156 84 17
152 522 84 9
407 184 84 8
352 53 84 10
180 247 84 17
451 299 84 20
454 210 84 7
41 28 84 6
120 355 84 17
185 102 84 4
369 178 84 11
509 330 84 9
497 251 84 17
265 55 84 12
226 296 84 1
13 200 84 7
373 106 84 18
215 208 84 17
198 328 84 2
221 27 84 5
48 395 84 1
29 356 84 11
532 367 84 7
123 85 84 17
314 372 84 4
266 446 84 17
516 271 84 7
429 485 84 16
370 197 84 14
179 480 84 7
152 527 84 13
303 8 84 12
297 539 84 20
542 177 84 9
356 5 84 20
527 270 84 17
351 238 84 11
279 182 84 12
477 4 84 14
517 244 84 16
521 396 84 18
434 213 84 6
155 24 84 6
305 80 84 9
53 497 84 3
173 477 84 12
190 342 84 10
540 73 84 19
341 65 84 15
339 34 84 20
269 70 84 17
178 503 84 7
157 173 84 4
189 539 84 4
397 106 84 1
124 278 84 4
120 530 84 9
415 37 84 15
345 439 84 16
277 231 84 9
515 499 84 9
178 192 84 12
538 348 84 8
499 51 84 9
539 509 84 3
528 85 84 3
24 266 84 4
345 133 84 9
254 477 84 9
289 269 84 10
420 298 84 19
72 476 84 20
227 528 84 19
131 541 84 17
88 532 84 18
89 28 84 8
491 51 84 6
390 457 84 5
325 164 84 5
213 514 84 11
270 386 84 2
340 458 84 15
54 199 84 16
177 392 84 3
412 479 84 5
546 82 84 17
341 87 84 19
339 476 84 3
46 315 84 4
230 528 84 9
259 312 84 13
39 166 84 2
355 281 84 7
167 457 84 14
520 321 84 15
372 381 84 2
251 174 84 19
180 27 84 11
80 134 84 8
206 426 84 16
298 137 84 8
290 175 84 2
193 45 84 17
356 273 84 3
425 245 84 16
425 131 84 5
507 381 84 17
191 75 84 9
350 217 84 6
276 422 84 3
183 172 84 2
400 461 84 14
298 168 84 12
475 38 84 15
15 462 84 7
545 340 84 2
362 361 84 14
413 4 84 15
6 353 84 17
341 82 84 15
492 264 84 9
294 178 84 20
333 537 84 4
478 465 84 5
349 541 84 6
526 538 84 15
286 414 84 1
427 280 84 13
158 347 84 15
166 140 84 13
534 146 84 15
40 439 84 8
69 287 84 15
266 217 84 3
15 80 84 19
163 58 84 14
166 344 84 10
44 285 84 6
410 504 84 7
97 123 84 14
350 171 84 13
443 210 84 5
167 279 84 12
427 59 84 9
119 73 84 9
351 297 84 4
88 524 84 2
239 20 84 16
184 492 84 6
475 41 84 15
420 391 84 18
510 348 84 15
492 514 84 6
274 455 84 14
335 88 84 7
476 500 84 11
127 41 84 7
183 341 84 1
38 40 84 12
459 29 84 6
455 511 84 8
136 473 84 12
27 479 84 16
257 206 84 4
61 55 84 20
545 530 84 4
232 171 84 20
505 353 84 17
250 453 84 1
486 426 84 2
277 334 84 20
459 531 84 11
441 72 84 9
451 329 84 8
431 451 84 16
437 448 84 7
457 195 84 10
517 152 84 8
432 401 84 11
449 401 84 12
9 130 84 18
17 41 84 6
12 543 84 1
1 447 84 10
195 392 84 18
444 281 84 20
190 190 84 9
168 221 84 4
499 168 84 1
188 131 84 15
365 139 84 11
327 217 84 18
335 290 84 9
415 291 84 5
337 485 84 17
163 443 84 7
498 147 84 16
480 315 84 1
66 266 84 20
114 454 84 13
500 333 84 5
530 112 84 3
54 509 84 10
121 438 84 5
148 227 84 11
20 451 84 9
235 463 84 3
154 457 84 16
293 37 84 3
115 150 84 17
128 164 84 10
342 147 84 11
162 200 84 6
334 320 84 11
249 530 84 4
164 2 84 1
459 236 84 19
415 389 84 12
201 197 84 17
190 373 84 4
147 500 84 17
498 294 84 17
413 518 84 5
352 366 84 19
180 130 84 14
297 293 84 18
380 266 84 19
378 195 84 2
347 395 84 9
353 37 84 11
509 245 84 13
343 195 84 18
323 123 84 2
502 474 84 14
31 106 84 9
27 465 84 10
149 359 84 13
506 189 84 4
219 50 84 20
129 465 84 13
472 488 84 1
283 283 84 19
388 58 84 3
524 74 84 10
541 105 84 19
78 193 84 12
516 403 84 6
187 361 84 15
538 95 84 2
251 223 84 8
62 209 84 16
118 492 84 14
431 394 84 18
318 370 84 13
132 364 84 20
113 503 84 12
73 534 84 8
391 173 84 16
412 163 84 7
544 475 84 1
47 537 84 9
36 107 84 6
308 537 84 18
151 308 84 18
130 501 84 20
275 128 84 12
66 262 84 6
321 105 84 10
389 31 84 13
5 89 84 12
513 135 84 13
74 233 84 8
250 540 84 14
272 205 84 7
117 397 84 16
448 124 84 3
126 251 84 7
461 24 84 5
360 475 84 11
483 541 84 7
48 506 84 3
150 95 84 16
358 406 84 11
132 131 84 6
214 309 84 12
310 209 84 12
49 335 84 7
533 248 84 6
90 122 84 6
285 57 84 1
84 167 84 16
18 316 84 18
183 188 84 12
465 319 84 20
404 47 84 7
254 419 84 5
227 467 84 16
513 514 84 5
338 56 84 3
89 403 84 12
443 486 84 5
270 503 84 6
191 201 84 14
32 180 84 15
66 36 84 2
345 289 84 16
286 30 84 11
76 543 84 2
176 395 84 4
459 483 84 17
251 440 84 11
272 162 84 15
545 414 84 18
521 508 84 10
268 26 84 8
61 370 84 11
335 171 84 7
42 246 84 9
201 483 84 15
540 394 84 10
186 160 84 12
318 431 84 10
468 490 84 19
332 463 84 17
376 245 84 8
516 368 84 6
460 217 84 16
495 258 84 5
525 521 84 4
402 513 84 1
276 151 84 6
43 531 84 12
34 451 84 8
500 297 84 1
379 187 84 11
283 218 84 5
71 192 84 6
30 139 84 17
296 178 84 2
12 32 84 1
184 369 84 6
515 474 84 16
182 22 84 17
401 521 84 15
50 352 84 2
490 149 84 3
204 219 84 4
133 310 84 7
320 120 84 4
542 194 84 9
244 377 84 4
159 407 84 7
56 41 84 4
404 503 84 9
16 5 84 14
361 495 84 6
439 213 84 18
160 345 84 7
82 180 84 19
180 174 84 19
372 480 84 15
385 91 84 7
386 146 84 2
408 64 84 1
465 79 84 6
326 502 84 9
397 455 84 14
201 129 84 7
377 272 84 15
188 452 84 19
191 276 84 12
86 113 84 19
387 498 84 16
244 420 84 14
118 337 84 17
543 115 84 17
493 26 84 17
45 288 84 4
4 180 84 14
142 367 84 13
516 10 84 18
274 158 84 16
185 544 84 13
303 302 84 12
484 419 84 13
321 415 84 1
112 422 84 1
357 466 84 10
308 532 84 15
468 126 84 6
47 94 84 14
510 368 84 4
53 67 84 18
93 369 84 3
67 367 84 9
315 141 84 11
254 252 84 9
280 124 84 17
46 431 84 4
539 413 84 16
365 459 84 1
263 483 84 13
318 535 84 19
432 80 84 6
300 208 84 11
39 37 84 19
255 290 84 14
344 84 84 7
414 129 84 18
468 182 84 4
101 547 84 17
374 324 84 14
44 95 84 14
265 526 84 17
369 278 84 6
292 378 84 5
418 85 84 6
310 491 84 9
325 357 84 15
285 340 84 8
110 440 84 16
393 328 84 12
126 371 84 20
455 150 84 1
316 518 84 17
384 324 84 17
3 256 84 10
458 80 84 10
511 404 84 9
145 203 84 17
508 312 84 6
385 219 84 16
39 406 84 3
395 313 84 13
245 143 84 15
371 526 84 7
328 43 84 13
432 15 84 12
478 525 84 4
396 123 84 4
106 145 84 1
317 45 84 17
370 145 84 11
246 54 84 6
333 298 84 8
452 122 84 12
348 449 84 4
499 333 84 19
182 264 84 19
331 174 84 5
136 280 84 4
314 111 84 16
225 481 84 8
542 241 84 4
78 89 84 3
365 540 84 3
83 340 84 12
453 291 84 18
291 535 84 12
106 318 84 14
167 515 84 19
372 343 84 16
75 21 84 17
468 77 84 20
430 216 84 4
81 33 84 15
461 116 84 5
258 83 84 20
388 373 84 9
295 478 84 19
376 159 84 8
251 531 84 14
237 58 84 16
217 40 84 16
438 470 84 9
200 65 84 12
17 40 84 10
173 298 84 6
134 138 84 9
83 494 84 11
411 385 84 14
159 88 84 15
312 386 84 9
547 56 84 16
312 493 84 10
292 208 84 2
366 224 84 18
9 458 84 10
281 44 84 7
378 188 84 1
530 51 84 12
232 272 84 10
525 36 84 16
267 98 84 1
110 409 84 8
422 215 84 9
313 33 84 2
181 103 84 19
409 383 84 12
288 276 84 20
114 258 84 15
324 4 84 11
137 529 84 5
335 310 84 13
103 481 84 2
363 355 84 20
346 182 84 19
4 424 84 7
120 285 84 3
279 88 84 2
140 201 84 18
52 40 84 6
297 176 84 7
31 25 84 6
470 127 84 6
224 489 84 8
315 349 84 13
439 353 84 10
119 472 84 2
243 265 84 14
157 404 84 18
390 518 84 14
80 267 84 15
360 359 84 4
402 344 84 5
377 20 84 14
221 396 84 10
308 288 84 16
272 406 84 10
520 163 84 15
370 381 84 3
420 223 84 15
25 303 84 5
351 115 84 19
217 517 84 8
208 408 84 6
203 144 84 12
547 451 84 5
210 175 84 3
283 209 84 8
134 31 84 1
389 513 84 12
129 537 84 5
198 402 84 10
78 71 84 9
301 341 84 3
58 58 84 14
210 119 84 18
165 329 84 6
39 64 84 17
76 259 84 10
7 101 84 9
99 291 84 12
8 488 84 1
32 18 84 5
86 380 84 7
1 437 84 8
121 162 84 11
145 388 84 10
467 426 84 7
388 16 84 16
464 23 84 12
505 121 84 1
535 191 84 14
482 222 84 3
499 369 84 5
371 432 84 7
362 5 84 19
410 211 84 6
301 130 84 14
255 33 84 20
530 496 84 15
419 454 84 2
52 441 84 6
235 437 84 8
373 450 84 17
405 335 84 6
389 150 84 8
534 74 84 6
34 375 84 19
507 144 84 9
448 126 84 5
411 60 84 18
71 173 84 7
407 407 84 6
478 294 84 9
433 214 84 4
210 55 84 9
54 104 84 2
170 137 84 5
353 96 84 16
22 543 84 1
248 468 84 13
442 54 84 16
529 460 84 18
506 452 84 7
448 400 84 18
177 124 84 9
55 177 84 7
6 346 84 9
394 214 84 19
316 297 84 6
487 544 84 14
171 500 84 6
27 481 84 19
289 502 84 9
360 402 84 7
35 93 84 14
374 147 84 3
330 214 84 5
423 60 84 16
65 437 84 20
373 377 84 5
54 547 84 8
336 88 84 16
44 438 84 17
266 251 84 16
340 347 84 4
538 235 84 13
427 18 84 8
176 440 84 7
201 19 84 11
459 391 84 14
291 445 84 12
12 295 84 8
276 400 84 4
494 119 84 1
81 520 84 20
307 25 84 11
194 513 84 19
295 204 84 16
455 404 84 10
504 377 84 8
445 120 84 1
384 194 84 10
473 531 84 10
452 478 84 12
196 73 84 10
224 442 84 3
2 150 84 7
344 444 84 4
32 351 84 5
347 308 84 6
505 267 84 6
76 103 84 10
2 90 84 1
266 56 84 6
163 251 84 12
95 537 84 11
113 538 84 19
96 335 84 2
283 428 84 20
387 289 84 10
321 308 84 18
437 445 84 7
198 447 84 6
5 165 84 20
289 390 84 7
161 546 84 1
473 111 84 8
450 206 84 3
324 3 84 1
63 390 84 3
109 225 84 5
421 176 84 10
350 374 84 9
431 378 84 3
21 182 84 10
470 342 84 16
361 329 84 19
304 294 84 1
97 70 84 15
378 132 84 8
401 302 84 13
184 175 84 1
473 39 84 20
115 470 84 10
468 5 84 17
178 474 84 4
433 349 84 10
251 105 84 16
336 263 84 16
486 94 84 9
478 494 84 4
210 192 84 10
55 117 84 1
397 231 84 7
22 213 84 15
438 390 84 15
100 275 84 15
153 40 84 15
437 438 84 12
367 438 84 4
428 369 84 5
305 31 84 3
356 147 84 4
508 543 84 11
96 79 84 16
236 31 84 18
301 131 84 6
168 283 84 16
201 235 84 10
496 54 84 2
400 544 84 18
249 301 84 15
290 172 84 13
447 194 84 19
349 289 84 18
464 39 84 16
484 340 84 7
293 22 84 8
141 222 84 11
4 232 84 7
242 84 84 7
363 333 84 6
29 137 84 14
388 36 84 11
195 446 84 8
204 425 84 18
244 423 84 9
414 168 84 3
382 370 84 18
36 373 84 6
291 67 84 17
57 491 84 13
186 519 84 4
485 359 84 5
431 68 84 15
242 272 84 12
91 515 84 2
280 444 84 2
4 278 84 19
497 313 84 16
251 57 84 8
88 175 84 10
258 360 84 6
78 298 84 6
481 243 84 10
297 546 84 9
52 89 84 18
167 430 84 2
511 434 84 1
130 445 84 5
122 148 84 13
243 235 84 11
307 7 84 7
342 147 84 4
189 142 84 12
166 500 84 2
413 4 84 4
143 232 84 13
316 195 84 17
281 386 84 13
497 23 84 14
345 265 84 13
368 24 84 1
204 365 84 3
398 69 84 15
350 234 84 3
299 99 84 18
337 304 84 13
320 134 84 1
188 415 84 13
16 426 84 11
52 223 84 7
323 44 84 18
178 309 84 13
116 221 84 18
196 23 84 10
227 384 84 2
324 173 84 10
104 492 84 3
141 195 84 6
16 210 84 11
522 323 84 3
198 161 84 15
506 338 84 14
84 453 84 11
402 163 84 3
405 390 84 10
507 228 84 7
489 331 84 16
543 471 84 8
525 486 84 12
448 522 84 13
531 172 84 8
234 130 84 13
245 276 84 15
476 130 84 15
307 534 84 9
459 9 84 14
299 497 84 15
145 7 84 3
185 47 84 4
11 494 84 6
97 539 84 9
406 225 84 16
19 531 84 17
85 521 84 5
314 281 84 6
446 192 84 20
259 5 84 16
464 149 84 18
530 395 84 14
112 405 84 11
154 17 84 15
429 484 84 12
348 17 84 3
543 102 84 10
381 477 84 8
206 437 84 14
101 210 84 13
70 126 84 6
530 109 84 6
4 282 84 10
33 435 84 9
53 378 84 11
297 241 84 8
39 236 84 15
301 69 84 10
359 337 84 18
61 499 84 3
314 21 84 1
231 65 84 5
58 130 84 18
351 162 84 19
113 214 84 14
420 25 84 20
258 125 84 5
198 488 84 14
66 299 84 3
371 359 84 19
401 187 84 3
9 480 84 10
272 537 84 3
331 402 84 2
278 514 84 7
180 448 84 7
259 158 84 18
151 355 84 8
111 483 84 9
531 368 84 2
293 221 84 19
200 291 84 18
172 15 84 16
335 408 84 2
50 138 84 16
103 379 84 16
243 153 84 14
22 303 84 3
288 475 84 14
305 458 84 8
195 265 84 2
333 527 84 14
342 151 84 6
463 485 84 17
377 49 84 17
380 214 84 18
284 518 84 5
345 539 84 18
337 279 84 6
265 98 84 7
13 292 84 16
43 77 84 2
364 480 84 7
153 458 84 13
410 287 84 13
320 181 84 6
62 464 84 18
502 323 84 10
213 113 84 9
397 439 84 3
7 451 84 13
428 493 84 2
343 310 84 6
470 524 84 2
49 448 84 3
223 221 84 5
188 282 84 6
122 236 84 9
48 448 84 19
313 360 84 10
129 366 84 1
297 308 84 13
57 103 84 12
297 87 84 3
508 135 84 19
459 357 84 11
105 59 84 1
214 181 84 5
99 290 84 2
220 117 84 16
170 245 84 18
147 57 84 11
70 175 84 20
363 471 84 11
86 494 84 8
318 405 84 15
285 24 84 19
533 237 84 20
531 398 84 16
430 70 84 7
203 302 84 17
341 448 84 9
239 517 84 4
301 395 84 1
511 542 84 20
246 312 84 16
462 111 84 13
127 96 84 8
96 79 84 18
292 24 84 5
57 226 84 17
191 82 84 14
381 320 84 10
199 136 84 15
2 99 84 4
360 407 84 15
28 321 84 18
266 509 84 17
317 57 84 16
157 410 84 17
190 528 84 19
524 172 84 6
273 5 84 20
54 265 84 1
291 328 84 19
460 140 84 20
455 167 84 3
75 494 84 6
337 326 84 8
193 544 84 4
133 186 84 12
299 224 84 9
546 11 84 15
143 127 84 12
421 417 84 10
313 330 84 10
126 299 84 17
321 374 84 13
477 163 84 7
204 417 84 8
402 3 84 20
519 301 84 3
321 362 84 7
190 19 84 12
324 439 84 12
300 267 84 3
415 454 84 7
212 290 84 12
80 281 84 6
210 547 84 6
337 401 84 15
163 434 84 15
213 208 84 12
335 459 84 5
521 235 84 7
91 49 84 15
53 464 84 8
251 190 84 5
337 269 84 7
100 541 84 12
280 330 84 15
462 7 84 17
522 281 84 9
395 68 84 5
287 103 84 10
194 256 84 11
367 308 84 11
508 73 84 6
392 409 84 7
9 23 84 2
234 303 84 10
374 279 84 11
339 253 84 10
88 163 84 11
234 511 84 19
129 157 84 15
134 523 84 5
56 483 84 3
291 389 84 12
247 459 84 14
197 207 84 17
537 34 84 11
399 372 84 20
542 460 84 14
267 208 84 2
156 398 84 6
239 531 84 4
143 101 84 3
120 391 84 9
19 91 84 18
3 349 84 15
227 400 84 13
307 252 84 20
92 308 84 5
101 89 84 12
73 244 84 14
263 544 84 18
428 140 84 17
43 321 84 18
47 401 84 18
25 404 84 7
147 145 84 6
364 513 84 18
405 57 84 12
483 219 84 18
220 291 84 19
355 68 84 16
473 495 84 7
206 53 84 14
330 161 84 9
544 185 84 8
74 393 84 7
4 209 84 18
246 129 84 10
249 64 84 18
339 283 84 13
188 152 84 2
96 77 84 18
142 345 84 13
24 127 84 7
368 186 84 8
83 321 84 20
4 324 84 17
376 23 84 8
320 271 84 1
544 124 84 8
511 374 84 1
61 469 84 11
106 125 84 5
202 148 84 8
521 30 84 14
540 112 84 17
404 116 84 5
476 6 84 17
192 387 84 4
32 445 84 4
217 409 84 18
7 469 84 10
482 89 84 18
207 353 84 13
120 388 84 9
219 380 84 3
153 236 84 12
410 227 84 13
267 480 84 1
393 26 84 19
158 243 84 13
296 249 84 12
479 183 84 8
240 389 84 11
210 23 84 11
209 241 84 14
444 455 84 5
247 380 84 19
56 99 84 16
375 491 84 16
529 102 84 19
60 459 84 9
121 453 84 16
270 207 84 4
225 416 84 13
82 139 84 7
256 36 84 4
243 282 84 11
456 399 84 1
178 288 84 1
411 270 84 15
400 391 84 12
153 26 84 20
87 357 84 9
472 96 84 3
394 177 84 18
9 495 84 9
141 190 84 19
105 161 84 19
229 338 84 11
297 263 84 4
42 116 84 11
246 268 84 3
355 354 84 11
185 340 84 3
430 186 84 11
267 257 84 18
200 397 84 12
477 17 84 10
59 307 84 15
475 56 84 20
190 160 84 18
295 405 84 14
487 213 84 19
488 459 84 14
100 342 84 17
436 61 84 16
233 322 84 18
282 252 84 12
491 372 84 18
6 361 84 10
330 3 84 1
284 297 84 2
505 236 84 5
47 238 84 18
476 338 84 2
59 288 84 7
506 35 84 13
256 379 84 7
146 322 84 3
281 389 84 7
533 233 84 14
459 516 84 6
180 473 84 5
238 520 84 2
145 510 84 2
455 83 84 16
340 42 84 13
546 359 84 5
519 505 84 13
315 300 84 10
472 285 84 9
145 196 84 17
177 437 84 17
443 189 84 6
462 395 84 13
333 302 84 12
491 156 84 9
261 155 84 5
346 188 84 8
268 502 84 19
94 488 84 7
152 148 84 12
178 324 84 8
192 281 84 18
240 196 84 13
251 528 84 4
344 534 84 19
540 309 84 1
62 107 84 17
89 375 84 9
414 530 84 9
477 134 84 17
311 373 84 3
35 18 84 19
10 319 84 11
317 22 84 20
440 427 84 20
234 481 84 8
182 543 84 8
317 84 84 1
469 12 84 8
76 488 84 1
377 314 84 5
454 348 84 15
264 419 84 12
332 188 84 6
504 143 84 18
53 438 84 18
519 73 84 13
59 451 84 11
521 434 84 2
479 24 84 6
24 400 84 13
488 306 84 2
484 85 84 12
251 478 84 5
102 434 84 6
442 1 84 13
230 34 84 17
75 92 84 14
3 127 84 14
4 59 84 7
493 82 84 3
263 84 84 18
443 20 84 8
432 270 84 11
185 434 84 6
81 328 84 12
476 72 84 12
396 146 84 2
281 210 84 1
115 213 84 2
520 221 84 13
230 545 84 18
307 440 84 15
469 386 84 12
75 24 84 17
177 104 84 8
340 94 84 2
52 489 84 15
402 284 84 5
393 461 84 5
505 433 84 5
150 115 84 5
488 421 84 17
297 404 84 6
438 541 84 15
465 232 84 2
334 86 84 11
212 137 84 14
359 538 84 20
106 446 84 11
66 403 84 5
307 67 84 16
546 69 84 2
193 428 84 9
163 318 84 1
218 298 84 15
438 84 84 11
204 358 84 11
520 169 84 10
25 275 84 7
53 340 84 8
450 161 84 5
539 222 84 17
501 414 84 9
319 91 84 4
193 370 84 19
297 322 84 13
487 40 84 18
329 12 84 8
161 98 84 8
500 150 84 14
147 115 84 11
469 106 84 2
375 59 84 12
99 439 84 2
265 84 84 6
118 443 84 5
55 382 84 1
411 225 84 19
327 385 84 18
31 337 84 18
137 545 84 18
465 529 84 2
467 356 84 19
397 517 84 13
417 234 84 14
383 413 84 15
61 468 84 18
387 331 84 15
239 172 84 5
188 203 84 4
287 401 84 13
77 318 84 14
519 237 84 7
534 148 84 19
441 17 84 14
493 461 84 10
502 521 84 20
345 422 84 5
413 113 84 19
443 300 84 15
200 102 84 18
78 178 84 18
485 150 84 4
215 198 84 15
461 91 84 16
455 98 84 8
314 52 84 15
156 459 84 9
390 386 84 16
248 281 84 18
371 542 84 19
346 73 84 20
154 10 84 11
259 224 84 2
512 199 84 16
295 106 84 16
539 481 84 18
270 151 84 9
423 55 84 15
140 303 84 19
281 126 84 18
461 471 84 15
334 139 84 12
417 398 84 11
213 424 84 10
100 171 84 18
146 162 84 20
243 494 84 17
314 369 84 11
161 23 84 6
350 304 84 4
534 217 84 7
243 65 84 19
23 544 84 9
26 209 84 11
289 308 84 9
172 453 84 5
51 211 84 15
142 524 84 19
287 137 84 1
188 1 84 9
275 535 84 13
348 230 84 14
13 253 84 9
136 340 84 11
136 144 84 9
306 377 84 4
214 489 84 19
69 83 84 14
291 432 84 11
51 134 84 1
52 408 84 12
394 271 84 10
253 283 84 15
170 418 84 13
233 6 84 8
181 373 84 13
520 102 84 17
36 170 84 18
76 522 84 20
375 26 84 16
66 139 84 14
291 532 84 19
261 299 84 2
544 468 84 15
73 216 84 6
354 396 84 17
465 430 84 2
32 528 84 19
228 118 84 15
371 492 84 13
161 11 84 9
359 363 84 1
280 138 84 20
545 197 84 4
134 269 84 18
337 138 84 6
365 55 84 9
495 148 84 12
308 375 84 1
96 260 84 18
33 421 84 20
47 232 84 14
169 27 84 4
42 86 84 10
445 219 84 4
516 8 84 12
436 373 84 19
362 320 84 1
206 142 84 7
229 300 84 18
196 332 84 16
236 378 84 18
91 61 84 3
145 103 84 12
396 547 84 18
430 516 84 12
539 466 84 17
279 280 84 15
104 547 84 4
427 228 84 11
463 485 84 8
434 173 84 14
90 325 84 11
442 532 84 9
271 380 84 19
381 262 84 3
498 315 84 14
17 46 84 4
402 211 84 12
381 152 84 10
175 68 84 8
300 501 84 16
255 105 84 17
333 547 84 17
28 270 84 18
208 165 84 11
417 177 84 3
60 193 84 8
528 47 84 2
449 490 84 19
111 117 84 17
196 416 84 15
31 185 84 17
128 33 84 11
271 60 84 16
246 329 84 20
544 261 84 8
62 320 84 14
234 362 84 14
69 263 84 2
117 374 84 1
171 84 84 18
302 114 84 6
537 303 84 12
225 88 84 12
244 333 84 3
427 391 84 1
302 514 84 11
308 200 84 5
422 330 84 13
478 447 84 10
103 132 84 3
205 433 84 14
6 484 84 17
449 161 84 14
404 466 84 16
140 346 84 11
199 162 84 15
29 469 84 5
221 343 84 12
191 273 84 17
533 437 84 5
474 94 84 14
44 162 84 12
525 63 84 7
484 528 84 16
353 120 84 20
4 380 84 6
230 409 84 18
170 144 84 11
440 334 84 4
62 382 84 3
424 370 84 3
186 413 84 3
432 452 84 14
353 451 84 7
130 256 84 5
377 321 84 3
238 3 84 17
82 235 84 7
269 127 84 20
182 189 84 11
46 127 84 2
65 313 84 17
308 259 84 14
65 64 84 17
350 255 84 13
269 146 84 2
20 383 84 20
242 465 84 13
60 248 84 4
211 491 84 20
259 51 84 5
67 116 84 17
411 485 84 15
113 2 84 9
265 351 84 3
126 72 84 19
307 154 84 16
5 395 84 10
547 454 84 11
59 179 84 16
368 437 84 9
318 18 84 10
34 491 84 17
69 56 84 4
168 383 84 12
36 23 84 3
49 391 84 6
445 457 84 10
335 456 84 1
411 514 84 2
492 396 84 1
76 167 84 13
385 262 84 4
83 392 84 19
330 74 84 9
443 109 84 3
80 158 84 14
417 117 84 1
54 452 84 18
206 377 84 18
51 321 84 10
271 458 84 1
24 357 84 16
266 440 84 5
79 284 84 14
336 241 84 15
6 320 84 12
128 251 84 8
98 304 84 3
38 24 84 20
491 75 84 6
308 407 84 9
291 492 84 20
535 273 84 18
201 413 84 14
425 202 84 5
210 269 84 11
277 397 84 7
398 9 84 12
423 46 84 20
339 51 84 11
90 359 84 5
298 102 84 20
316 152 84 14
350 352 84 9
59 229 84 14
70 500 84 15
462 229 84 20
496 79 84 14
411 16 84 6
349 416 84 1
423 505 84 1
418 318 84 18
358 148 84 14
85 498 84 18
163 71 84 11
503 140 84 7
18 116 84 3
538 127 84 12
457 537 84 10
483 338 84 14
75 275 84 15
509 207 84 20
75 80 84 16
339 164 84 13
407 388 84 16
218 344 84 1
44 423 84 19
98 414 84 7
354 385 84 17
79 321 84 20
282 457 84 6
504 418 84 19
496 493 84 11
88 346 84 7
178 206 84 2
399 485 84 15
213 528 84 20
142 140 84 3
259 494 84 13
303 87 84 12
261 368 84 12
493 324 84 14
446 334 84 18
417 422 84 17
128 114 84 1
164 27 84 8
59 239 84 7
438 442 84 10
198 153 84 11
342 517 84 7
322 292 84 17
210 237 84 13
31 136 84 16
406 67 84 12
33 194 84 14
411 419 84 17
242 477 84 3
54 429 84 12
67 141 84 8
26 483 84 1
133 319 84 20
61 528 84 20
437 74 84 1
537 479 84 13
26 26 84 6
299 437 84 10
536 193 84 10
527 308 84 7
413 374 84 1
513 461 84 18
35 47 84 17
458 169 84 2
24 58 84 5
395 109 84 7
286 196 84 6
369 494 84 13
386 545 84 15
333 524 84 12
285 451 84 3
315 416 84 8
343 513 84 16
203 485 84 3
44 23 84 3
505 418 84 1
475 156 84 18
408 524 84 9
354 425 84 20
492 272 84 17
391 9 84 18
117 323 84 16
365 180 84 18
174 383 84 7
151 426 84 4
310 446 84 20
31 373 84 16
9 295 84 1
480 101 84 5
464 107 84 9
424 498 84 19
287 129 84 8
81 8 84 20
449 181 84 17
146 393 84 8
474 218 84 16
187 248 84 12
540 318 84 9
384 250 84 3
106 166 84 8
160 42 84 20
161 391 84 1
61 471 84 18
140 373 84 18
55 33 84 8
457 21 84 17
210 207 84 18
459 261 84 8
393 97 84 15
4 264 84 4
206 486 84 17
483 161 84 13
340 221 84 19
205 360 84 11
311 414 84 16
325 385 84 13
494 47 84 9
425 20 84 19
126 412 84 15
139 415 84 3
379 136 84 10
113 133 84 7
238 472 84 13
348 191 84 15
345 17 84 15
436 341 84 6
62 288 84 17
441 227 84 17
48 415 84 16
360 68 84 18
389 446 84 12
418 11 84 17
60 310 84 6
469 110 84 15
206 516 84 15
356 466 84 1
343 527 84 12
439 482 84 5
8 529 84 8
50 404 84 15
21 307 84 1
190 178 84 15
428 299 84 8
168 221 84 16
161 488 84 3
169 296 84 14
33 91 84 3
246 45 84 8
139 114 84 9
507 225 84 2
458 245 84 1
306 434 84 6
165 377 84 3
396 59 84 17
251 219 84 14
136 450 84 4
487 482 84 17
271 181 84 16
51 381 84 2
421 402 84 18
39 312 84 13
25 71 84 4
250 297 84 6
226 145 84 4
485 457 84 18
136 108 84 9
145 47 84 1
244 379 84 6
449 429 84 8
220 303 84 7
277 403 84 8
31 489 84 1
219 253 84 4
298 478 84 3
498 477 84 7
369 66 84 17
142 272 84 18
458 515 84 6
470 478 84 18
376 150 84 12
137 488 84 5
210 518 84 17
414 252 84 13
306 64 84 8
467 14 84 13
537 382 84 7
167 38 84 9
452 11 84 15
507 542 84 20
21 370 84 17
383 22 84 3
54 231 84 15
274 97 84 3
262 465 84 4
118 384 84 3
27 435 84 7
2 54 84 14
185 505 84 15
460 527 84 16
117 547 84 16
471 382 84 2
279 497 84 13
58 286 84 10
150 547 84 7
244 179 84 7
413 205 84 16
416 206 84 10
519 453 84 10
85 427 84 2
192 543 84 3
184 528 84 17
196 260 84 7
439 379 84 15
355 529 84 9
188 225 84 12
466 152 84 5
84 82 84 13
364 116 84 2
116 200 84 14
395 454 84 1
249 90 84 10
485 347 84 17
124 238 84 4
171 107 84 4
218 356 84 13
442 274 84 5
386 419 84 14
51 297 84 18
167 413 84 3
225 322 84 3
278 23 84 18
311 23 84 9
57 208 84 2
243 378 84 16
410 48 84 7
316 490 84 19
373 390 84 13
511 440 84 4
280 122 84 7
248 408 84 3
184 138 84 15
209 448 84 18
95 19 84 11
281 323 84 8
27 185 84 11
128 500 84 2
17 325 84 13
325 351 84 2
445 83 84 9
491 330 84 20
312 513 84 3
217 236 84 3
206 392 84 18
340 126 84 9
304 152 84 13
378 341 84 4
394 357 84 16
315 197 84 1
190 156 84 1
248 99 84 6
166 472 84 10
283 141 84 10
300 408 84 18
460 200 84 8
334 504 84 11
454 396 84 17
41 305 84 17
500 134 84 10
277 385 84 4
198 85 84 17
448 312 84 1
240 47 84 20
267 408 84 13
77 321 84 8
135 169 84 6
283 75 84 9
285 177 84 5
97 192 84 11
167 530 84 20
392 181 84 12
169 143 84 14
479 383 84 20
382 102 84 16
208 240 84 16
234 375 84 4
215 172 84 20
169 456 84 20
365 68 84 10
209 296 84 2
437 141 84 9
202 371 84 4
340 302 84 7
524 198 84 19
22 406 84 3
448 92 84 1
496 368 84 8
132 537 84 12
7 416 84 10
11 140 84 11
60 29 84 1
288 293 84 5
174 85 84 7
380 62 84 14
203 83 84 11
265 530 84 9
216 540 84 14
338 125 84 13
368 193 84 10
43 204 84 12
498 325 84 14
61 65 84 10
56 239 84 5
352 133 84 7
298 397 84 15
165 114 84 5
184 329 84 19
24 119 84 10
462 2 84 17
284 44 84 20
244 56 84 1
295 116 84 20
91 233 84 1
519 37 84 10
460 334 84 8
61 13 84 19
191 197 84 1
313 220 84 15
137 197 84 11
91 480 84 3
310 238 84 9
368 48 84 1
490 138 84 3
366 109 84 1
436 84 84 20
293 206 84 12
388 396 84 16
265 161 84 5
322 297 84 4
442 449 84 14
58 273 84 7
276 93 84 15
124 36 84 19
204 463 84 17
382 351 84 14
346 158 84 5
323 546 84 6
496 263 84 11
404 99 84 7
507 540 84 8
58 50 84 3
393 387 84 2
228 510 84 18
262 228 84 19
467 124 84 6
270 469 84 19
278 307 84 15
134 317 84 7
213 173 84 17
103 195 84 7
441 314 84 19
20 159 84 5
177 448 84 1
430 224 84 9
114 144 84 5
85 475 84 12
276 206 84 18
403 339 84 14
307 4 84 7
371 106 84 2
365 62 84 16
470 81 84 15
414 257 84 1
382 202 84 9
92 315 84 2
472 461 84 5
289 190 84 15
411 107 84 9
303 476 84 4
430 299 84 4
265 179 84 3
414 101 84 15
173 30 84 15
442 473 84 7
387 18 84 14
537 4 84 1
129 354 84 15
474 218 84 6
63 35 84 15
264 526 84 10
24 244 84 10
392 110 84 5
356 282 84 18
29 238 84 17
512 77 84 15
277 128 84 4
502 319 84 18
432 245 84 16
468 369 84 11
432 85 84 16
209 109 84 18
165 15 84 20
221 370 84 1
430 460 84 12
502 424 84 11
107 153 84 9
324 170 84 12
347 54 84 18
103 521 84 3
440 467 84 3
208 128 84 12
282 292 84 12
526 27 84 19
20 456 84 5
299 473 84 2
169 32 84 1
228 417 84 4
121 216 84 17
257 318 84 17
215 210 84 18
319 480 84 18
531 276 84 1
334 254 84 13
507 336 84 9
46 87 84 7
132 317 84 13
370 59 84 10
231 179 84 20
206 436 84 5
217 165 84 1
146 483 84 10
265 528 84 2
191 314 84 8
205 274 84 1
127 381 84 20
37 512 84 15
39 396 84 7
458 141 84 18
545 409 84 15
402 78 84 20
46 285 84 19
107 65 84 11
505 255 84 20
125 521 84 15
79 100 84 1
182 198 84 7
115 299 84 17
107 209 84 16
278 206 84 11
398 122 84 11
198 168 84 13
479 336 84 15
194 356 84 1
284 480 84 3
162 73 84 2
420 254 84 15
95 431 84 16
227 537 84 6
500 329 84 16
87 180 84 11
298 439 84 10
371 370 84 14
445 16 84 5
351 361 84 14
167 522 84 10
207 394 84 3
445 3 84 9
433 230 84 6
145 182 84 2
123 269 84 13
285 81 84 18
67 451 84 8
247 411 84 8
296 214 84 7
278 442 84 13
332 102 84 20
216 546 84 4
469 493 84 15
226 152 84 8
249 337 84 4
29 74 84 5
246 141 84 13
286 449 84 17
404 197 84 14
335 474 84 10
302 320 84 19
116 536 84 3
480 457 84 18
525 197 84 4
267 445 84 6
401 535 84 6
69 296 84 4
187 34 84 2
292 437 84 16
1 286 84 13
213 41 84 20
42 156 84 9
415 88 84 12
249 128 84 14
235 394 84 9
71 248 84 20
466 316 84 6
516 17 84 6
529 308 84 14
192 370 84 14
328 97 84 5
360 200 84 6
381 68 84 18
372 316 84 2
13 65 84 17
160 136 84 7
294 54 84 16
239 85 84 8
217 128 84 19
146 319 84 14
361 161 84 3
131 521 84 19
119 354 84 10
194 178 84 17
458 190 84 14
21 349 84 8
441 158 84 16
205 396 84 20
533 65 84 1
135 210 84 8
169 86 84 3
361 216 84 19
205 396 84 12
179 42 84 10
406 14 84 13
212 35 84 7
154 537 84 18
211 194 84 16
352 241 84 2
135 376 84 5
175 59 84 7
438 481 84 4
126 138 84 20
230 316 84 6
511 236 84 1
496 510 84 3
283 178 84 2
289 388 84 2
143 254 84 9
123 388 84 15
313 78 84 1
40 30 84 13
45 155 84 10
508 446 84 8
465 409 84 1
435 358 84 1
502 155 84 16
10 444 84 13
321 101 84 15
326 286 84 18
282 51 84 6
235 152 84 9
182 259 84 18
267 219 84 3
183 136 84 15
396 23 84 9
24 524 84 19
376 49 84 7
21 369 84 16
528 209 84 10
390 491 84 14
330 240 84 2
360 421 84 2
545 141 84 9
144 385 84 12
151 233 84 8
515 256 84 14
1 84 84 1
478 166 84 2
23 208 84 12
400 50 84 11
280 441 84 7
373 316 84 5
178 375 84 5
262 518 84 15
482 121 84 7
239 150 84 1
519 151 84 4
363 81 84 16
28 103 84 3
510 17 84 14
389 296 84 16
506 183 84 16
12 360 84 3
205 137 84 13
235 71 84 6
497 309 84 8
529 280 84 12
97 157 84 9
439 184 84 14
441 209 84 8
493 50 84 16
15 70 84 19
337 82 84 12
1 286 84 2
183 521 84 1
1 532 84 8
515 514 84 8
147 125 84 3
406 79 84 4
344 519 84 4
236 526 84 5
485 540 84 2
431 391 84 10
190 392 84 13
85 27 84 18
112 89 84 19
385 56 84 19
515 264 84 1
254 122 84 1
238 527 84 13
369 215 84 13
125 214 84 14
436 98 84 13
281 349 84 6
474 434 84 13
92 545 84 10
304 445 84 18
482 412 84 6
300 180 84 16
257 417 84 19
124 300 84 16
32 425 84 20
541 313 84 19
346 109 84 8
543 35 84 7
343 188 84 4
169 492 84 3
175 488 84 19
445 302 84 6
289 12 84 20
174 197 84 15
274 290 84 17
103 283 84 19
90 82 84 17
426 139 84 8
101 481 84 9
383 164 84 19
14 401 84 8
119 298 84 3
464 39 84 10
132 212 84 9
38 1 84 3
429 165 84 19
101 254 84 8
428 133 84 16
304 295 84 19
368 130 84 14
499 206 84 3
24 386 84 11
460 302 84 5
359 434 84 4
517 533 84 2
418 476 84 11
54 30 84 1
380 457 84 8
297 214 84 2
271 96 84 17
346 47 84 5
337 71 84 8
77 530 84 8
465 403 84 19
517 373 84 4
84 243 84 3
362 358 84 7
408 190 84 12
40 1 84 16
451 271 84 8
21 131 84 10
344 467 84 18
504 59 84 6
419 38 84 4
282 7 84 11
192 152 84 14
31 28 84 19
445 435 84 5
284 474 84 15
398 439 84 11
122 522 84 14
440 318 84 12
342 274 84 6
351 208 84 1
153 4 84 12
389 196 84 20
382 288 84 11
123 185 84 13
177 531 84 7
231 443 84 12
8 18 84 2
462 519 84 17
413 375 84 9
422 178 84 12
468 330 84 8
35 233 84 9
362 67 84 9
231 251 84 15
535 427 84 1
280 110 84 18
525 179 84 6
198 94 84 18
249 21 84 8
27 443 84 12
74 363 84 7
125 460 84 13
494 336 84 13
542 20 84 19
289 7 84 5
19 348 84 15
191 387 84 1
443 37 84 7
118 348 84 4
168 374 84 18
458 510 84 1
45 87 84 3
411 33 84 3
359 89 84 4
11 377 84 10
213 395 84 7
524 101 84 7
467 543 84 2
18 175 84 10
137 405 84 11
212 377 84 15
103 421 84 2
30 346 84 20
231 220 84 19
512 292 84 15
315 504 84 18
526 480 84 4
515 400 84 3
118 479 84 20
5 68 84 7
328 342 84 3
128 506 84 18
14 536 84 13
57 219 84 3
126 245 84 19
86 74 84 1
503 53 84 7
535 20 84 14
77 137 84 4
341 204 84 15
461 46 84 18
411 174 84 5
295 249 84 17
40 305 84 9
4 492 84 4
259 93 84 9
532 110 84 5
191 98 84 10
310 174 84 11
361 29 84 4
57 490 84 3
31 415 84 11
511 224 84 9
494 264 84 19
148 329 84 9
109 103 84 4
143 87 84 1
229 339 84 16
396 102 84 11
215 524 84 16
237 33 84 19
305 126 84 6
60 89 84 11
126 98 84 9
497 307 84 2
327 415 84 13
187 72 84 18
218 362 84 18
347 273 84 16
164 487 84 15
71 177 84 12
406 543 84 14
122 55 84 17
124 181 84 8
389 192 84 3
498 518 84 11
161 219 84 6
520 436 84 18
124 297 84 3
437 522 84 3
242 46 84 14
142 513 84 2
166 149 84 2
341 273 84 17
66 114 84 6
98 126 84 5
59 287 84 13
153 259 84 18
62 444 84 17
243 396 84 2
364 152 84 6
175 293 84 11
529 521 84 15
452 314 84 3
70 380 84 7
426 477 84 10
267 535 84 15
326 202 84 19
397 264 84 1
156 506 84 19
499 384 84 15
401 74 84 6
269 117 84 4
285 83 84 17
26 152 84 13
4 92 84 6
46 358 84 14
498 198 84 15
115 47 84 5
237 265 84 18
207 278 84 18
390 131 84 17
319 399 84 9
283 198 84 7
499 223 84 19
61 227 84 18
162 334 84 12
311 285 84 1
53 461 84 6
120 150 84 12
146 418 84 4
132 260 84 16
129 94 84 17
304 376 84 7
14 389 84 6
422 512 84 2
436 126 84 16
260 436 84 1
281 4 84 16
472 123 84 5
381 330 84 14
19 461 84 9
397 104 84 8
142 407 84 6
84 482 84 6
310 356 84 18
216 244 84 15
517 18 84 11
70 360 84 15
145 285 84 19
369 118 84 14
463 198 84 15
331 48 84 20
293 251 84 19
83 334 84 20
323 96 84 11
528 373 84 11
372 404 84 9
167 535 84 19
27 132 84 5
10 500 84 3
384 477 84 4
186 323 84 16
154 130 84 7
529 212 84 3
291 49 84 10
532 91 84 4
470 525 84 18
426 206 84 2
256 233 84 13
308 304 84 5
54 202 84 13
544 449 84 4
50 56 84 2
352 99 84 8
503 389 84 19
264 373 84 18
397 358 84 6
449 236 84 13
427 491 84 18
51 313 84 19
236 428 84 17
351 424 84 19
303 473 84 15
384 340 84 12
191 295 84 1
109 11 84 12
179 469 84 16
226 371 84 13
478 312 84 9
540 424 84 4
357 112 84 8
438 525 84 17
358 342 84 9
457 241 84 20
45 493 84 12
145 116 84 18
70 294 84 2
353 519 84 8
385 512 84 14
423 504 84 20
225 375 84 14
455 265 84 17
76 137 84 8
169 46 84 3
117 152 84 13
358 296 84 6
63 366 84 9
360 233 84 1
418 70 84 1
364 7 84 11
124 232 84 17
57 201 84 1
30 338 84 7
344 21 84 15
413 137 84 2
427 495 84 2
10 72 84 17
496 431 84 11
406 363 84 8
342 179 84 18
234 364 84 3
15 482 84 15
123 511 84 18
306 369 84 12
111 234 84 10
5 114 84 10
257 185 84 6
327 133 84 7
82 53 84 12
516 394 84 2
409 142 84 12
48 219 84 11
496 341 84 1
125 161 84 15
383 271 84 9
231 276 84 6
26 47 84 19
16 374 84 2
436 455 84 1
186 485 84 10
176 408 84 1
44 455 84 20
394 465 84 19
160 42 84 15
294 425 84 16
177 170 84 10
235 258 84 10
478 273 84 13
306 224 84 1
248 471 84 8
37 162 84 5
515 205 84 4
116 51 84 1
120 272 84 3
285 81 84 11
173 257 84 18
398 7 84 12
122 484 84 10
282 242 84 19
349 489 84 18
415 526 84 11
280 8 84 1
177 123 84 20
476 243 84 6
331 527 84 19
126 214 84 15
90 64 84 10
311 247 84 15
257 43 84 3
489 391 84 14
159 259 84 18
537 53 84 19
25 229 84 17
235 219 84 9
170 3 84 2
184 190 84 11
517 279 84 17
309 104 84 9
37 422 84 1
130 425 84 3
165 36 84 4
239 87 84 8
259 174 84 1
525 408 84 13
486 30 84 17
488 214 84 16
218 245 84 7
11 7 84 13
174 105 84 7
318 235 84 5
368 461 84 6
252 152 84 2
189 472 84 4
355 449 84 11
254 449 84 14
217 389 84 18
369 121 84 17
376 193 84 1
486 367 84 8
470 137 84 7
332 19 84 12
354 271 84 12
400 459 84 19
72 328 84 7
213 96 84 18
446 312 84 11
345 195 84 18
4 23 84 5
215 508 84 14
531 493 84 13
49 339 84 3
27 145 84 13
219 544 84 10
273 130 84 5
290 405 84 12
147 303 84 17
517 163 84 1
460 166 84 16
48 380 84 8
3 426 84 2
156 474 84 14
389 16 84 3
408 296 84 4
338 21 84 18
110 310 84 14
525 519 84 5
220 3 84 9
171 462 84 6
206 24 84 17
202 26 84 8
205 243 84 17
547 85 84 16
486 7 84 16
421 344 84 7
63 515 84 4
109 8 84 19
520 289 84 3
60 459 84 13
375 117 84 5
522 381 84 6
62 38 84 14
137 37 84 17
228 522 84 7
128 458 84 5
49 520 84 4
341 144 84 6
57 178 84 20
446 237 84 18
202 126 84 15
528 162 84 19
395 223 84 3
20 360 84 11
275 102 84 19
52 229 84 17
171 277 84 6
258 132 84 8
414 188 84 19
311 148 84 20
119 349 84 7
106 330 84 6
472 239 84 6
391 258 84 13
347 533 84 18
277 37 84 5
117 269 84 19
53 527 84 17
71 455 84 7
327 219 84 13
273 337 84 5
407 442 84 1
217 429 84 14
249 272 84 8
156 71 84 13
163 409 84 15
523 40 84 19
66 93 84 19
287 163 84 20
272 489 84 14
343 277 84 18
278 198 84 17
541 414 84 11
11 115 84 2
286 270 84 11
545 495 84 18
418 470 84 9
497 50 84 11
70 398 84 11
97 123 84 12
405 527 84 12
502 257 84 6
493 313 84 3
490 385 84 16
211 123 84 11
64 183 84 4
326 53 84 3
143 2 84 16
536 133 84 9
60 291 84 2
72 148 84 15
422 102 84 15
484 110 84 4
412 52 84 15
516 324 84 18
405 387 84 15
303 228 84 12
124 370 84 19
56 358 84 2
385 417 84 13
290 3 84 16
236 424 84 18
500 422 84 18
530 286 84 19
459 317 84 10
510 174 84 13
259 477 84 14
59 115 84 5
408 232 84 5
403 69 84 15
80 420 84 8
514 170 84 5
17 123 84 5
176 167 84 4
386 78 84 3
434 102 84 12
321 422 84 13
498 481 84 1
496 341 84 11
429 196 84 15
232 338 84 4
99 366 84 6
451 444 84 13
131 72 84 12
159 457 84 9
440 405 84 2
472 178 84 4
433 128 84 12
85 139 84 20
453 20 84 6
405 313 84 1
291 473 84 1
