300 30
160 136 120 2
1 127 120 1
7 95 120 6
111 148 120 11
142 14 120 15
165 109 120 1
113 56 120 9
41 135 120 11
90 10 120 19
61 69 120 9
136 7 120 11
74 8 120 6
168 14 120 18
91 76 120 3
112 169 120 18
168 161 120 7
98 52 120 12
74 92 120 9
75 133 120 9
153 145 120 18
28 108 120 20
38 8 120 8
1 128 120 18
11 45 120 18
169 156 120 9
166 102 120 16
3 151 120 7
117 51 120 9
95 125 120 19
131 56 120 13
13 83 120 1
27 120 120 4
96 73 120 3
130 83 120 15
67 78 120 2
124 23 120 18
43 25 120 3
138 93 120 17
103 15 120 3
152 97 120 18
48 109 120 16
128 88 120 5
43 10 120 12
84 92 120 18
122 110 120 12
141 60 120 17
166 102 120 11
42 18 120 12
142 120 120 2
97 50 120 13
155 98 120 19
27 4 120 10
19 46 120 5
34 82 120 2
132 30 120 10
87 122 120 17
63 114 120 10
64 108 120 15
158 28 120 4
44 124 120 16
27 57 120 14
70 84 120 10
152 54 120 5
70 87 120 16
80 171 120 14
150 84 120 16
155 146 120 9
164 162 120 14
18 146 120 12
115 141 120 1
89 119 120 2
112 140 120 11
139 118 120 16
38 140 120 5
143 46 120 10
56 147 120 19
42 80 120 4
142 71 120 4
128 88 120 2
141 154 120 12
56 70 120 13
76 8 120 9
130 146 120 15
65 135 120 17
38 104 120 8
8 111 120 18
13 153 120 14
115 73 120 19
81 153 120 7
95 72 120 14
77 128 120 6
130 155 120 20
149 111 120 3
16 127 120 1
71 164 120 11
74 123 120 4
51 87 120 9
156 29 120 18
61 61 120 11
54 155 120 11
27 59 120 19
21 15 120 8
22 115 120 1
121 130 120 20
57 152 120 15
173 53 120 13
101 55 120 14
134 37 120 4
66 50 120 15
102 103 120 12
84 81 120 3
146 53 120 16
15 74 120 7
120 147 120 15
6 155 120 3
55 154 120 4
5 81 120 15
167 166 120 20
136 10 120 19
40 111 120 10
51 147 120 14
71 119 120 20
106 85 120 8
33 157 120 11
90 162 120 18
78 43 120 11
117 172 120 5
163 118 120 10
25 80 120 13
156 72 120 6
121 74 120 2
165 144 120 8
89 28 120 3
86 61 120 12
133 150 120 14
36 54 120 15
92 123 120 8
132 112 120 5
40 136 120 1
83 71 120 15
63 18 120 14
16 134 120 13
39 49 120 10
98 86 120 9
141 45 120 16
46 80 120 16
71 123 120 2
94 82 120 12
61 73 120 4
59 155 120 10
129 169 120 19
50 11 120 17
163 1 120 14
35 99 120 11
14 66 120 16
95 63 120 20
57 85 120 19
92 5 120 3
18 17 120 9
80 76 120 12
163 156 120 19
43 32 120 1
56 147 120 7
117 8 120 6
43 21 120 6
62 68 120 20
112 124 120 4
63 167 120 3
48 12 120 15
153 91 120 11
143 32 120 14
129 74 120 1
78 81 120 13
27 150 120 11
26 19 120 16
90 80 120 2
168 143 120 17
158 158 120 2
153 32 120 13
116 136 120 1
154 105 120 16
126 13 120 7
129 90 120 12
58 68 120 11
41 93 120 6
122 9 120 6
97 128 120 8
147 65 120 12
18 169 120 12
72 111 120 8
169 43 120 4
76 168 120 9
56 75 120 4
69 132 120 15
10 125 120 19
18 25 120 13
9 122 120 16
142 95 120 20
87 112 120 19
14 136 120 19
125 131 120 18
71 33 120 13
29 40 120 13
28 61 120 1
94 70 120 13
31 39 120 12
101 47 120 10
77 141 120 7
166 54 120 6
28 67 120 18
1 143 120 16
15 40 120 15
101 68 120 1
136 47 120 10
81 92 120 20
103 122 120 15
24 1 120 6
18 78 120 7
106 22 120 10
37 1 120 10
151 1 120 16
126 141 120 17
133 68 120 7
132 155 120 7
17 14 120 1
97 116 120 17
168 139 120 5
112 108 120 7
148 166 120 15
64 29 120 7
46 132 120 3
123 84 120 3
19 44 120 8
107 2 120 10
68 143 120 5
121 67 120 3
75 13 120 17
154 76 120 18
137 50 120 3
93 113 120 9
1 110 120 2
83 60 120 9
132 30 120 3
27 88 120 17
28 155 120 12
168 55 120 8
77 81 120 11
124 61 120 14
58 24 120 15
157 68 120 15
112 20 120 16
24 103 120 12
20 61 120 12
11 40 120 2
3 19 120 20
138 138 120 15
165 41 120 7
109 117 120 12
2 1 120 4
70 110 120 17
76 48 120 2
19 23 120 12
21 168 120 17
129 5 120 5
151 8 120 1
155 145 120 16
164 88 120 18
81 148 120 10
57 150 120 13
9 171 120 10
152 73 120 1
142 92 120 16
61 64 120 6
166 145 120 1
88 122 120 18
154 103 120 4
60 94 120 7
131 126 120 8
97 9 120 10
63 142 120 19
139 121 120 2
40 41 120 17
89 102 120 3
132 46 120 16
132 133 120 9
90 114 120 16
145 125 120 9
66 34 120 14
134 130 120 15
131 19 120 2
76 109 120 17
142 101 120 1
30 16 120 16
155 100 120 7
77 10 120 2
121 51 120 2
95 22 120 14
65 39 120 3
161 125 120 2
44 34 120 12
