500 71
77 55 84 5
142 11 84 1
166 9 84 4
23 27 84 4
47 46 84 5
218 123 84 14
14 183 84 17
85 28 84 11
75 107 84 11
150 155 84 17
63 116 84 6
31 34 84 11
171 85 84 14
210 107 84 1
69 153 84 6
190 32 84 5
104 46 84 6
11 15 84 3
222 89 84 4
17 123 84 15
150 185 84 2
114 100 84 9
204 155 84 16
71 142 84 14
73 95 84 5
120 170 84 10
175 50 84 17
73 168 84 12
114 52 84 9
30 176 84 13
101 102 84 10
172 215 84 6
53 80 84 3
19 36 84 6
199 108 84 10
85 5 84 6
3 64 84 19
74 136 84 7
44 134 84 3
210 164 84 14
52 149 84 8
72 97 84 14
191 149 84 4
18 52 84 10
210 27 84 4
43 112 84 4
160 222 84 2
211 181 84 8
92 109 84 11
24 96 84 20
131 32 84 17
1 103 84 7
194 70 84 15
20 88 84 11
212 182 84 6
180 1 84 7
146 160 84 3
174 147 84 19
115 124 84 10
75 147 84 15
197 55 84 14
130 163 84 10
158 133 84 10
220 37 84 6
111 25 84 19
136 90 84 14
157 12 84 8
176 70 84 12
153 185 84 3
123 36 84 19
188 117 84 18
169 131 84 7
30 66 84 2
184 170 84 16
86 165 84 8
170 185 84 15
30 118 84 12
158 71 84 1
94 223 84 8
153 7 84 8
20 79 84 20
165 24 84 2
134 54 84 11
12 122 84 13
150 207 84 8
90 38 84 15
3 176 84 18
151 218 84 10
145 196 84 2
208 125 84 3
191 29 84 11
67 193 84 15
74 103 84 1
139 223 84 6
151 149 84 20
212 123 84 20
11 126 84 9
151 53 84 18
23 82 84 10
2 174 84 7
210 141 84 8
50 207 84 1
137 166 84 14
46 189 84 7
192 116 84 7
91 212 84 11
27 223 84 16
139 35 84 2
129 166 84 9
92 167 84 8
178 154 84 18
178 88 84 14
148 109 84 14
213 155 84 16
54 8 84 3
43 98 84 4
40 9 84 4
162 32 84 8
221 46 84 2
23 137 84 3
221 91 84 8
113 154 84 15
97 186 84 12
130 175 84 10
21 5 84 3
21 155 84 14
124 195 84 2
111 133 84 5
17 16 84 15
89 146 84 18
212 144 84 4
150 141 84 1
67 14 84 1
201 144 84 17
151 49 84 19
223 69 84 14
162 77 84 19
110 72 84 13
197 89 84 18
106 62 84 2
36 158 84 3
56 84 84 2
7 35 84 10
142 13 84 15
114 48 84 12
197 48 84 5
212 94 84 15
83 88 84 11
87 169 84 7
213 51 84 5
147 86 84 11
1 27 84 4
219 33 84 6
112 174 84 13
148 172 84 14
117 146 84 2
148 19 84 10
148 102 84 13
104 73 84 5
33 170 84 2
131 94 84 19
163 94 84 1
55 89 84 20
204 200 84 5
28 9 84 3
7 11 84 18
33 158 84 11
152 190 84 3
21 178 84 15
59 210 84 16
32 2 84 20
90 49 84 17
60 103 84 11
169 192 84 13
6 104 84 7
15 110 84 14
161 142 84 2
218 178 84 12
146 199 84 8
38 34 84 14
208 65 84 8
24 39 84 18
42 206 84 9
34 152 84 9
110 42 84 19
194 56 84 20
174 217 84 17
88 96 84 7
76 19 84 15
134 164 84 9
172 148 84 10
211 57 84 9
75 98 84 17
150 16 84 15
78 125 84 7
109 204 84 6
26 154 84 11
77 126 84 4
198 201 84 14
178 220 84 11
77 168 84 8
39 40 84 19
33 222 84 16
10 149 84 19
130 111 84 14
184 220 84 13
64 130 84 1
159 207 84 7
12 181 84 7
214 20 84 15
19 96 84 17
86 135 84 12
94 52 84 9
84 169 84 13
198 76 84 20
214 144 84 11
209 207 84 9
135 28 84 3
70 147 84 7
206 23 84 8
115 41 84 5
76 11 84 1
76 212 84 4
75 180 84 1
106 155 84 8
25 145 84 3
163 130 84 2
93 149 84 17
5 219 84 11
206 201 84 16
203 201 84 15
180 53 84 19
69 129 84 2
9 203 84 3
117 85 84 13
186 110 84 13
175 157 84 12
32 26 84 17
140 139 84 8
56 6 84 3
217 93 84 3
80 49 84 16
61 117 84 18
145 10 84 13
70 127 84 10
150 197 84 15
35 148 84 18
50 179 84 13
214 203 84 1
34 35 84 17
55 136 84 20
161 100 84 6
97 160 84 5
160 189 84 18
88 36 84 19
100 185 84 7
106 219 84 12
153 154 84 12
3 144 84 10
99 62 84 18
200 2 84 13
55 162 84 19
67 35 84 16
195 80 84 15
217 167 84 9
28 151 84 3
34 33 84 9
188 185 84 19
67 73 84 1
40 171 84 3
156 33 84 18
185 195 84 20
198 38 84 6
147 117 84 12
170 219 84 15
120 23 84 12
24 56 84 9
32 128 84 3
84 79 84 7
50 119 84 13
192 51 84 4
220 120 84 15
71 94 84 9
180 126 84 4
30 72 84 7
154 77 84 20
205 100 84 18
65 131 84 11
218 100 84 16
104 149 84 1
161 2 84 3
135 221 84 16
81 176 84 8
172 133 84 20
156 47 84 2
21 201 84 5
130 182 84 3
180 132 84 14
20 11 84 11
161 222 84 11
197 160 84 12
168 179 84 19
144 36 84 3
214 92 84 2
185 133 84 7
5 153 84 15
124 167 84 17
5 124 84 2
124 28 84 16
4 188 84 14
147 46 84 19
61 98 84 14
195 19 84 7
58 9 84 4
162 193 84 14
197 83 84 19
209 91 84 15
64 203 84 14
159 211 84 19
148 214 84 9
28 137 84 4
175 82 84 14
163 53 84 7
186 111 84 14
185 157 84 3
94 130 84 14
39 223 84 15
151 171 84 6
48 214 84 2
80 139 84 15
76 166 84 5
2 3 84 5
134 165 84 11
60 127 84 19
218 196 84 10
115 66 84 10
94 213 84 13
163 140 84 20
212 73 84 19
134 37 84 19
46 221 84 5
94 222 84 2
109 17 84 16
177 77 84 5
131 179 84 12
12 178 84 4
21 48 84 18
30 210 84 20
94 84 84 4
33 102 84 8
111 147 84 11
131 17 84 16
38 11 84 18
1 187 84 6
83 202 84 14
29 213 84 4
34 11 84 1
143 40 84 11
162 18 84 20
29 158 84 9
156 45 84 4
57 60 84 2
65 97 84 6
197 97 84 19
182 64 84 11
115 93 84 13
117 11 84 5
51 154 84 8
194 92 84 1
191 5 84 18
180 161 84 15
201 102 84 18
15 166 84 2
170 24 84 16
65 90 84 14
161 204 84 2
24 97 84 15
120 147 84 11
140 3 84 13
62 193 84 13
142 34 84 9
151 119 84 19
219 133 84 12
161 187 84 3
85 28 84 11
72 74 84 7
36 97 84 8
10 217 84 12
23 18 84 11
11 80 84 8
119 106 84 12
157 141 84 5
189 136 84 2
48 74 84 6
38 158 84 1
10 114 84 8
71 149 84 7
5 43 84 7
193 173 84 3
46 184 84 18
198 187 84 10
161 121 84 13
20 86 84 16
4 18 84 13
174 55 84 19
149 173 84 7
82 20 84 10
220 132 84 3
127 101 84 15
160 31 84 12
157 6 84 10
36 166 84 12
55 70 84 1
95 73 84 16
207 24 84 3
139 57 84 1
68 24 84 8
146 20 84 3
36 31 84 18
213 76 84 14
13 9 84 8
222 45 84 15
105 207 84 18
66 78 84 8
159 62 84 5
191 85 84 9
58 152 84 16
166 182 84 16
183 217 84 16
77 92 84 17
217 104 84 8
32 210 84 11
5 199 84 6
47 41 84 19
47 84 84 16
70 159 84 3
35 216 84 11
130 159 84 16
130 118 84 6
160 79 84 14
150 72 84 12
148 211 84 9
191 215 84 8
217 39 84 9
205 85 84 11
32 40 84 12
165 182 84 6
112 88 84 3
126 102 84 14
133 146 84 12
1 72 84 6
195 105 84 1
152 72 84 5
192 173 84 1
49 154 84 4
212 70 84 1
87 12 84 1
178 8 84 11
89 133 84 20
2 150 84 9
216 150 84 20
164 121 84 11
99 49 84 9
25 125 84 15
98 173 84 15
140 161 84 6
221 25 84 9
37 87 84 18
48 61 84 6
161 62 84 12
82 163 84 7
182 103 84 12
163 86 84 9
100 218 84 3
209 200 84 16
133 116 84 8
127 113 84 8
17 34 84 5
23 82 84 12
53 19 84 10
117 208 84 11
216 166 84 4
213 105 84 9
35 204 84 19
89 74 84 5
93 92 84 4
35 103 84 2
108 120 84 17
45 142 84 10
42 79 84 8
209 80 84 13
199 73 84 14
69 62 84 15
131 204 84 2
73 177 84 3
107 155 84 19
141 74 84 7
172 181 84 8
14 111 84 19
160 152 84 5
