500 125
21 121 48 9
160 60 48 18
17 69 48 9
103 74 48 12
117 166 48 7
35 13 48 19
170 4 48 12
166 194 48 13
39 131 48 16
182 117 48 7
57 137 48 8
42 73 48 10
205 197 48 8
100 76 48 6
66 193 48 7
138 112 48 7
139 166 48 2
195 108 48 13
107 146 48 1
58 104 48 16
61 45 48 13
184 86 48 4
143 176 48 18
55 160 48 15
149 110 48 8
185 24 48 1
118 48 48 15
170 19 48 14
185 125 48 12
107 67 48 3
146 127 48 11
97 87 48 8
6 6 48 20
112 168 48 7
178 93 48 13
98 54 48 15
129 57 48 1
210 3 48 6
67 72 48 10
177 178 48 12
160 100 48 18
79 82 48 19
76 87 48 20
141 83 48 17
26 37 48 10
21 19 48 11
40 147 48 5
213 133 48 6
182 84 48 6
159 145 48 9
95 81 48 20
41 44 48 14
74 120 48 14
219 145 48 7
194 170 48 9
154 76 48 9
52 223 48 17
6 212 48 17
70 55 48 16
90 214 48 3
64 193 48 2
138 118 48 5
178 76 48 6
82 180 48 1
176 150 48 4
83 80 48 20
117 16 48 15
75 21 48 2
50 198 48 5
108 64 48 15
196 128 48 3
27 150 48 3
124 213 48 8
2 71 48 15
24 131 48 16
100 98 48 3
29 215 48 16
64 66 48 9
196 115 48 9
160 107 48 7
221 80 48 17
137 106 48 6
55 114 48 10
163 115 48 3
221 138 48 11
97 14 48 14
45 150 48 13
9 99 48 20
217 71 48 7
61 115 48 18
76 113 48 18
104 134 48 9
173 188 48 15
116 12 48 5
14 9 48 15
42 213 48 12
167 35 48 17
61 43 48 3
127 144 48 15
85 89 48 7
34 50 48 4
170 153 48 1
73 210 48 8
89 102 48 8
219 223 48 5
148 41 48 12
90 92 48 17
175 152 48 15
27 56 48 13
166 25 48 5
88 166 48 4
115 112 48 19
52 69 48 7
61 157 48 9
81 37 48 19
218 184 48 15
7 158 48 6
52 110 48 6
25 136 48 13
27 186 48 14
117 50 48 2
141 164 48 2
94 100 48 14
33 160 48 16
73 18 48 20
105 120 48 4
69 126 48 7
9 63 48 18
209 195 48 11
18 221 48 19
182 222 48 2
65 139 48 1
167 9 48 18
222 41 48 10
210 221 48 18
119 102 48 6
211 55 48 4
15 172 48 10
35 157 48 10
191 175 48 7
195 18 48 15
25 83 48 7
126 134 48 7
212 18 48 7
12 4 48 13
159 8 48 9
203 103 48 11
143 117 48 19
36 37 48 14
9 112 48 13
203 83 48 1
57 215 48 14
164 3 48 9
165 214 48 8
92 110 48 18
124 46 48 17
34 133 48 20
107 52 48 15
128 196 48 10
191 204 48 3
89 68 48 18
5 124 48 2
111 173 48 9
13 222 48 8
46 198 48 7
76 98 48 17
113 17 48 15
30 123 48 15
171 136 48 16
125 211 48 19
190 184 48 13
223 189 48 10
133 184 48 11
159 196 48 18
169 127 48 3
181 202 48 16
122 200 48 11
196 6 48 14
99 176 48 18
196 77 48 17
159 151 48 3
75 36 48 9
6 168 48 8
217 211 48 11
88 157 48 15
49 222 48 1
216 120 48 4
175 201 48 16
142 184 48 15
129 41 48 18
103 200 48 7
38 159 48 4
153 49 48 6
6 42 48 6
55 14 48 2
114 63 48 9
152 55 48 7
51 114 48 11
178 33 48 19
34 161 48 3
74 149 48 4
42 186 48 15
37 223 48 17
92 6 48 20
19 60 48 1
210 173 48 3
68 210 48 5
38 37 48 6
209 215 48 2
116 133 48 18
64 207 48 15
96 133 48 15
63 169 48 7
78 145 48 1
19 163 48 4
197 149 48 6
98 101 48 8
54 139 48 1
8 9 48 15
217 124 48 12
25 73 48 2
205 168 48 19
123 116 48 11
149 78 48 10
180 97 48 15
155 178 48 9
188 160 48 10
206 98 48 7
146 105 48 3
185 206 48 12
134 8 48 13
65 97 48 5
129 219 48 1
23 30 48 9
61 94 48 9
147 134 48 1
44 206 48 8
41 188 48 5
176 219 48 11
89 180 48 5
17 198 48 14
11 40 48 8
172 53 48 2
2 183 48 13
17 128 48 9
129 160 48 10
187 203 48 9
74 20 48 6
167 80 48 20
141 168 48 9
205 69 48 6
162 79 48 3
214 27 48 7
147 28 48 12
109 153 48 3
50 58 48 19
123 21 48 8
64 203 48 3
192 146 48 18
200 171 48 7
164 37 48 14
211 198 48 10
182 74 48 13
97 220 48 17
187 214 48 8
74 40 48 14
4 47 48 16
29 218 48 12
65 186 48 15
73 162 48 19
24 211 48 20
152 83 48 9
28 42 48 8
146 23 48 10
183 210 48 16
35 168 48 18
51 171 48 6
196 84 48 7
97 149 48 20
143 221 48 10
21 129 48 3
159 58 48 12
156 193 48 2
3 115 48 7
177 182 48 3
119 101 48 20
99 152 48 9
119 9 48 20
134 106 48 13
111 133 48 9
134 39 48 3
145 82 48 11
123 14 48 11
142 124 48 7
68 77 48 19
204 195 48 4
60 179 48 18
195 182 48 16
191 92 48 10
219 202 48 6
130 221 48 13
61 27 48 11
157 149 48 20
107 175 48 7
63 19 48 5
85 222 48 19
93 167 48 1
29 23 48 4
197 98 48 8
23 94 48 2
205 108 48 17
87 168 48 19
50 209 48 15
26 92 48 2
10 39 48 3
71 123 48 3
211 101 48 3
83 129 48 3
136 102 48 9
166 125 48 19
60 214 48 1
173 186 48 9
90 12 48 1
39 146 48 19
163 40 48 1
190 218 48 6
100 205 48 16
177 172 48 8
161 193 48 11
127 135 48 9
187 194 48 3
15 144 48 14
11 118 48 16
214 156 48 15
171 203 48 13
57 169 48 12
59 46 48 20
53 107 48 3
61 152 48 19
170 55 48 19
65 126 48 6
173 141 48 7
129 36 48 1
96 26 48 6
93 196 48 13
129 138 48 14
160 196 48 17
58 134 48 12
127 79 48 13
50 25 48 1
107 197 48 13
20 146 48 11
69 51 48 3
127 31 48 10
3 8 48 13
81 137 48 14
212 181 48 6
166 15 48 19
2 26 48 9
98 75 48 6
133 67 48 2
70 194 48 19
141 40 48 12
138 51 48 6
46 161 48 17
35 18 48 16
160 115 48 6
35 57 48 20
151 58 48 18
7 40 48 20
2 57 48 3
78 12 48 16
185 152 48 14
119 66 48 17
76 220 48 1
156 31 48 20
149 190 48 6
208 110 48 16
166 145 48 13
149 152 48 3
200 38 48 4
209 1 48 2
182 70 48 7
193 188 48 14
32 148 48 3
140 81 48 15
150 114 48 7
166 206 48 5
123 148 48 7
22 182 48 8
184 43 48 9
180 137 48 12
71 95 48 15
114 64 48 1
222 204 48 16
211 5 48 15
115 154 48 17
93 204 48 17
181 103 48 16
75 124 48 13
5 193 48 7
80 34 48 11
41 104 48 13
185 217 48 2
179 100 48 11
205 195 48 8
88 86 48 16
84 64 48 8
171 21 48 3
183 203 48 2
145 92 48 2
42 56 48 3
183 96 48 10
195 58 48 19
156 121 48 5
204 210 48 4
34 74 48 4
16 42 48 9
87 213 48 3
36 57 48 12
217 201 48 15
144 128 48 1
212 195 48 4
161 167 48 8
103 207 48 13
29 72 48 10
150 105 48 1
19 6 48 3
173 92 48 15
10 127 48 1
156 6 48 17
171 149 48 18
126 138 48 10
176 183 48 8
169 170 48 2
166 198 48 10
35 10 48 5
199 136 48 9
182 85 48 14
147 202 48 18
168 135 48 11
167 190 48 10
177 92 48 8
159 152 48 15
192 205 48 1
93 33 48 2
181 67 48 10
143 42 48 12
2 109 48 9
60 32 48 2
129 200 48 8
204 28 48 9
89 89 48 9
219 25 48 20
193 101 48 12
5 194 48 7
122 36 48 18
134 178 48 2
57 64 48 16
65 123 48 2
160 136 48 13
165 1 48 5
137 197 48 12
84 77 48 6
68 46 48 2
34 50 48 10
139 57 48 19
196 190 48 17
186 23 48 20
54 196 48 1
176 132 48 14
45 181 48 4
163 94 48 14
147 63 48 9
40 130 48 17
34 48 48 12
105 72 48 1
97 44 48 5
42 114 48 4
51 52 48 9
66 112 48 14
102 156 48 14
31 96 48 11
41 19 48 20
127 59 48 4
36 200 48 16
103 81 48 13
2 62 48 1
91 104 48 17
202 39 48 4
170 104 48 15
154 206 48 16
95 121 48 18
130 46 48 4
112 57 48 4
1 93 48 7
153 80 48 15
153 81 48 5
81 171 48 7
7 34 48 8
