500 125
80 66 48 6
189 152 48 16
174 206 48 18
49 110 48 14
151 100 48 1
172 76 48 19
135 137 48 1
86 98 48 5
59 94 48 20
114 95 48 20
173 175 48 14
166 25 48 12
56 83 48 8
204 131 48 1
57 166 48 18
172 222 48 15
38 18 48 10
189 103 48 2
7 46 48 9
177 44 48 18
114 217 48 4
116 159 48 18
155 214 48 13
61 80 48 18
76 136 48 14
190 84 48 20
41 6 48 10
136 194 48 3
105 201 48 7
52 39 48 11
94 153 48 13
195 153 48 18
205 192 48 20
74 29 48 10
181 104 48 1
115 178 48 17
48 103 48 4
221 123 48 15
158 4 48 5
26 56 48 1
46 34 48 7
58 114 48 4
114 95 48 18
46 54 48 14
56 119 48 6
87 11 48 13
200 166 48 7
96 163 48 3
70 205 48 20
129 116 48 8
118 161 48 4
30 103 48 14
94 102 48 11
126 147 48 12
187 87 48 6
122 173 48 1
11 150 48 1
110 130 48 15
1 84 48 5
112 212 48 10
54 214 48 20
138 20 48 8
112 113 48 2
66 16 48 2
72 87 48 5
197 208 48 17
217 103 48 1
71 213 48 1
80 98 48 15
179 209 48 19
169 148 48 1
90 170 48 1
5 59 48 12
129 9 48 5
61 80 48 13
79 54 48 8
47 47 48 8
49 3 48 10
65 190 48 4
164 30 48 15
28 84 48 17
214 173 48 17
88 62 48 9
182 75 48 3
177 135 48 3
35 213 48 5
100 145 48 9
153 78 48 16
80 143 48 16
220 191 48 20
115 104 48 3
49 94 48 20
37 181 48 2
84 24 48 14
23 200 48 13
42 11 48 20
114 219 48 10
118 33 48 11
8 221 48 8
196 102 48 15
191 216 48 13
45 149 48 19
72 185 48 5
44 153 48 18
91 61 48 20
156 102 48 5
96 101 48 2
180 218 48 10
4 110 48 17
77 191 48 19
10 158 48 10
154 202 48 18
53 158 48 11
132 202 48 19
12 177 48 3
199 217 48 17
173 198 48 18
136 39 48 14
131 42 48 13
123 119 48 9
216 13 48 6
186 52 48 2
81 104 48 14
160 13 48 10
54 132 48 16
8 107 48 4
172 164 48 18
212 76 48 19
24 91 48 12
161 213 48 2
157 90 48 3
80 52 48 14
96 17 48 17
40 177 48 17
185 115 48 11
168 8 48 10
30 179 48 3
88 167 48 6
185 75 48 14
209 12 48 1
12 53 48 15
51 132 48 7
26 113 48 16
213 152 48 3
188 222 48 14
72 166 48 16
169 195 48 1
207 60 48 3
206 129 48 14
72 114 48 16
150 126 48 11
203 61 48 2
85 87 48 5
91 76 48 1
158 148 48 20
8 219 48 17
197 50 48 18
2 141 48 2
82 123 48 19
14 194 48 7
180 121 48 5
168 100 48 3
180 69 48 17
74 44 48 4
120 201 48 20
163 94 48 9
34 175 48 11
208 176 48 16
217 143 48 3
17 156 48 7
39 220 48 6
185 164 48 10
54 6 48 4
9 79 48 5
32 198 48 17
95 23 48 3
146 56 48 10
23 40 48 11
40 142 48 7
65 43 48 4
61 81 48 5
61 151 48 4
46 204 48 11
100 98 48 14
82 14 48 20
41 216 48 10
202 138 48 4
90 45 48 18
154 85 48 15
22 34 48 5
45 94 48 5
64 155 48 9
17 85 48 3
89 184 48 2
125 150 48 9
129 76 48 17
46 162 48 4
127 28 48 10
18 182 48 1
164 203 48 19
15 133 48 12
170 196 48 8
136 212 48 16
191 186 48 13
120 195 48 13
171 100 48 2
214 31 48 18
171 42 48 7
58 59 48 10
29 108 48 17
34 122 48 20
132 176 48 15
154 197 48 4
37 164 48 11
104 169 48 9
91 1 48 4
152 214 48 3
152 46 48 5
179 212 48 18
49 17 48 10
121 50 48 17
211 66 48 10
158 104 48 3
201 141 48 10
207 21 48 11
69 219 48 15
138 148 48 2
15 76 48 15
156 31 48 4
17 79 48 9
209 84 48 19
76 71 48 7
3 113 48 18
127 91 48 1
76 182 48 20
193 135 48 6
87 49 48 14
187 171 48 1
109 103 48 13
128 5 48 3
55 213 48 16
24 173 48 14
59 175 48 13
198 186 48 19
138 38 48 11
99 7 48 9
164 201 48 16
44 164 48 8
108 158 48 7
201 62 48 4
150 1 48 8
182 24 48 15
54 191 48 19
154 50 48 1
6 187 48 4
147 171 48 8
91 111 48 17
192 39 48 14
17 146 48 3
52 124 48 11
92 50 48 14
5 116 48 15
199 54 48 19
121 208 48 12
113 98 48 18
35 130 48 5
180 105 48 2
194 73 48 11
141 197 48 3
138 134 48 4
80 110 48 8
131 222 48 10
90 197 48 4
16 202 48 13
214 92 48 15
37 126 48 1
139 190 48 11
127 45 48 11
154 186 48 2
212 208 48 9
61 64 48 8
176 79 48 6
182 168 48 11
19 183 48 7
56 58 48 8
191 203 48 9
8 118 48 16
38 129 48 19
26 168 48 10
210 156 48 4
189 101 48 11
169 53 48 18
32 120 48 5
92 23 48 16
16 79 48 8
145 46 48 12
170 161 48 4
54 84 48 6
90 109 48 15
88 203 48 6
70 168 48 6
115 221 48 20
9 29 48 12
71 6 48 1
92 21 48 4
55 50 48 11
113 220 48 19
57 158 48 17
130 24 48 16
147 111 48 17
204 180 48 20
139 179 48 4
11 73 48 6
2 143 48 17
123 11 48 11
100 65 48 12
6 62 48 15
181 119 48 16
101 133 48 5
129 165 48 15
136 145 48 9
195 168 48 9
28 63 48 13
221 172 48 17
195 72 48 16
75 56 48 2
4 61 48 13
37 127 48 18
4 4 48 2
102 133 48 6
195 153 48 7
21 10 48 16
133 37 48 18
95 34 48 18
198 114 48 7
197 188 48 17
145 191 48 2
154 112 48 13
59 223 48 14
89 101 48 3
175 180 48 4
67 200 48 13
127 217 48 1
27 88 48 4
206 171 48 20
118 29 48 11
85 173 48 8
112 103 48 9
151 46 48 5
78 134 48 4
137 85 48 20
10 152 48 1
116 163 48 20
28 74 48 4
196 56 48 11
32 58 48 12
54 142 48 4
152 31 48 16
137 66 48 12
7 28 48 19
199 164 48 8
125 58 48 19
134 58 48 7
137 85 48 20
113 166 48 9
143 197 48 18
202 135 48 17
94 171 48 18
89 193 48 14
15 199 48 18
182 59 48 4
210 183 48 7
52 202 48 9
164 223 48 12
126 112 48 9
29 140 48 11
213 3 48 9
207 96 48 9
1 70 48 5
191 192 48 9
77 150 48 5
119 136 48 11
218 72 48 5
37 120 48 2
164 131 48 4
117 159 48 19
44 148 48 14
213 16 48 17
214 124 48 2
185 91 48 1
123 52 48 4
12 170 48 10
84 50 48 19
18 86 48 7
175 134 48 15
106 28 48 3
60 71 48 11
17 168 48 5
177 43 48 4
183 112 48 15
157 12 48 1
165 23 48 11
193 214 48 10
178 117 48 14
60 176 48 20
71 166 48 7
126 3 48 14
106 127 48 9
209 80 48 16
212 147 48 17
83 188 48 3
114 129 48 14
91 206 48 6
2 161 48 14
106 105 48 15
121 60 48 18
163 186 48 12
160 176 48 3
209 161 48 15
78 149 48 13
166 117 48 9
42 7 48 14
48 97 48 9
45 206 48 17
158 88 48 12
1 209 48 1
117 33 48 5
120 193 48 19
26 63 48 3
119 25 48 16
27 190 48 1
7 116 48 10
108 164 48 5
83 208 48 3
104 28 48 2
113 136 48 20
74 29 48 3
105 148 48 17
88 58 48 10
116 176 48 20
178 87 48 13
24 201 48 9
208 85 48 7
149 167 48 12
188 155 48 16
84 45 48 18
188 3 48 11
209 108 48 2
85 80 48 13
138 81 48 6
208 35 48 17
22 166 48 6
60 150 48 2
37 76 48 17
215 148 48 17
197 116 48 16
91 188 48 2
121 173 48 4
183 34 48 8
79 56 48 11
150 41 48 5
192 170 48 14
211 6 48 1
91 151 48 9
23 27 48 13
217 1 48 14
9 199 48 3
134 97 48 14
144 164 48 5
118 20 48 15
172 54 48 5
145 23 48 7
175 10 48 12
125 209 48 16
150 116 48 14
207 109 48 12
41 2 48 15
62 20 48 18
33 48 48 2
30 50 48 10
82 106 48 15
168 27 48 6
200 87 48 20
14 211 48 5
202 23 48 2
78 114 48 15
177 155 48 11
136 216 48 11
77 133 48 4
73 47 48 3
196 129 48 12
149 181 48 5
10 157 48 5
103 170 48 16
66 33 48 5
144 110 48 12
215 171 48 15
172 84 48 16
33 160 48 7
165 117 48 18
