500 50
146 25 120 15
83 100 120 20
181 198 120 16
102 139 120 2
126 28 120 17
54 22 120 10
96 87 120 14
9 63 120 8
65 181 120 7
200 69 120 19
53 100 120 10
3 182 120 3
50 24 120 1
123 10 120 12
115 136 120 19
54 74 120 8
145 55 120 4
46 63 120 11
77 12 120 9
154 211 120 12
40 148 120 9
173 150 120 9
182 84 120 19
158 91 120 10
165 90 120 14
84 143 120 6
133 173 120 4
44 103 120 4
18 180 120 13
57 218 120 1
164 34 120 4
33 206 120 20
82 49 120 8
40 207 120 11
8 148 120 14
218 117 120 7
56 134 120 6
171 177 120 8
10 79 120 13
191 20 120 15
21 184 120 3
106 216 120 20
2 182 120 18
204 107 120 11
50 114 120 6
94 216 120 16
57 49 120 9
77 104 120 16
199 222 120 9
55 74 120 10
128 203 120 16
119 193 120 11
208 195 120 12
8 175 120 12
13 110 120 5
51 203 120 12
90 144 120 3
147 105 120 17
158 80 120 4
132 134 120 4
125 146 120 10
187 42 120 17
17 134 120 3
137 26 120 7
140 147 120 8
141 82 120 3
135 57 120 18
61 203 120 18
91 137 120 3
4 45 120 16
99 170 120 13
64 133 120 3
107 34 120 1
121 171 120 6
195 195 120 15
154 113 120 9
93 24 120 12
167 84 120 4
15 60 120 19
50 171 120 11
218 46 120 16
79 218 120 2
204 209 120 19
17 215 120 3
71 186 120 13
163 116 120 4
221 93 120 20
221 37 120 3
92 51 120 10
207 208 120 8
29 202 120 7
20 166 120 10
28 146 120 13
178 162 120 13
51 9 120 13
119 56 120 16
184 162 120 14
49 159 120 15
106 135 120 9
106 3 120 18
54 32 120 9
156 159 120 15
136 72 120 10
210 26 120 5
52 76 120 7
187 195 120 20
215 155 120 2
112 89 120 8
153 194 120 1
129 76 120 12
89 130 120 10
135 170 120 10
124 190 120 6
150 62 120 16
107 113 120 15
73 77 120 2
88 176 120 12
155 172 120 5
151 209 120 3
57 114 120 8
182 87 120 18
115 221 120 20
207 121 120 11
31 155 120 8
104 147 120 3
29 104 120 7
33 191 120 16
76 123 120 15
208 158 120 10
194 99 120 1
33 58 120 5
1 172 120 14
131 40 120 12
5 71 120 2
162 174 120 18
209 87 120 18
102 119 120 20
62 79 120 19
78 171 120 2
79 142 120 2
193 174 120 9
55 60 120 4
23 190 120 6
3 194 120 11
130 133 120 19
73 3 120 12
4 105 120 11
17 51 120 11
38 129 120 14
100 207 120 13
153 62 120 7
148 1 120 6
92 23 120 9
75 133 120 9
13 148 120 3
124 220 120 9
98 223 120 8
75 124 120 19
130 46 120 17
133 146 120 15
162 183 120 12
34 108 120 4
72 84 120 6
77 43 120 19
53 55 120 6
45 63 120 4
40 45 120 14
24 4 120 4
174 133 120 3
113 151 120 14
144 89 120 2
121 7 120 10
99 79 120 18
92 40 120 7
217 92 120 11
44 22 120 8
89 169 120 17
127 193 120 12
65 28 120 3
163 25 120 4
69 169 120 15
157 174 120 17
14 157 120 5
62 25 120 19
152 19 120 18
73 170 120 6
49 143 120 15
69 46 120 7
92 110 120 17
24 158 120 9
215 111 120 2
156 152 120 7
103 165 120 10
14 111 120 14
72 39 120 20
221 219 120 2
54 44 120 15
55 112 120 6
133 203 120 4
15 111 120 9
29 210 120 2
97 27 120 16
115 130 120 12
66 28 120 7
150 207 120 19
29 204 120 10
185 34 120 19
38 196 120 2
159 105 120 2
51 4 120 2
101 141 120 8
37 14 120 4
10 128 120 17
146 78 120 12
170 5 120 7
116 141 120 19
173 211 120 19
42 25 120 7
23 68 120 15
90 118 120 5
153 218 120 3
88 140 120 6
164 149 120 16
31 71 120 3
33 125 120 19
18 18 120 3
91 75 120 13
198 116 120 11
55 23 120 2
124 221 120 2
81 150 120 10
179 14 120 9
174 62 120 2
74 92 120 5
159 9 120 11
133 134 120 4
132 2 120 13
4 199 120 17
122 138 120 16
85 38 120 5
50 4 120 17
117 182 120 18
101 132 120 13
117 90 120 8
204 133 120 16
78 150 120 9
76 59 120 19
149 170 120 4
222 68 120 1
202 37 120 6
180 194 120 2
192 88 120 4
217 73 120 17
189 189 120 10
138 55 120 11
95 17 120 12
185 92 120 6
54 125 120 6
6 8 120 14
95 95 120 1
107 51 120 10
122 19 120 4
95 120 120 19
193 194 120 1
157 108 120 1
138 87 120 6
161 48 120 7
12 209 120 10
32 99 120 17
120 79 120 1
21 185 120 14
223 84 120 12
67 63 120 9
205 32 120 4
79 188 120 9
7 103 120 7
174 148 120 18
95 45 120 2
133 76 120 12
178 195 120 10
95 215 120 13
169 215 120 13
147 166 120 5
21 147 120 19
196 111 120 10
140 117 120 2
170 68 120 6
132 47 120 2
188 179 120 11
120 133 120 20
14 112 120 19
208 58 120 19
147 204 120 3
149 109 120 2
67 189 120 15
172 213 120 6
42 159 120 17
167 175 120 10
113 140 120 2
134 144 120 2
12 157 120 9
213 142 120 18
66 173 120 4
200 206 120 15
27 49 120 6
187 221 120 5
17 39 120 2
23 90 120 7
182 202 120 8
74 220 120 1
206 117 120 15
3 106 120 15
189 171 120 5
16 32 120 8
60 166 120 8
68 14 120 9
174 139 120 17
99 161 120 17
199 119 120 2
100 77 120 2
36 59 120 17
14 170 120 17
17 20 120 5
193 143 120 2
129 202 120 11
106 155 120 20
195 213 120 12
92 196 120 7
78 172 120 3
42 156 120 16
218 77 120 13
180 90 120 17
131 106 120 6
138 76 120 3
177 89 120 16
43 194 120 13
145 50 120 7
163 141 120 15
2 218 120 20
68 144 120 1
211 138 120 9
74 202 120 19
214 110 120 9
150 24 120 12
5 200 120 7
170 127 120 9
151 49 120 2
121 96 120 10
64 205 120 1
62 158 120 16
101 145 120 1
108 103 120 19
89 201 120 12
176 127 120 12
107 16 120 3
127 71 120 9
1 221 120 4
148 119 120 16
96 182 120 7
147 128 120 4
2 6 120 2
103 113 120 5
183 87 120 9
148 147 120 11
22 30 120 14
204 156 120 12
66 157 120 1
84 189 120 16
82 169 120 15
61 200 120 6
90 87 120 12
32 189 120 17
185 33 120 8
91 66 120 9
9 195 120 16
165 175 120 10
53 125 120 17
161 93 120 18
165 59 120 11
119 120 120 7
93 94 120 15
180 10 120 7
42 194 120 12
97 170 120 11
191 178 120 19
199 4 120 9
24 56 120 11
6 101 120 18
168 42 120 7
168 46 120 15
30 138 120 18
92 203 120 9
113 129 120 6
167 2 120 16
62 77 120 14
37 160 120 1
187 184 120 12
8 74 120 15
144 18 120 19
116 186 120 17
207 215 120 6
53 191 120 6
132 189 120 9
66 132 120 19
61 78 120 19
118 223 120 2
63 186 120 8
63 193 120 18
163 113 120 5
190 114 120 4
39 205 120 1
134 143 120 3
92 51 120 15
179 116 120 1
152 61 120 11
86 63 120 4
72 10 120 20
126 72 120 9
30 119 120 9
60 194 120 5
159 9 120 3
135 27 120 13
78 4 120 15
94 67 120 14
126 103 120 17
120 188 120 5
6 37 120 2
184 162 120 19
102 77 120 19
132 136 120 3
52 179 120 3
61 90 120 6
213 52 120 12
76 30 120 6
55 155 120 2
201 52 120 14
72 165 120 16
174 10 120 19
10 111 120 7
187 19 120 9
111 178 120 20
151 124 120 10
103 113 120 15
58 188 120 19
187 127 120 4
195 213 120 2
168 61 120 16
61 119 120 10
1 128 120 7
132 91 120 1
168 86 120 14
45 14 120 10
126 116 120 5
28 59 120 14
75 130 120 9
47 102 120 20
69 154 120 3
141 214 120 20
222 100 120 12
75 8 120 19
55 61 120 1
213 105 120 2
155 115 120 11
210 27 120 6
114 210 120 16
144 33 120 3
49 209 120 8
121 126 120 11
89 9 120 9
185 192 120 20
33 23 120 5
74 120 120 3
21 52 120 15
76 38 120 16
81 36 120 15
100 179 120 16
221 112 120 4
156 10 120 12
190 98 120 3
100 167 120 13
126 199 120 6
211 158 120 2
171 63 120 16
21 138 120 8
6 103 120 15
92 202 120 6
95 84 120 11
84 125 120 2
83 199 120 2
198 76 120 13
174 201 120 15
165 73 120 19
52 20 120 15
214 149 120 5
189 154 120 6
85 131 120 5
44 2 120 14
114 85 120 15
194 52 120 6
33 27 120 8
