500 166
59 159 36 16
174 121 36 12
55 74 36 10
179 40 36 20
23 222 36 5
186 202 36 9
180 140 36 18
104 106 36 7
23 185 36 6
23 74 36 13
39 133 36 17
13 191 36 7
135 130 36 15
72 85 36 15
42 216 36 7
45 63 36 18
97 19 36 12
65 8 36 13
217 138 36 1
67 160 36 2
201 84 36 20
48 96 36 1
124 115 36 19
49 71 36 4
122 112 36 20
79 156 36 13
122 137 36 12
81 202 36 7
139 195 36 13
49 146 36 13
141 8 36 1
27 164 36 12
104 64 36 4
87 220 36 20
147 4 36 9
200 190 36 5
91 88 36 18
109 53 36 19
134 191 36 14
73 125 36 20
57 42 36 10
123 69 36 3
62 57 36 14
1 28 36 17
10 174 36 11
130 150 36 10
68 126 36 3
35 11 36 6
87 30 36 6
104 102 36 9
42 43 36 16
211 166 36 9
90 112 36 9
32 112 36 2
79 6 36 3
128 136 36 5
144 88 36 7
131 122 36 12
171 94 36 19
64 197 36 20
195 15 36 6
30 111 36 3
41 200 36 10
108 117 36 13
87 195 36 5
132 99 36 1
96 127 36 17
77 143 36 4
176 198 36 7
82 38 36 4
89 10 36 2
23 147 36 3
123 188 36 9
219 180 36 12
88 44 36 1
186 60 36 18
81 155 36 14
172 8 36 10
161 68 36 3
20 149 36 12
68 122 36 12
15 30 36 10
73 152 36 19
215 32 36 15
27 4 36 10
141 75 36 19
130 40 36 18
16 211 36 1
159 148 36 11
162 52 36 12
202 119 36 9
21 19 36 13
101 91 36 6
139 82 36 9
25 216 36 15
62 18 36 11
158 32 36 13
185 48 36 11
212 91 36 6
198 29 36 10
103 115 36 12
130 135 36 7
185 121 36 17
169 36 36 2
176 60 36 13
187 6 36 10
49 163 36 15
174 124 36 16
63 112 36 6
207 194 36 1
180 182 36 18
157 88 36 14
36 49 36 5
121 102 36 2
56 55 36 11
92 18 36 1
144 175 36 2
5 125 36 3
136 72 36 4
20 163 36 7
155 120 36 4
66 161 36 15
112 81 36 5
163 86 36 10
141 142 36 12
171 10 36 5
206 153 36 18
180 158 36 16
162 178 36 9
32 82 36 2
89 121 36 17
103 187 36 5
97 183 36 13
24 123 36 8
52 148 36 13
135 96 36 4
5 186 36 11
164 143 36 7
217 81 36 19
118 221 36 14
181 194 36 2
26 73 36 14
138 169 36 11
216 77 36 20
49 129 36 10
130 148 36 16
221 152 36 18
11 200 36 20
181 193 36 4
190 87 36 14
166 152 36 12
40 177 36 18
99 200 36 17
3 192 36 11
29 17 36 16
88 32 36 4
126 137 36 3
127 147 36 18
47 104 36 8
41 178 36 17
146 121 36 10
107 160 36 5
25 143 36 13
111 146 36 10
51 59 36 13
4 31 36 5
212 157 36 2
125 168 36 14
122 215 36 19
88 32 36 3
25 62 36 4
6 53 36 11
156 77 36 2
174 188 36 18
153 123 36 18
149 127 36 5
61 115 36 13
1 125 36 11
195 23 36 11
154 219 36 4
183 20 36 20
101 133 36 17
71 65 36 14
68 123 36 18
95 53 36 19
180 201 36 5
181 147 36 19
108 147 36 2
95 4 36 15
180 157 36 6
182 1 36 19
130 102 36 6
130 57 36 13
200 124 36 2
11 218 36 16
53 59 36 3
220 125 36 14
164 9 36 14
117 103 36 5
201 168 36 1
164 126 36 19
39 32 36 12
155 161 36 10
112 23 36 18
191 33 36 13
100 85 36 13
94 190 36 5
11 15 36 9
182 17 36 5
134 102 36 6
127 42 36 8
120 189 36 18
100 120 36 16
20 8 36 16
64 198 36 7
209 74 36 14
75 52 36 19
65 62 36 16
172 21 36 1
43 154 36 17
81 165 36 1
21 61 36 4
100 45 36 3
116 65 36 18
155 13 36 7
111 221 36 12
36 73 36 9
36 137 36 1
165 193 36 11
195 12 36 7
211 200 36 9
160 220 36 8
183 96 36 2
101 97 36 6
27 136 36 5
143 23 36 4
109 166 36 2
12 201 36 7
200 27 36 9
184 106 36 10
92 93 36 9
55 30 36 3
187 212 36 11
141 197 36 7
151 223 36 19
174 27 36 13
194 136 36 14
171 147 36 10
61 8 36 10
137 77 36 12
2 168 36 2
66 222 36 14
11 186 36 11
160 211 36 16
67 23 36 17
1 196 36 2
173 166 36 13
65 113 36 18
42 59 36 19
45 195 36 17
39 81 36 19
126 146 36 13
18 42 36 19
7 86 36 18
77 153 36 16
146 38 36 8
19 211 36 11
135 52 36 4
168 93 36 7
100 22 36 8
108 61 36 15
168 186 36 10
3 88 36 2
24 202 36 5
139 55 36 2
162 86 36 15
158 212 36 15
96 9 36 8
139 176 36 3
18 52 36 9
84 44 36 2
7 211 36 3
76 213 36 18
71 121 36 4
152 145 36 2
161 83 36 15
93 17 36 16
127 220 36 18
97 136 36 10
44 38 36 6
121 6 36 18
142 12 36 20
126 196 36 1
190 43 36 6
124 79 36 6
221 125 36 16
65 217 36 6
121 121 36 16
184 102 36 12
200 31 36 9
43 36 36 10
38 177 36 5
127 187 36 8
206 153 36 12
68 162 36 8
188 44 36 11
53 109 36 7
43 114 36 5
144 74 36 8
150 50 36 7
193 201 36 10
18 123 36 3
77 26 36 7
217 117 36 1
61 69 36 7
98 141 36 10
145 194 36 1
185 121 36 3
7 41 36 10
38 190 36 2
100 159 36 10
81 61 36 7
124 137 36 17
16 15 36 19
60 75 36 19
42 58 36 14
175 202 36 12
79 48 36 18
95 54 36 19
70 199 36 14
210 183 36 7
96 149 36 15
220 49 36 15
31 172 36 5
174 8 36 6
54 157 36 20
74 217 36 14
173 180 36 10
168 159 36 20
89 6 36 3
83 100 36 19
121 195 36 20
218 76 36 16
114 106 36 7
25 164 36 11
10 217 36 8
160 68 36 6
173 125 36 10
118 177 36 18
116 150 36 12
89 118 36 5
130 15 36 7
96 117 36 15
219 8 36 7
67 32 36 19
30 149 36 3
150 193 36 19
155 27 36 19
109 144 36 4
114 36 36 10
123 9 36 13
9 24 36 12
197 4 36 13
14 107 36 19
45 58 36 18
17 88 36 15
205 14 36 9
122 54 36 13
48 162 36 20
150 52 36 17
64 175 36 19
95 68 36 3
25 149 36 12
72 162 36 19
10 92 36 20
88 108 36 19
90 89 36 11
170 95 36 16
160 142 36 11
179 176 36 3
9 17 36 6
64 111 36 5
34 136 36 18
1 207 36 7
189 101 36 7
96 188 36 12
91 55 36 8
207 109 36 1
153 153 36 13
30 108 36 16
182 2 36 10
170 65 36 11
2 207 36 19
90 207 36 10
2 57 36 3
4 152 36 6
222 19 36 7
81 110 36 14
143 147 36 20
122 177 36 7
54 135 36 13
110 82 36 16
54 191 36 17
17 166 36 12
187 167 36 7
11 55 36 5
22 53 36 14
196 134 36 14
139 53 36 14
120 59 36 15
94 221 36 7
68 215 36 12
100 45 36 2
7 170 36 5
113 133 36 20
52 143 36 13
143 49 36 5
137 21 36 6
17 45 36 17
152 49 36 10
17 27 36 5
125 95 36 19
90 79 36 13
131 194 36 7
114 83 36 10
148 135 36 16
14 54 36 19
40 75 36 16
199 199 36 2
180 128 36 16
219 144 36 7
33 153 36 9
169 20 36 17
126 35 36 18
138 149 36 15
173 73 36 15
121 86 36 2
9 10 36 9
133 208 36 2
79 164 36 13
181 45 36 8
86 77 36 7
194 22 36 16
157 32 36 12
205 169 36 12
105 4 36 3
140 124 36 20
112 132 36 9
159 41 36 5
66 4 36 6
100 184 36 12
162 47 36 20
154 17 36 8
165 173 36 8
96 39 36 20
174 28 36 4
210 167 36 8
217 164 36 6
10 207 36 9
118 49 36 8
167 148 36 20
145 86 36 1
199 125 36 15
159 174 36 18
36 46 36 19
81 105 36 13
21 199 36 13
192 77 36 6
156 194 36 16
45 89 36 16
161 140 36 2
15 62 36 2
22 145 36 1
46 189 36 6
11 1 36 2
15 189 36 19
46 209 36 19
128 62 36 19
151 102 36 13
156 31 36 19
95 192 36 14
65 206 36 20
121 112 36 16
186 42 36 18
202 53 36 17
148 67 36 12
198 220 36 18
108 124 36 2
95 159 36 1
53 200 36 4
206 179 36 9
53 20 36 8
184 26 36 1
122 96 36 16
132 74 36 1
143 221 36 11
3 80 36 14
72 188 36 10
194 167 36 6
195 104 36 20
