500 125
59 186 48 12
37 46 48 7
80 175 48 13
70 208 48 3
72 84 48 15
36 111 48 17
72 178 48 7
119 167 48 17
197 22 48 2
61 102 48 15
148 160 48 3
193 81 48 4
112 45 48 16
98 223 48 8
48 71 48 7
41 214 48 5
152 171 48 17
60 174 48 20
20 147 48 16
137 207 48 7
183 16 48 9
191 209 48 14
22 97 48 10
26 79 48 5
123 127 48 6
81 167 48 18
33 203 48 14
48 39 48 11
121 166 48 3
100 187 48 2
66 31 48 3
190 221 48 4
57 19 48 3
192 153 48 14
210 52 48 2
184 17 48 10
149 158 48 18
60 205 48 12
145 210 48 20
37 194 48 11
28 36 48 3
27 3 48 18
11 167 48 5
199 20 48 18
20 7 48 12
75 75 48 11
181 223 48 6
43 60 48 14
166 89 48 14
1 125 48 5
137 37 48 7
188 63 48 3
14 73 48 2
81 49 48 11
185 176 48 17
2 28 48 5
59 93 48 6
43 136 48 4
8 186 48 18
182 187 48 14
212 100 48 3
162 65 48 17
6 78 48 13
9 43 48 20
147 112 48 11
176 113 48 8
165 57 48 4
153 99 48 7
200 107 48 16
220 173 48 3
26 46 48 10
207 207 48 18
113 97 48 5
199 106 48 11
110 137 48 9
196 198 48 14
195 139 48 17
63 68 48 11
66 152 48 12
31 33 48 13
183 58 48 12
204 42 48 13
66 39 48 20
113 14 48 17
202 123 48 14
64 95 48 16
38 174 48 11
177 13 48 12
76 78 48 18
189 109 48 14
136 176 48 6
129 156 48 7
99 221 48 14
165 110 48 3
221 196 48 9
190 36 48 6
19 181 48 3
208 19 48 13
127 94 48 16
196 167 48 2
75 80 48 10
119 93 48 17
89 191 48 8
212 132 48 3
118 14 48 20
146 204 48 11
45 222 48 17
3 206 48 8
197 109 48 4
22 190 48 18
63 149 48 5
164 44 48 16
197 132 48 5
112 5 48 1
21 7 48 14
125 152 48 16
41 81 48 7
22 84 48 13
137 165 48 3
116 71 48 13
38 133 48 5
39 73 48 8
125 154 48 8
179 42 48 10
27 62 48 16
111 186 48 6
60 3 48 17
7 132 48 4
44 154 48 11
75 46 48 1
72 83 48 7
217 6 48 2
175 15 48 10
41 194 48 2
19 220 48 8
3 215 48 11
23 51 48 13
124 57 48 3
84 208 48 15
94 60 48 5
58 131 48 14
47 10 48 6
100 184 48 8
84 110 48 1
108 128 48 9
194 16 48 13
126 38 48 12
169 161 48 8
120 130 48 2
109 108 48 11
143 165 48 19
144 96 48 15
35 196 48 2
163 56 48 2
39 48 48 8
126 18 48 12
97 29 48 15
110 82 48 8
72 86 48 4
11 194 48 5
124 221 48 12
144 141 48 2
167 175 48 10
150 114 48 5
19 37 48 9
15 163 48 20
20 144 48 2
177 30 48 7
156 209 48 1
150 219 48 14
142 119 48 6
184 148 48 2
99 91 48 15
208 17 48 17
143 35 48 15
17 157 48 3
124 176 48 1
37 14 48 13
30 55 48 17
102 204 48 8
143 7 48 10
182 76 48 7
137 174 48 5
152 43 48 13
57 185 48 16
106 86 48 2
95 210 48 9
111 131 48 9
49 45 48 4
81 146 48 10
108 66 48 15
138 24 48 19
93 160 48 7
137 196 48 17
83 29 48 16
170 20 48 14
191 114 48 9
165 1 48 3
37 158 48 14
71 123 48 4
200 115 48 9
105 29 48 3
201 121 48 11
131 143 48 9
212 110 48 3
140 56 48 9
38 24 48 9
145 73 48 8
44 109 48 17
102 64 48 13
191 40 48 15
122 144 48 4
184 6 48 8
183 22 48 10
154 10 48 7
38 34 48 14
165 71 48 5
66 100 48 16
76 143 48 7
20 22 48 1
86 97 48 19
43 219 48 16
137 179 48 9
121 23 48 18
139 61 48 11
151 207 48 2
218 148 48 18
86 98 48 17
133 174 48 15
66 193 48 12
61 164 48 3
89 91 48 9
37 112 48 12
213 9 48 1
188 32 48 18
57 182 48 4
67 177 48 8
40 147 48 10
221 56 48 18
98 121 48 8
212 67 48 11
91 155 48 13
74 191 48 11
120 65 48 6
73 137 48 13
202 78 48 16
199 145 48 14
5 184 48 11
132 66 48 11
93 48 48 3
132 36 48 9
111 12 48 7
66 85 48 12
132 89 48 13
91 46 48 10
197 133 48 11
147 108 48 8
157 113 48 10
91 21 48 15
188 221 48 19
67 130 48 3
13 125 48 8
105 190 48 15
50 206 48 3
59 74 48 8
204 155 48 4
204 78 48 6
125 12 48 4
223 210 48 16
163 174 48 19
150 17 48 1
58 137 48 16
200 127 48 11
88 176 48 14
172 11 48 5
79 214 48 20
2 80 48 8
33 89 48 9
176 88 48 10
1 27 48 17
155 177 48 8
214 119 48 13
175 204 48 17
211 68 48 4
6 125 48 18
205 88 48 20
112 89 48 9
97 122 48 16
201 182 48 5
68 183 48 16
216 222 48 18
158 212 48 13
121 164 48 17
210 151 48 16
136 41 48 3
72 22 48 14
221 18 48 16
112 115 48 15
91 200 48 14
42 45 48 19
20 145 48 9
59 79 48 16
217 84 48 8
16 70 48 3
214 90 48 10
90 161 48 9
161 44 48 16
206 40 48 17
148 15 48 20
157 56 48 7
125 76 48 14
199 19 48 19
39 120 48 4
41 136 48 15
79 126 48 17
156 101 48 9
140 38 48 20
141 128 48 2
33 53 48 2
9 94 48 1
138 219 48 9
188 79 48 3
93 117 48 9
190 158 48 14
134 121 48 13
52 53 48 9
130 77 48 19
137 217 48 17
182 134 48 11
19 143 48 14
19 165 48 15
202 129 48 2
72 106 48 4
170 181 48 19
65 199 48 2
86 27 48 10
206 41 48 5
134 177 48 12
82 21 48 1
189 147 48 2
52 165 48 14
133 143 48 10
70 99 48 8
8 154 48 8
211 218 48 20
88 188 48 12
125 56 48 17
16 189 48 1
9 155 48 19
135 121 48 4
180 172 48 8
159 190 48 7
43 36 48 8
140 43 48 2
195 138 48 18
1 2 48 6
165 11 48 9
146 135 48 17
188 143 48 20
136 54 48 7
121 118 48 11
156 161 48 7
217 203 48 16
154 119 48 5
21 90 48 4
214 91 48 10
148 32 48 9
137 62 48 20
199 26 48 19
85 161 48 6
84 167 48 14
32 207 48 16
168 200 48 1
2 131 48 20
208 36 48 10
106 26 48 17
112 58 48 9
129 79 48 10
165 55 48 12
5 24 48 15
121 108 48 1
124 24 48 10
179 76 48 20
98 77 48 19
21 170 48 8
33 52 48 7
20 163 48 11
146 177 48 18
110 3 48 18
99 8 48 18
134 13 48 7
220 137 48 4
181 200 48 7
112 183 48 13
172 88 48 9
45 120 48 19
52 139 48 12
1 169 48 17
143 55 48 9
2 153 48 1
215 172 48 14
89 168 48 10
209 11 48 4
181 122 48 11
115 70 48 19
218 223 48 9
149 51 48 17
13 159 48 3
52 186 48 8
94 72 48 15
28 63 48 7
198 151 48 8
165 21 48 14
217 87 48 9
113 86 48 19
96 81 48 12
198 114 48 6
100 126 48 11
55 178 48 17
179 156 48 20
3 184 48 19
112 158 48 10
159 207 48 6
216 201 48 16
171 198 48 20
189 71 48 19
97 153 48 15
164 30 48 6
165 192 48 2
14 33 48 11
50 35 48 4
33 31 48 7
166 190 48 9
205 67 48 14
107 123 48 4
95 88 48 8
47 184 48 6
221 9 48 15
183 174 48 17
98 187 48 2
54 121 48 1
193 153 48 16
43 96 48 11
208 185 48 7
11 69 48 7
120 48 48 2
191 202 48 15
77 85 48 1
214 44 48 1
205 141 48 19
113 195 48 12
170 164 48 12
28 92 48 14
74 184 48 3
187 79 48 5
199 199 48 8
183 166 48 6
128 127 48 2
81 3 48 13
92 92 48 1
174 205 48 19
154 36 48 10
172 63 48 1
61 137 48 12
135 100 48 17
162 76 48 18
121 143 48 14
167 47 48 12
188 12 48 17
30 103 48 17
120 162 48 14
66 200 48 12
175 148 48 1
38 209 48 17
198 5 48 6
99 52 48 5
198 57 48 15
17 223 48 4
70 188 48 18
125 102 48 11
163 106 48 20
68 56 48 8
8 7 48 20
118 44 48 4
34 127 48 18
49 2 48 3
132 85 48 10
134 209 48 3
183 55 48 17
21 179 48 4
69 3 48 4
163 178 48 19
10 70 48 19
5 188 48 11
93 221 48 4
186 154 48 2
106 170 48 13
191 80 48 3
53 40 48 15
101 168 48 5
