500 125
99 88 48 13
187 18 48 14
208 221 48 7
101 127 48 5
121 16 48 20
83 124 48 9
137 161 48 3
41 90 48 7
121 55 48 20
190 61 48 11
181 44 48 10
53 7 48 20
123 100 48 5
90 85 48 15
210 205 48 14
164 65 48 5
209 86 48 3
219 126 48 20
86 131 48 12
8 97 48 11
187 163 48 4
8 100 48 18
177 223 48 15
120 197 48 4
74 184 48 2
44 124 48 19
129 217 48 18
44 97 48 9
155 67 48 20
98 75 48 19
100 38 48 12
31 153 48 15
191 106 48 18
112 110 48 3
9 184 48 9
219 112 48 12
155 17 48 8
176 60 48 17
99 215 48 19
38 197 48 7
73 181 48 15
155 211 48 19
113 63 48 20
179 174 48 4
218 68 48 3
102 63 48 6
109 103 48 6
217 55 48 12
199 39 48 1
25 76 48 4
32 33 48 20
77 72 48 15
52 184 48 16
17 24 48 19
91 126 48 17
126 4 48 3
41 112 48 14
196 214 48 19
73 189 48 7
48 98 48 17
220 130 48 7
11 206 48 12
12 34 48 7
184 50 48 8
84 26 48 3
158 36 48 14
72 76 48 18
196 49 48 1
37 6 48 11
138 53 48 16
200 157 48 5
70 167 48 8
120 179 48 9
130 139 48 5
48 107 48 1
92 42 48 11
25 221 48 13
69 194 48 19
211 7 48 13
95 29 48 19
185 5 48 10
181 183 48 15
45 79 48 10
50 93 48 14
104 25 48 12
69 2 48 14
183 26 48 14
35 202 48 16
43 189 48 19
164 168 48 9
115 15 48 4
222 80 48 1
49 9 48 4
163 58 48 19
192 162 48 5
212 115 48 13
166 74 48 20
2 217 48 11
31 144 48 10
174 85 48 8
122 84 48 11
183 82 48 11
203 15 48 1
78 177 48 19
38 30 48 19
23 19 48 13
116 69 48 4
12 70 48 11
216 208 48 16
48 43 48 20
155 164 48 1
53 9 48 20
138 211 48 20
9 174 48 13
161 211 48 14
135 118 48 13
109 11 48 4
156 130 48 4
196 7 48 16
149 54 48 10
187 93 48 14
192 145 48 12
56 168 48 8
42 176 48 12
89 221 48 14
166 18 48 4
146 126 48 9
79 58 48 5
189 138 48 10
60 63 48 7
196 134 48 5
50 103 48 16
19 43 48 1
199 84 48 8
106 57 48 13
109 223 48 9
6 30 48 1
21 217 48 4
165 182 48 16
92 19 48 16
181 214 48 13
140 148 48 10
128 167 48 15
60 27 48 11
52 18 48 10
42 11 48 18
157 124 48 15
174 144 48 7
25 193 48 17
121 169 48 13
57 12 48 8
126 36 48 2
182 48 48 12
165 107 48 13
8 43 48 19
130 193 48 12
137 126 48 7
58 185 48 4
195 209 48 7
182 215 48 5
73 48 48 17
62 173 48 7
90 16 48 14
55 180 48 18
46 72 48 7
54 86 48 4
180 107 48 9
206 164 48 3
152 135 48 1
60 202 48 17
21 159 48 7
217 220 48 15
1 86 48 10
164 140 48 6
209 185 48 13
74 123 48 12
16 79 48 14
84 61 48 19
220 97 48 15
119 41 48 13
117 62 48 14
162 55 48 17
41 163 48 15
158 103 48 1
1 89 48 17
30 162 48 3
30 63 48 20
21 146 48 20
175 27 48 12
126 31 48 20
55 147 48 3
27 86 48 10
110 11 48 19
49 54 48 5
127 54 48 16
159 84 48 6
206 221 48 11
217 18 48 11
173 192 48 9
117 203 48 16
95 34 48 8
26 61 48 16
119 55 48 6
152 103 48 14
64 114 48 17
64 50 48 20
110 140 48 6
219 133 48 8
134 82 48 5
76 84 48 2
156 178 48 11
160 89 48 18
133 207 48 3
117 20 48 15
154 83 48 12
130 146 48 5
188 141 48 20
14 136 48 10
79 154 48 12
221 115 48 19
119 47 48 14
51 91 48 18
150 1 48 8
189 117 48 12
223 156 48 8
140 170 48 5
221 134 48 19
103 147 48 1
118 111 48 1
208 108 48 16
157 4 48 5
169 162 48 14
46 196 48 12
15 162 48 16
3 46 48 18
73 185 48 15
174 67 48 18
192 169 48 2
7 172 48 9
199 41 48 7
58 197 48 2
72 143 48 12
177 188 48 11
166 202 48 8
49 204 48 18
195 162 48 16
64 112 48 14
175 189 48 15
94 195 48 9
123 170 48 7
144 5 48 20
169 184 48 12
16 22 48 12
59 188 48 17
33 121 48 20
167 93 48 10
32 41 48 19
78 100 48 20
63 78 48 13
218 85 48 12
191 6 48 7
22 59 48 18
218 182 48 16
155 18 48 15
179 158 48 18
184 102 48 15
11 133 48 20
58 96 48 17
70 158 48 5
54 37 48 6
207 112 48 12
26 133 48 4
28 12 48 14
160 167 48 3
33 122 48 18
135 190 48 9
105 86 48 11
1 28 48 16
105 98 48 3
63 151 48 20
213 19 48 3
146 44 48 13
129 179 48 3
186 1 48 15
145 33 48 5
39 52 48 6
26 157 48 14
146 42 48 11
138 146 48 9
57 93 48 20
13 83 48 7
80 113 48 4
49 18 48 5
145 204 48 12
177 10 48 11
108 156 48 1
113 182 48 7
88 104 48 16
90 127 48 10
190 68 48 19
209 80 48 2
24 44 48 2
212 93 48 15
18 122 48 9
162 76 48 2
109 68 48 9
107 65 48 1
38 152 48 16
118 18 48 10
121 92 48 9
102 186 48 11
56 209 48 8
8 82 48 15
200 100 48 2
34 146 48 8
100 31 48 17
207 22 48 2
157 167 48 8
211 62 48 10
167 67 48 3
76 168 48 4
65 109 48 3
205 116 48 12
214 200 48 10
6 10 48 4
205 217 48 14
24 86 48 10
131 19 48 12
50 6 48 6
210 58 48 9
124 133 48 5
222 82 48 2
191 171 48 6
18 161 48 19
52 52 48 13
116 33 48 17
211 56 48 4
105 71 48 14
50 121 48 13
56 107 48 20
13 115 48 7
23 222 48 3
141 189 48 17
151 91 48 13
22 27 48 14
125 142 48 19
107 130 48 17
65 119 48 16
150 168 48 17
18 108 48 1
165 5 48 1
215 136 48 10
124 53 48 2
203 89 48 12
104 110 48 17
165 120 48 13
34 3 48 4
182 175 48 8
63 102 48 20
63 4 48 5
170 53 48 11
162 45 48 7
43 53 48 6
221 32 48 20
150 20 48 11
221 69 48 20
95 103 48 7
98 61 48 4
104 8 48 7
54 71 48 9
219 125 48 17
50 63 48 2
17 214 48 14
36 211 48 1
143 22 48 4
129 19 48 11
127 221 48 18
11 95 48 5
178 83 48 6
108 21 48 11
41 124 48 12
135 174 48 20
49 75 48 14
124 110 48 19
6 137 48 7
16 42 48 13
95 53 48 7
160 172 48 14
63 126 48 11
82 119 48 11
170 159 48 12
52 178 48 15
105 112 48 7
32 12 48 5
170 125 48 16
106 141 48 14
168 120 48 8
5 56 48 15
45 4 48 18
167 85 48 20
194 31 48 13
14 191 48 20
115 180 48 20
175 211 48 18
121 42 48 7
203 147 48 1
97 200 48 19
158 204 48 10
167 133 48 3
186 184 48 19
101 155 48 5
59 53 48 11
194 53 48 5
218 4 48 4
137 125 48 16
181 212 48 17
142 85 48 13
222 127 48 18
20 70 48 16
151 33 48 3
36 18 48 4
167 76 48 14
42 154 48 20
204 148 48 4
15 170 48 13
91 127 48 2
199 46 48 6
59 152 48 10
8 56 48 2
198 207 48 18
125 127 48 18
206 70 48 18
1 219 48 5
72 84 48 12
31 98 48 15
222 189 48 12
63 49 48 16
212 107 48 13
150 115 48 15
42 89 48 6
189 98 48 8
15 80 48 1
24 188 48 11
78 144 48 10
50 59 48 6
83 57 48 13
128 120 48 20
217 216 48 19
120 27 48 20
194 68 48 18
135 141 48 15
203 155 48 6
1 178 48 5
18 141 48 14
2 190 48 6
84 158 48 3
16 62 48 12
219 163 48 18
191 60 48 9
53 138 48 12
220 157 48 10
152 21 48 6
157 22 48 3
126 147 48 3
15 148 48 13
71 9 48 10
184 24 48 18
192 20 48 12
186 95 48 13
99 147 48 11
72 143 48 20
77 180 48 18
122 221 48 19
7 123 48 1
31 22 48 6
130 93 48 18
55 53 48 1
34 129 48 3
176 200 48 14
38 183 48 6
38 31 48 15
79 107 48 9
32 114 48 13
115 5 48 15
5 35 48 17
158 165 48 7
204 104 48 8
51 23 48 3
132 198 48 10
200 120 48 9
76 157 48 11
87 120 48 18
55 152 48 14
19 151 48 2
214 155 48 4
92 198 48 17
62 178 48 18
77 113 48 19
220 22 48 16
117 106 48 9
