500 50
120 170 120 18
20 57 120 20
210 157 120 9
112 61 120 5
54 42 120 18
178 217 120 3
173 110 120 3
169 49 120 18
79 75 120 1
76 189 120 13
57 85 120 17
178 104 120 2
178 199 120 12
109 87 120 18
68 25 120 11
115 87 120 19
155 36 120 18
197 89 120 16
198 52 120 10
87 127 120 1
38 184 120 14
51 138 120 11
113 200 120 15
1 85 120 6
56 152 120 11
38 151 120 16
121 82 120 3
90 164 120 7
216 138 120 15
193 109 120 20
136 147 120 17
48 82 120 19
171 195 120 13
47 195 120 20
116 135 120 15
210 57 120 5
168 62 120 14
46 152 120 14
12 29 120 6
138 222 120 17
168 19 120 13
42 66 120 14
162 121 120 16
149 167 120 15
106 168 120 8
100 154 120 7
21 98 120 8
23 28 120 10
74 148 120 4
39 62 120 2
112 114 120 1
217 41 120 2
180 202 120 7
222 12 120 4
12 3 120 17
152 102 120 20
126 122 120 18
162 29 120 3
10 102 120 15
110 140 120 8
93 29 120 4
94 130 120 9
45 194 120 5
2 192 120 5
125 88 120 7
77 124 120 10
182 27 120 6
47 73 120 4
163 82 120 15
202 77 120 6
188 54 120 3
173 148 120 10
197 77 120 12
200 78 120 16
207 87 120 16
108 163 120 20
218 122 120 13
111 53 120 15
32 215 120 7
163 79 120 13
211 151 120 14
171 208 120 1
38 182 120 15
205 43 120 4
3 26 120 9
110 133 120 12
118 12 120 19
37 122 120 7
143 38 120 12
101 201 120 7
19 188 120 11
214 135 120 9
218 172 120 12
76 39 120 5
4 41 120 20
133 150 120 7
195 45 120 3
40 81 120 17
161 109 120 20
158 94 120 19
118 220 120 19
5 211 120 3
208 205 120 11
146 165 120 8
11 168 120 17
9 186 120 18
139 157 120 17
165 82 120 18
197 19 120 8
44 176 120 13
205 70 120 2
216 182 120 3
138 167 120 12
116 197 120 13
133 93 120 11
189 101 120 4
165 125 120 7
185 174 120 17
171 148 120 13
149 191 120 10
106 57 120 14
59 49 120 15
107 71 120 14
136 187 120 6
215 96 120 10
16 169 120 17
1 219 120 6
28 180 120 11
21 127 120 19
147 53 120 10
218 43 120 14
135 101 120 19
11 207 120 13
160 119 120 4
60 219 120 3
52 11 120 7
145 11 120 12
23 147 120 14
75 167 120 4
159 199 120 16
210 78 120 15
203 213 120 2
129 108 120 3
10 44 120 17
78 212 120 9
17 40 120 1
118 69 120 5
214 200 120 6
44 51 120 4
223 95 120 12
1 189 120 19
159 168 120 9
79 181 120 5
90 191 120 12
219 45 120 8
6 169 120 2
25 172 120 9
163 162 120 16
109 90 120 17
222 89 120 9
79 197 120 13
129 132 120 4
161 95 120 10
192 69 120 5
152 65 120 12
99 70 120 10
86 202 120 4
27 142 120 13
51 27 120 8
126 133 120 10
72 212 120 16
92 2 120 10
164 163 120 7
193 16 120 7
75 167 120 20
108 151 120 14
87 13 120 10
7 147 120 11
204 83 120 6
152 208 120 8
73 165 120 19
191 33 120 1
103 196 120 19
217 50 120 13
176 124 120 9
200 9 120 12
177 203 120 3
18 210 120 9
223 75 120 7
9 111 120 5
35 68 120 18
49 144 120 3
64 23 120 3
127 124 120 7
205 76 120 13
111 160 120 19
168 114 120 10
14 16 120 18
222 16 120 7
182 132 120 4
11 166 120 15
112 214 120 2
22 162 120 19
120 65 120 12
159 154 120 19
207 42 120 5
148 209 120 6
177 107 120 19
191 105 120 3
165 171 120 3
133 66 120 18
169 177 120 10
10 83 120 8
96 202 120 13
82 23 120 19
29 114 120 1
135 147 120 7
16 100 120 7
20 67 120 13
40 116 120 1
190 26 120 17
168 79 120 8
20 89 120 6
34 69 120 3
113 36 120 20
115 64 120 5
50 83 120 1
78 206 120 9
97 2 120 3
220 149 120 4
176 116 120 5
198 168 120 20
166 187 120 13
216 221 120 10
130 218 120 15
174 109 120 18
1 43 120 3
81 5 120 15
146 101 120 17
54 205 120 18
77 158 120 14
11 17 120 14
131 67 120 16
116 59 120 2
169 189 120 5
143 139 120 3
179 24 120 8
183 213 120 14
53 135 120 11
33 188 120 19
162 149 120 3
67 159 120 7
140 66 120 2
61 66 120 14
87 12 120 4
107 39 120 3
5 217 120 9
53 61 120 13
220 222 120 12
149 31 120 4
167 192 120 12
120 36 120 18
196 175 120 15
116 120 120 5
94 206 120 8
30 197 120 19
104 201 120 7
87 30 120 16
167 134 120 19
43 167 120 4
214 110 120 14
88 114 120 1
5 195 120 7
95 87 120 15
143 65 120 2
195 202 120 16
62 82 120 11
31 54 120 2
60 105 120 18
195 33 120 5
29 131 120 5
48 103 120 2
102 107 120 1
215 87 120 8
1 114 120 16
215 86 120 8
179 32 120 18
5 62 120 3
191 6 120 19
64 200 120 16
211 114 120 17
130 46 120 7
162 148 120 13
50 139 120 11
24 140 120 17
170 16 120 9
179 80 120 5
46 84 120 17
75 160 120 6
208 108 120 16
143 96 120 9
100 2 120 18
45 48 120 4
97 97 120 17
119 120 120 18
147 174 120 20
30 129 120 7
60 59 120 1
144 133 120 2
10 2 120 19
76 144 120 9
25 21 120 16
135 173 120 13
53 46 120 8
218 50 120 12
76 81 120 20
58 111 120 19
118 55 120 7
32 198 120 17
220 207 120 13
178 168 120 4
115 192 120 12
162 211 120 3
32 41 120 20
222 143 120 15
77 219 120 16
106 161 120 2
147 163 120 6
24 195 120 8
142 191 120 1
38 30 120 17
77 145 120 12
130 191 120 2
24 222 120 16
71 220 120 2
53 182 120 12
7 64 120 2
179 95 120 14
67 4 120 1
152 145 120 16
105 67 120 8
111 28 120 7
85 157 120 20
154 180 120 20
149 136 120 5
63 188 120 8
80 79 120 20
34 34 120 8
150 208 120 9
123 136 120 20
171 125 120 17
25 12 120 19
132 96 120 11
90 135 120 5
162 168 120 10
1 7 120 4
135 194 120 10
218 4 120 1
57 38 120 2
14 45 120 12
223 215 120 12
52 125 120 9
131 141 120 8
29 7 120 1
107 54 120 4
204 54 120 10
43 73 120 10
182 67 120 5
125 8 120 12
166 21 120 1
113 128 120 9
76 179 120 13
158 195 120 3
221 108 120 15
195 214 120 3
113 80 120 8
145 7 120 1
147 73 120 3
37 197 120 19
73 25 120 11
153 137 120 16
1 97 120 4
82 31 120 12
79 29 120 10
191 223 120 16
133 221 120 18
13 142 120 12
81 174 120 7
208 95 120 17
11 167 120 10
166 96 120 10
111 205 120 20
11 63 120 20
213 26 120 6
184 102 120 2
146 119 120 18
72 132 120 15
119 97 120 3
124 81 120 6
102 91 120 6
212 142 120 9
127 137 120 10
23 32 120 14
57 129 120 7
120 89 120 12
182 12 120 3
126 83 120 6
96 87 120 14
17 95 120 1
32 81 120 13
98 69 120 13
37 80 120 16
180 210 120 17
47 43 120 7
163 162 120 8
156 5 120 10
153 130 120 6
58 3 120 8
59 127 120 2
140 158 120 16
197 32 120 11
56 69 120 4
52 133 120 18
186 180 120 5
3 119 120 17
131 159 120 13
155 197 120 4
38 31 120 2
1 198 120 17
57 114 120 6
194 87 120 15
175 28 120 11
121 187 120 3
52 149 120 17
26 151 120 11
47 166 120 17
72 97 120 8
111 20 120 9
38 20 120 6
90 76 120 19
77 46 120 11
203 106 120 4
59 3 120 5
155 54 120 3
208 188 120 3
40 11 120 14
139 82 120 15
211 192 120 17
199 6 120 3
45 96 120 11
5 57 120 15
52 144 120 19
10 87 120 14
155 18 120 14
2 2 120 10
107 42 120 11
40 65 120 1
185 53 120 11
118 136 120 20
71 180 120 3
99 185 120 18
165 121 120 7
114 130 120 12
172 61 120 7
61 170 120 18
137 54 120 10
108 93 120 19
160 162 120 5
181 165 120 4
200 12 120 6
199 218 120 8
31 159 120 1
114 157 120 12
175 106 120 7
23 51 120 6
96 188 120 5
210 72 120 17
51 9 120 7
166 74 120 13
79 158 120 9
56 133 120 9
217 48 120 16
160 161 120 7
9 220 120 1
135 19 120 19
100 115 120 1
110 209 120 17
98 144 120 8
25 87 120 4
223 50 120 20
210 105 120 6
190 206 120 19
214 142 120 9
57 35 120 15
112 170 120 8
110 154 120 4
65 148 120 4
92 23 120 8
11 155 120 11
112 39 120 17
