500 166
3 87 36 16
110 139 36 7
199 208 36 19
176 214 36 20
80 122 36 18
36 149 36 16
166 152 36 10
69 108 36 4
89 186 36 4
44 157 36 13
198 44 36 3
192 153 36 7
205 128 36 3
21 189 36 19
155 45 36 4
132 189 36 16
107 16 36 5
162 193 36 9
173 58 36 13
20 101 36 19
79 183 36 16
223 151 36 6
168 132 36 6
205 37 36 6
9 76 36 5
158 208 36 2
117 91 36 7
112 137 36 6
99 87 36 8
48 214 36 2
154 69 36 15
189 177 36 6
45 6 36 2
136 211 36 20
78 219 36 13
64 38 36 17
123 39 36 19
197 35 36 18
126 18 36 20
3 174 36 16
197 212 36 4
126 177 36 5
206 106 36 13
187 19 36 3
96 204 36 17
189 44 36 17
158 51 36 20
211 132 36 16
177 34 36 11
6 145 36 4
156 3 36 5
37 128 36 3
94 218 36 9
157 66 36 2
91 162 36 7
129 127 36 20
205 170 36 10
204 157 36 8
122 110 36 6
58 223 36 5
52 40 36 18
150 77 36 8
194 170 36 15
12 211 36 10
180 187 36 3
104 92 36 6
180 73 36 16
190 161 36 15
217 60 36 20
55 2 36 10
29 54 36 5
6 88 36 19
218 58 36 4
86 69 36 14
20 133 36 6
115 14 36 12
222 78 36 2
159 44 36 17
30 146 36 10
117 85 36 7
89 113 36 18
100 3 36 8
187 220 36 3
105 191 36 19
119 210 36 19
96 210 36 20
50 93 36 10
191 28 36 2
39 165 36 4
170 59 36 5
79 32 36 6
149 131 36 7
191 94 36 9
175 83 36 5
4 87 36 8
74 67 36 9
157 116 36 5
94 191 36 12
68 7 36 7
186 176 36 7
166 31 36 13
143 64 36 1
122 139 36 1
98 90 36 17
149 93 36 1
187 167 36 10
210 208 36 17
211 187 36 13
131 31 36 8
100 101 36 19
121 43 36 16
64 185 36 4
23 84 36 14
74 66 36 20
93 215 36 17
83 63 36 18
32 157 36 10
204 144 36 15
120 159 36 6
43 36 36 7
140 156 36 13
38 104 36 11
221 126 36 18
97 85 36 2
61 62 36 12
3 145 36 3
111 61 36 16
89 41 36 6
29 45 36 14
108 87 36 17
64 112 36 2
62 149 36 1
15 146 36 8
51 19 36 6
38 80 36 7
15 82 36 4
163 78 36 18
21 166 36 17
22 79 36 14
182 186 36 7
39 26 36 4
159 196 36 12
45 210 36 19
171 38 36 17
151 75 36 15
84 197 36 5
162 136 36 3
184 156 36 19
24 63 36 19
16 21 36 14
94 168 36 16
61 103 36 3
60 147 36 17
90 202 36 10
139 129 36 8
151 213 36 6
130 36 36 4
186 219 36 11
69 127 36 2
139 142 36 10
171 13 36 14
113 181 36 19
143 125 36 3
44 215 36 11
90 130 36 10
210 165 36 5
80 72 36 20
86 34 36 16
18 103 36 19
126 126 36 12
140 73 36 15
98 185 36 19
159 212 36 12
136 140 36 7
91 6 36 5
168 100 36 20
11 180 36 9
112 150 36 14
94 167 36 4
87 70 36 10
221 94 36 1
145 192 36 8
133 12 36 3
23 147 36 12
12 122 36 18
130 67 36 18
190 185 36 15
205 74 36 8
31 52 36 2
67 23 36 4
5 20 36 3
15 49 36 3
203 182 36 11
48 89 36 13
140 101 36 19
123 7 36 19
206 81 36 17
129 63 36 3
202 201 36 13
104 45 36 5
182 157 36 2
131 57 36 12
48 36 36 4
199 83 36 17
43 107 36 10
9 7 36 19
148 97 36 10
26 2 36 17
85 204 36 5
80 192 36 4
205 150 36 19
127 58 36 7
212 213 36 7
25 74 36 13
41 116 36 17
43 124 36 19
51 49 36 5
24 182 36 1
168 152 36 7
66 116 36 4
116 98 36 20
99 1 36 16
139 97 36 14
98 6 36 17
140 46 36 17
173 196 36 3
97 23 36 3
9 155 36 13
30 99 36 18
140 164 36 6
217 56 36 6
221 154 36 19
167 177 36 8
103 52 36 16
219 191 36 12
5 25 36 4
138 121 36 4
203 14 36 20
112 43 36 1
172 67 36 3
10 61 36 17
167 58 36 5
95 2 36 3
118 212 36 20
147 207 36 17
106 212 36 2
37 11 36 5
99 98 36 14
200 210 36 5
68 43 36 2
92 160 36 7
171 212 36 11
181 83 36 18
29 200 36 1
151 123 36 1
125 113 36 13
8 150 36 20
11 133 36 16
27 110 36 6
193 62 36 7
95 39 36 3
165 209 36 5
178 166 36 7
191 79 36 9
78 6 36 17
56 15 36 12
22 22 36 8
106 140 36 8
64 166 36 12
9 136 36 12
212 115 36 9
20 165 36 11
33 119 36 16
19 194 36 4
90 48 36 8
169 103 36 10
137 9 36 17
139 114 36 11
50 178 36 19
64 71 36 4
139 59 36 7
137 186 36 11
12 218 36 14
161 14 36 14
51 211 36 2
169 156 36 4
186 69 36 18
2 207 36 17
66 142 36 7
180 205 36 18
206 120 36 12
8 33 36 15
198 152 36 5
167 198 36 3
215 25 36 5
203 78 36 5
178 40 36 16
46 150 36 11
143 100 36 4
79 56 36 19
85 146 36 19
149 38 36 20
61 12 36 8
190 64 36 15
217 55 36 8
8 142 36 2
63 204 36 19
79 27 36 18
186 169 36 18
96 133 36 1
102 217 36 10
112 28 36 11
39 196 36 8
117 47 36 1
170 40 36 7
16 155 36 9
55 218 36 16
18 181 36 11
130 28 36 18
3 123 36 14
39 1 36 8
220 220 36 20
215 35 36 20
107 36 36 8
170 90 36 10
173 106 36 19
94 160 36 2
103 62 36 3
139 76 36 16
5 78 36 20
3 116 36 17
102 112 36 5
114 211 36 11
97 95 36 18
127 149 36 18
188 98 36 9
73 76 36 5
60 179 36 4
112 202 36 15
191 206 36 7
54 93 36 8
140 79 36 11
107 77 36 14
216 59 36 17
138 70 36 20
149 34 36 12
150 107 36 11
87 51 36 15
85 48 36 3
43 15 36 4
78 69 36 11
113 93 36 19
36 200 36 5
54 77 36 3
167 214 36 13
90 24 36 4
218 173 36 15
91 36 36 11
135 5 36 1
157 155 36 12
46 9 36 12
27 121 36 1
195 41 36 2
216 203 36 5
180 146 36 1
105 120 36 13
63 114 36 15
13 90 36 17
121 109 36 4
168 43 36 12
114 196 36 9
14 108 36 20
121 79 36 9
197 179 36 8
126 135 36 6
46 124 36 2
98 186 36 19
207 83 36 12
128 203 36 3
54 147 36 17
20 146 36 17
102 159 36 6
189 164 36 14
94 22 36 5
201 147 36 9
115 78 36 2
33 60 36 8
65 43 36 20
185 170 36 14
76 109 36 4
9 13 36 19
23 114 36 6
143 79 36 1
119 58 36 13
157 35 36 19
215 35 36 10
172 67 36 11
200 16 36 8
88 201 36 13
178 161 36 14
76 170 36 6
120 77 36 13
98 219 36 11
125 114 36 15
57 156 36 4
28 32 36 12
184 203 36 4
176 65 36 17
210 152 36 16
191 106 36 3
164 181 36 5
150 77 36 11
133 60 36 14
195 69 36 13
199 125 36 19
15 38 36 17
195 221 36 16
219 59 36 16
144 45 36 8
153 120 36 17
215 169 36 15
216 95 36 3
70 112 36 16
28 192 36 18
99 167 36 18
210 66 36 17
129 38 36 16
135 141 36 6
91 61 36 6
197 214 36 15
186 90 36 12
132 191 36 2
39 145 36 18
114 172 36 13
33 47 36 17
185 141 36 11
151 46 36 1
223 66 36 6
21 41 36 20
80 14 36 13
151 199 36 7
51 215 36 7
46 139 36 7
37 29 36 15
219 169 36 9
6 16 36 17
82 166 36 5
80 165 36 19
219 71 36 15
80 150 36 12
154 185 36 8
87 13 36 19
211 58 36 5
33 202 36 5
134 197 36 5
167 87 36 5
118 169 36 13
222 133 36 6
53 13 36 20
147 92 36 8
139 130 36 2
107 217 36 8
67 89 36 12
164 121 36 11
175 31 36 9
16 198 36 2
95 200 36 13
1 198 36 2
72 135 36 5
98 58 36 15
159 196 36 10
181 80 36 2
100 31 36 17
76 194 36 13
138 30 36 5
173 153 36 12
71 132 36 11
131 133 36 18
215 204 36 19
196 187 36 8
46 7 36 20
134 72 36 3
99 171 36 15
153 131 36 13
103 45 36 20
192 102 36 2
25 57 36 5
172 187 36 15
178 63 36 13
95 144 36 13
177 189 36 11
117 207 36 20
135 191 36 19
69 5 36 7
81 107 36 18
122 184 36 20
201 208 36 2
189 42 36 2
85 219 36 7
70 199 36 7
