500 166
18 152 36 16
80 45 36 14
105 65 36 16
185 18 36 18
57 206 36 5
196 212 36 20
98 190 36 14
165 40 36 18
195 9 36 1
172 79 36 8
70 204 36 10
41 61 36 8
218 50 36 3
25 120 36 6
166 176 36 17
191 34 36 7
61 16 36 10
24 180 36 2
27 36 36 6
134 93 36 17
101 162 36 15
220 202 36 15
45 81 36 4
42 213 36 3
164 156 36 14
160 123 36 11
29 69 36 9
196 92 36 12
178 3 36 3
169 22 36 7
123 122 36 3
166 3 36 10
45 47 36 9
82 196 36 9
15 136 36 18
9 180 36 16
143 209 36 7
70 66 36 4
177 20 36 13
204 74 36 5
208 81 36 19
42 23 36 14
70 176 36 7
70 142 36 14
168 42 36 6
83 158 36 17
121 77 36 20
3 147 36 17
200 208 36 9
176 73 36 6
58 57 36 20
61 206 36 8
175 52 36 14
113 6 36 17
131 59 36 14
169 141 36 3
164 146 36 6
29 149 36 20
67 125 36 12
17 185 36 20
147 19 36 14
20 187 36 4
139 139 36 3
209 136 36 20
191 151 36 14
106 96 36 2
178 145 36 13
212 173 36 4
53 125 36 19
210 141 36 14
107 172 36 9
54 192 36 18
205 107 36 3
70 200 36 10
163 168 36 4
84 158 36 3
145 221 36 10
129 94 36 16
146 31 36 18
179 17 36 16
58 9 36 4
63 62 36 4
140 43 36 12
131 112 36 13
143 159 36 4
196 19 36 18
7 49 36 8
70 62 36 20
83 208 36 5
219 48 36 8
158 214 36 15
153 53 36 12
1 77 36 6
178 208 36 1
216 12 36 6
84 207 36 16
217 99 36 11
16 53 36 15
16 135 36 12
46 16 36 4
93 58 36 19
33 95 36 9
149 95 36 13
78 49 36 4
118 41 36 12
201 9 36 12
188 2 36 7
108 125 36 6
205 25 36 15
170 71 36 1
68 48 36 3
71 81 36 12
12 114 36 3
137 191 36 7
23 193 36 9
28 171 36 11
16 20 36 20
211 128 36 5
120 217 36 19
163 48 36 17
107 116 36 6
107 186 36 1
202 82 36 5
167 218 36 10
66 17 36 2
5 152 36 5
60 168 36 2
2 40 36 8
69 159 36 5
160 206 36 9
206 89 36 2
76 196 36 14
20 59 36 3
77 2 36 11
101 175 36 15
203 64 36 4
29 9 36 3
206 10 36 18
63 78 36 14
137 122 36 6
143 104 36 17
41 65 36 7
124 84 36 11
174 160 36 12
219 145 36 15
165 125 36 2
154 38 36 2
81 128 36 6
46 191 36 20
55 212 36 12
154 131 36 12
118 56 36 16
55 64 36 5
157 15 36 15
146 10 36 3
202 174 36 15
206 212 36 15
218 177 36 3
16 223 36 20
223 162 36 18
106 92 36 9
200 209 36 6
27 148 36 11
45 190 36 17
222 112 36 19
205 198 36 11
90 65 36 16
120 59 36 2
162 183 36 5
172 67 36 7
54 57 36 5
175 33 36 15
127 167 36 9
28 211 36 4
58 94 36 3
90 76 36 6
72 165 36 20
151 169 36 20
183 215 36 2
214 163 36 17
68 102 36 14
13 161 36 14
166 172 36 6
21 200 36 4
65 34 36 12
106 9 36 3
121 80 36 4
200 115 36 9
223 74 36 20
205 172 36 10
31 124 36 7
136 136 36 20
50 79 36 6
16 99 36 16
193 49 36 18
125 154 36 9
24 159 36 11
80 20 36 1
81 20 36 2
73 1 36 20
221 139 36 19
24 51 36 17
210 209 36 11
7 109 36 5
117 78 36 19
31 202 36 3
176 110 36 2
178 189 36 8
179 154 36 11
138 112 36 12
46 109 36 9
78 133 36 5
130 4 36 15
37 10 36 4
150 12 36 6
197 42 36 14
173 103 36 8
193 57 36 17
9 120 36 15
67 34 36 15
118 188 36 6
200 150 36 5
103 164 36 19
213 200 36 7
209 11 36 7
53 92 36 12
98 42 36 7
137 119 36 2
142 127 36 9
186 78 36 10
117 195 36 3
157 57 36 19
106 159 36 18
167 148 36 14
129 19 36 19
210 179 36 1
217 53 36 13
104 189 36 17
154 216 36 4
209 178 36 12
74 179 36 4
11 113 36 13
97 218 36 19
123 161 36 1
10 174 36 1
15 45 36 5
4 147 36 6
27 135 36 15
168 173 36 17
212 158 36 10
110 8 36 9
88 126 36 10
121 222 36 9
198 121 36 6
199 15 36 17
103 30 36 10
70 141 36 15
204 168 36 3
73 112 36 19
158 209 36 9
196 95 36 4
75 67 36 8
66 73 36 1
52 47 36 18
191 130 36 18
57 9 36 17
76 186 36 19
126 166 36 15
87 123 36 5
221 57 36 1
66 30 36 6
26 212 36 14
220 55 36 7
190 106 36 7
165 181 36 2
154 14 36 4
173 198 36 17
109 100 36 18
97 72 36 2
81 69 36 16
166 19 36 3
115 152 36 11
130 149 36 20
218 115 36 11
13 164 36 1
46 94 36 2
86 151 36 20
89 144 36 17
141 17 36 6
201 206 36 18
210 148 36 9
17 147 36 14
151 53 36 13
1 155 36 14
64 168 36 6
84 213 36 19
3 183 36 16
118 48 36 9
103 74 36 2
159 51 36 1
60 145 36 18
87 162 36 18
43 197 36 7
31 198 36 18
134 146 36 11
61 7 36 7
82 9 36 10
31 11 36 7
8 222 36 5
1 157 36 9
85 102 36 1
200 73 36 17
16 115 36 19
107 31 36 17
129 164 36 13
204 1 36 4
37 83 36 7
168 221 36 2
9 113 36 16
30 113 36 2
102 82 36 14
96 59 36 8
135 74 36 20
148 65 36 4
135 193 36 5
38 58 36 9
61 95 36 13
86 147 36 13
6 40 36 1
147 70 36 18
106 171 36 18
167 43 36 17
185 63 36 5
202 210 36 8
27 7 36 15
14 44 36 18
110 212 36 2
173 74 36 16
118 79 36 20
175 2 36 9
7 108 36 7
28 159 36 20
107 120 36 3
144 206 36 18
130 9 36 10
85 131 36 3
91 125 36 13
191 75 36 17
100 77 36 18
48 137 36 9
65 28 36 5
137 55 36 19
137 46 36 2
91 74 36 14
140 203 36 1
79 172 36 17
177 40 36 2
148 7 36 7
192 214 36 16
200 38 36 2
95 102 36 2
204 124 36 5
134 37 36 11
67 13 36 20
206 37 36 11
131 115 36 11
70 176 36 8
26 100 36 11
49 177 36 9
34 38 36 11
154 17 36 19
79 106 36 10
165 16 36 11
74 82 36 9
55 173 36 1
124 80 36 9
141 149 36 2
197 60 36 6
144 216 36 20
190 26 36 17
51 180 36 19
13 35 36 1
91 84 36 18
97 157 36 7
116 212 36 2
55 112 36 15
109 137 36 3
116 110 36 18
107 138 36 6
51 105 36 16
140 155 36 20
23 52 36 8
11 142 36 16
122 15 36 16
200 15 36 18
3 178 36 13
217 63 36 3
133 63 36 15
216 54 36 11
176 212 36 12
162 129 36 16
104 36 36 5
188 47 36 20
133 53 36 8
11 29 36 12
93 140 36 2
63 133 36 6
169 150 36 8
46 142 36 3
60 202 36 20
179 141 36 9
113 21 36 8
214 94 36 8
117 3 36 6
143 121 36 14
184 98 36 4
63 160 36 19
5 213 36 17
10 143 36 19
176 202 36 18
222 42 36 6
59 155 36 6
39 30 36 12
65 146 36 12
28 174 36 1
20 19 36 16
144 81 36 9
177 86 36 6
136 203 36 9
13 155 36 12
85 153 36 8
188 96 36 19
197 134 36 14
184 198 36 12
173 3 36 13
52 130 36 16
143 51 36 7
55 112 36 18
179 25 36 13
107 145 36 10
122 6 36 12
178 194 36 17
50 52 36 14
174 121 36 8
220 178 36 19
210 7 36 20
217 149 36 15
82 204 36 14
140 44 36 12
177 36 36 19
30 157 36 14
36 219 36 13
22 45 36 1
141 218 36 2
120 99 36 15
209 85 36 11
205 79 36 17
20 160 36 10
62 185 36 11
13 138 36 15
109 168 36 6
210 88 36 3
58 109 36 16
173 26 36 6
186 146 36 20
38 16 36 8
11 220 36 20
125 17 36 10
220 186 36 8
135 84 36 18
193 192 36 8
76 178 36 10
62 120 36 12
92 69 36 19
1 139 36 19
8 176 36 2
208 71 36 6
40 196 36 11
140 77 36 10
85 211 36 13
168 180 36 11
80 140 36 9
187 86 36 3
71 62 36 9
89 62 36 6
21 177 36 14
84 162 36 5
29 86 36 18
97 110 36 3
128 195 36 2
19 24 36 9
209 212 36 9
130 175 36 8
170 23 36 13
164 219 36 5
73 16 36 19
42 208 36 19
190 13 36 8
195 109 36 14
168 14 36 18
