500 50
38 85 120 4
127 26 120 7
150 77 120 2
12 67 120 5
11 141 120 19
220 110 120 1
185 153 120 18
10 43 120 3
175 121 120 17
207 38 120 16
200 76 120 16
169 87 120 18
96 14 120 20
151 133 120 4
130 29 120 19
148 25 120 15
73 209 120 13
223 103 120 8
119 54 120 8
174 146 120 20
33 122 120 7
198 175 120 3
51 156 120 19
203 83 120 17
191 97 120 4
97 22 120 1
111 202 120 6
55 201 120 14
34 204 120 17
25 155 120 15
162 72 120 12
36 46 120 7
112 204 120 15
193 68 120 1
184 36 120 18
203 132 120 7
24 19 120 8
161 181 120 12
177 214 120 7
132 124 120 15
9 170 120 11
115 206 120 3
173 202 120 7
162 171 120 16
119 17 120 12
57 219 120 6
16 127 120 4
176 64 120 8
84 126 120 7
88 34 120 10
15 43 120 16
129 42 120 2
173 214 120 3
82 153 120 9
174 156 120 9
78 212 120 14
221 112 120 3
160 172 120 7
164 33 120 18
43 5 120 20
46 19 120 12
218 32 120 5
34 204 120 16
51 63 120 9
123 121 120 4
212 199 120 2
181 81 120 9
161 125 120 1
205 173 120 20
144 216 120 5
9 146 120 2
131 25 120 11
72 58 120 4
4 108 120 17
195 115 120 1
204 103 120 2
85 168 120 17
78 106 120 3
19 195 120 9
100 116 120 11
185 9 120 18
65 24 120 17
200 204 120 1
201 207 120 12
148 63 120 11
216 151 120 17
144 121 120 13
38 198 120 12
56 101 120 4
23 85 120 3
91 46 120 4
80 218 120 7
202 195 120 11
157 57 120 16
213 204 120 6
52 82 120 6
101 110 120 16
95 147 120 17
79 202 120 9
35 110 120 11
213 200 120 11
62 164 120 18
157 27 120 15
9 69 120 13
175 58 120 1
65 109 120 2
106 94 120 13
152 74 120 4
172 152 120 19
177 71 120 16
151 169 120 17
170 7 120 20
69 163 120 20
161 56 120 11
195 7 120 4
101 71 120 1
81 62 120 7
62 213 120 5
75 47 120 18
175 108 120 11
52 144 120 5
122 198 120 8
132 43 120 6
168 89 120 9
158 60 120 4
204 45 120 20
136 125 120 3
46 71 120 16
29 146 120 10
163 97 120 9
138 33 120 8
173 154 120 17
99 170 120 4
180 223 120 13
208 157 120 8
127 137 120 1
2 157 120 5
160 202 120 1
193 115 120 15
49 163 120 14
121 77 120 9
112 135 120 6
193 118 120 2
87 75 120 10
183 59 120 12
1 186 120 20
85 72 120 9
71 8 120 15
12 201 120 12
98 134 120 11
165 31 120 2
41 28 120 12
179 105 120 4
149 191 120 16
117 36 120 16
19 36 120 10
165 5 120 18
21 75 120 14
187 194 120 14
22 68 120 7
126 9 120 4
84 158 120 14
176 221 120 5
163 31 120 19
223 148 120 2
4 166 120 13
78 107 120 13
223 127 120 17
153 91 120 19
167 220 120 7
200 122 120 12
41 206 120 1
16 43 120 7
211 205 120 17
36 90 120 11
118 201 120 17
121 56 120 10
128 163 120 14
94 92 120 8
31 144 120 3
36 5 120 10
42 153 120 9
205 169 120 7
27 41 120 13
103 184 120 17
103 187 120 2
153 84 120 10
86 211 120 2
31 81 120 10
173 112 120 9
89 32 120 5
11 181 120 4
23 162 120 9
77 73 120 4
221 176 120 2
8 163 120 14
219 93 120 4
38 63 120 16
128 93 120 11
195 43 120 14
66 16 120 4
165 26 120 12
194 156 120 10
52 9 120 4
59 7 120 15
27 14 120 13
180 9 120 13
194 155 120 16
79 167 120 5
153 23 120 2
115 89 120 10
101 30 120 6
159 108 120 10
148 160 120 20
210 103 120 17
108 129 120 1
169 86 120 20
92 164 120 17
78 127 120 5
41 57 120 12
154 56 120 20
59 157 120 17
97 92 120 13
67 17 120 10
38 3 120 11
131 110 120 8
7 164 120 4
222 32 120 2
146 217 120 2
121 34 120 13
118 187 120 20
89 22 120 19
197 3 120 17
189 177 120 18
118 215 120 6
34 7 120 7
186 13 120 6
201 11 120 3
40 41 120 8
121 161 120 3
143 164 120 3
221 29 120 7
8 110 120 18
218 75 120 19
106 77 120 20
219 110 120 6
212 181 120 1
144 158 120 12
216 197 120 13
59 203 120 10
43 122 120 12
213 4 120 6
67 120 120 20
32 114 120 19
173 105 120 3
82 100 120 16
220 196 120 4
32 117 120 3
185 109 120 14
156 52 120 19
173 94 120 14
129 84 120 17
222 35 120 20
85 66 120 11
138 15 120 6
153 96 120 2
54 200 120 7
20 8 120 17
143 78 120 2
124 118 120 7
193 67 120 8
160 81 120 1
15 187 120 4
213 48 120 5
186 71 120 12
155 223 120 14
216 53 120 2
27 180 120 10
177 99 120 3
98 107 120 17
70 76 120 8
135 120 120 9
169 135 120 9
129 124 120 4
39 86 120 15
72 125 120 5
201 2 120 1
83 29 120 6
80 205 120 14
40 79 120 18
117 148 120 6
145 60 120 13
139 5 120 9
95 18 120 13
99 164 120 7
58 13 120 16
16 98 120 6
26 180 120 14
100 36 120 12
157 183 120 7
98 76 120 15
222 106 120 13
134 21 120 13
174 115 120 10
113 99 120 17
23 156 120 8
164 172 120 17
84 82 120 5
32 67 120 13
185 223 120 17
78 97 120 7
3 95 120 8
211 114 120 4
84 172 120 16
191 61 120 10
130 191 120 16
74 132 120 15
7 100 120 15
4 132 120 16
144 201 120 7
129 55 120 11
190 57 120 19
132 152 120 1
95 121 120 13
57 88 120 20
117 102 120 15
217 175 120 19
43 66 120 17
58 69 120 1
139 97 120 15
104 3 120 17
166 192 120 9
208 100 120 1
139 79 120 20
127 20 120 8
175 136 120 13
75 15 120 2
107 57 120 15
15 222 120 4
162 22 120 13
178 125 120 3
18 68 120 20
29 160 120 12
185 75 120 1
130 86 120 20
47 37 120 20
180 112 120 6
149 103 120 8
68 117 120 12
55 55 120 17
139 117 120 6
217 134 120 12
41 47 120 14
72 9 120 4
66 23 120 16
80 70 120 19
115 134 120 9
163 168 120 4
38 12 120 12
133 67 120 1
27 90 120 1
153 83 120 4
123 8 120 15
137 79 120 9
110 30 120 1
169 217 120 15
42 108 120 19
133 156 120 13
212 193 120 19
183 102 120 5
94 13 120 11
120 165 120 4
165 172 120 10
33 85 120 14
17 80 120 15
23 25 120 4
207 66 120 14
186 84 120 17
109 180 120 5
151 139 120 9
37 9 120 7
119 14 120 6
61 178 120 7
119 95 120 5
32 111 120 5
82 18 120 14
17 1 120 1
53 71 120 16
21 179 120 2
181 215 120 11
213 28 120 6
34 31 120 17
19 200 120 11
176 95 120 10
188 11 120 6
170 92 120 8
62 216 120 13
20 154 120 1
53 174 120 14
158 132 120 12
63 6 120 11
84 39 120 2
119 57 120 19
107 118 120 4
75 82 120 10
152 28 120 11
24 198 120 2
5 217 120 17
164 154 120 4
55 88 120 18
161 150 120 8
178 119 120 12
111 14 120 7
20 120 120 8
23 194 120 11
29 8 120 13
126 31 120 6
101 143 120 3
5 83 120 19
83 138 120 17
177 183 120 9
53 22 120 2
75 133 120 4
154 152 120 18
126 60 120 12
65 88 120 13
31 214 120 20
194 91 120 12
120 95 120 15
91 63 120 17
35 16 120 6
14 177 120 8
110 136 120 17
220 66 120 3
3 77 120 20
195 141 120 9
172 56 120 17
179 134 120 17
213 30 120 18
107 5 120 10
23 148 120 2
121 161 120 2
18 47 120 1
154 43 120 16
219 153 120 16
120 125 120 19
109 73 120 13
87 136 120 19
41 125 120 3
197 117 120 12
192 139 120 5
202 37 120 3
159 162 120 15
28 200 120 2
185 196 120 7
81 200 120 7
1 85 120 14
200 57 120 7
193 205 120 2
216 178 120 20
128 146 120 9
79 9 120 7
183 167 120 1
2 194 120 8
80 41 120 13
203 6 120 15
219 6 120 4
85 90 120 19
193 168 120 5
203 45 120 11
214 172 120 10
141 135 120 11
103 94 120 9
220 95 120 14
205 60 120 15
47 147 120 19
88 142 120 1
99 111 120 8
51 81 120 20
99 168 120 7
209 44 120 12
18 184 120 11
59 171 120 6
151 167 120 4
105 148 120 5
208 79 120 20
92 52 120 11
90 35 120 9
63 86 120 7
202 69 120 18
163 163 120 2
179 65 120 11
222 123 120 20
19 50 120 20
134 40 120 12
193 132 120 6
175 108 120 18
184 83 120 11
80 145 120 6
164 8 120 7
