500 50
133 117 120 19
155 157 120 2
153 27 120 6
12 86 120 11
122 212 120 3
187 181 120 7
88 218 120 5
41 120 120 17
178 9 120 9
173 177 120 19
167 194 120 16
197 126 120 19
201 163 120 5
16 59 120 1
134 181 120 14
1 29 120 6
207 116 120 10
132 42 120 1
219 219 120 18
87 53 120 6
194 219 120 19
80 78 120 5
6 55 120 14
182 70 120 9
113 89 120 13
25 89 120 18
117 72 120 7
197 88 120 12
64 84 120 3
48 55 120 15
94 133 120 14
110 97 120 17
136 103 120 6
101 61 120 18
124 58 120 4
213 190 120 18
107 192 120 18
109 165 120 17
153 5 120 14
77 161 120 18
161 31 120 7
11 140 120 18
53 52 120 12
149 37 120 13
200 160 120 15
223 149 120 9
112 32 120 14
71 141 120 19
3 178 120 17
126 139 120 12
188 184 120 14
160 195 120 1
113 24 120 9
53 173 120 3
53 34 120 11
219 33 120 19
129 29 120 14
114 100 120 4
41 210 120 20
195 113 120 16
171 77 120 7
62 121 120 5
92 118 120 18
58 170 120 8
60 108 120 8
106 103 120 10
193 116 120 2
82 7 120 15
110 155 120 5
201 126 120 16
98 181 120 9
64 19 120 12
1 218 120 12
185 52 120 10
202 219 120 1
30 209 120 19
221 64 120 2
102 145 120 6
83 31 120 10
50 8 120 2
14 214 120 5
162 54 120 12
208 55 120 3
34 124 120 6
137 102 120 7
124 131 120 4
213 13 120 8
80 115 120 4
176 82 120 12
88 131 120 6
10 29 120 3
112 190 120 9
117 60 120 19
1 201 120 11
51 114 120 4
89 14 120 7
113 111 120 11
91 191 120 15
99 28 120 9
22 1 120 1
60 10 120 2
197 7 120 13
164 8 120 12
70 9 120 3
99 167 120 7
6 141 120 4
152 30 120 12
88 5 120 17
22 211 120 4
38 117 120 1
68 177 120 13
127 35 120 5
152 198 120 16
13 152 120 11
182 27 120 15
18 140 120 15
83 177 120 6
35 149 120 20
63 55 120 15
118 200 120 8
58 45 120 15
7 171 120 19
179 99 120 8
135 219 120 4
99 62 120 1
114 187 120 18
155 46 120 2
1 188 120 3
75 27 120 16
137 144 120 20
92 86 120 17
216 201 120 12
43 156 120 5
175 67 120 19
12 50 120 16
206 48 120 14
201 202 120 8
150 203 120 10
131 54 120 7
167 75 120 16
65 51 120 7
121 43 120 2
118 85 120 17
212 36 120 11
187 47 120 2
107 29 120 17
106 115 120 9
142 41 120 9
143 56 120 4
63 223 120 7
119 172 120 19
37 69 120 4
156 71 120 18
91 60 120 2
201 131 120 9
28 14 120 9
11 4 120 13
196 146 120 14
136 65 120 3
123 12 120 6
77 15 120 3
189 160 120 2
120 200 120 16
21 67 120 8
66 44 120 1
42 180 120 6
46 190 120 2
50 47 120 7
93 68 120 10
192 190 120 11
175 151 120 3
106 116 120 6
214 121 120 1
169 26 120 17
68 199 120 3
97 17 120 14
24 63 120 6
178 112 120 18
31 204 120 12
165 58 120 3
87 9 120 4
131 223 120 19
112 98 120 18
183 151 120 14
91 103 120 18
151 199 120 8
51 107 120 6
141 62 120 4
163 200 120 16
28 141 120 3
83 112 120 2
66 20 120 16
49 131 120 14
37 198 120 3
158 174 120 2
147 209 120 11
38 36 120 16
213 62 120 1
162 1 120 20
199 136 120 8
178 219 120 1
165 169 120 7
37 102 120 11
113 23 120 14
117 180 120 7
114 212 120 1
80 26 120 1
152 123 120 5
62 169 120 2
171 29 120 4
191 91 120 4
215 33 120 6
27 177 120 8
193 174 120 7
110 67 120 20
85 66 120 5
153 145 120 9
148 73 120 10
90 134 120 18
139 189 120 14
216 157 120 6
58 33 120 9
176 59 120 18
172 28 120 7
75 22 120 9
158 214 120 19
221 143 120 19
87 176 120 12
183 42 120 2
109 65 120 17
64 166 120 7
110 223 120 1
72 176 120 17
96 124 120 19
70 84 120 6
218 126 120 18
209 123 120 5
120 94 120 17
212 53 120 2
213 162 120 2
65 110 120 11
73 219 120 4
113 176 120 15
97 48 120 15
108 2 120 9
25 104 120 9
156 89 120 19
207 209 120 1
209 82 120 2
23 71 120 1
16 136 120 11
59 93 120 8
101 91 120 10
96 187 120 6
207 179 120 2
70 203 120 7
166 136 120 10
161 4 120 3
27 97 120 17
169 119 120 6
18 134 120 5
200 192 120 20
155 178 120 4
169 50 120 5
8 33 120 9
178 210 120 6
114 152 120 20
31 197 120 12
148 1 120 14
124 54 120 1
170 71 120 4
13 48 120 15
56 87 120 16
82 32 120 14
63 39 120 3
115 102 120 11
31 215 120 10
190 130 120 10
129 55 120 20
164 63 120 5
203 9 120 18
38 129 120 16
64 184 120 3
152 150 120 4
66 213 120 10
5 212 120 9
153 19 120 11
6 93 120 7
48 221 120 6
206 46 120 13
78 134 120 17
21 171 120 18
119 119 120 11
188 47 120 17
181 220 120 7
97 1 120 10
222 153 120 3
115 43 120 5
23 90 120 19
93 180 120 6
2 35 120 3
27 163 120 9
180 167 120 14
179 131 120 9
104 196 120 3
126 69 120 14
21 67 120 16
157 67 120 2
162 89 120 18
49 67 120 6
89 68 120 4
40 203 120 9
45 159 120 7
54 222 120 8
223 102 120 1
159 112 120 13
209 132 120 2
74 65 120 1
203 111 120 16
84 159 120 13
145 133 120 16
124 57 120 12
43 209 120 14
13 39 120 10
222 39 120 14
180 197 120 14
91 67 120 5
184 140 120 15
5 5 120 14
23 196 120 2
106 117 120 7
34 18 120 4
49 168 120 9
108 66 120 9
165 172 120 3
208 13 120 14
140 103 120 15
204 172 120 7
102 176 120 10
2 83 120 1
61 189 120 11
137 107 120 2
46 41 120 2
164 33 120 2
205 197 120 17
61 66 120 3
221 206 120 9
1 71 120 19
137 172 120 5
54 173 120 4
52 119 120 19
166 140 120 17
182 71 120 2
27 11 120 15
46 100 120 17
12 160 120 18
214 157 120 14
72 42 120 14
101 64 120 4
190 117 120 13
24 53 120 19
161 218 120 16
67 61 120 18
12 196 120 14
213 18 120 12
48 29 120 6
172 127 120 5
163 198 120 19
1 183 120 3
10 35 120 18
77 58 120 3
146 104 120 10
24 170 120 2
80 66 120 10
146 163 120 19
196 211 120 14
182 44 120 12
209 92 120 7
55 92 120 11
186 210 120 6
96 63 120 7
59 208 120 15
124 117 120 3
26 196 120 8
124 4 120 2
8 199 120 4
36 43 120 11
76 28 120 17
198 82 120 7
56 153 120 15
57 133 120 6
115 191 120 18
53 199 120 19
45 2 120 14
102 10 120 11
99 17 120 9
76 161 120 14
97 121 120 2
208 203 120 2
73 143 120 6
39 199 120 15
60 90 120 14
174 142 120 2
180 71 120 15
44 173 120 15
134 156 120 20
85 9 120 4
77 213 120 2
205 197 120 8
77 155 120 5
100 193 120 9
33 138 120 16
42 88 120 2
26 44 120 11
119 88 120 1
106 106 120 1
217 190 120 19
151 152 120 13
204 18 120 12
122 94 120 1
182 194 120 6
217 111 120 5
4 152 120 3
156 177 120 3
40 180 120 5
96 62 120 3
84 164 120 7
74 199 120 9
52 64 120 10
4 185 120 5
218 28 120 2
64 130 120 3
46 133 120 7
1 173 120 9
222 212 120 9
192 84 120 19
44 53 120 20
86 11 120 15
164 62 120 18
145 174 120 7
219 168 120 8
148 116 120 20
79 162 120 10
47 162 120 9
77 45 120 17
63 13 120 8
218 56 120 9
91 27 120 3
46 75 120 14
65 104 120 2
46 99 120 11
162 23 120 5
184 210 120 2
115 141 120 12
219 217 120 13
89 164 120 5
150 159 120 7
148 134 120 4
156 64 120 4
110 129 120 18
130 174 120 20
202 112 120 17
51 72 120 18
62 71 120 1
118 67 120 16
219 40 120 5
108 189 120 4
46 221 120 8
118 38 120 20
42 147 120 8
69 161 120 11
79 139 120 16
112 190 120 14
131 28 120 14
176 145 120 5
214 25 120 15
192 133 120 11
214 63 120 13
145 181 120 3
25 107 120 19
148 175 120 9
106 138 120 17
60 135 120 6
193 42 120 18
174 217 120 4
105 92 120 14
191 61 120 15
11 51 120 1
52 80 120 4
14 105 120 7
123 137 120 19
55 20 120 20
125 187 120 17
46 42 120 7
102 100 120 12
187 89 120 17
74 56 120 20
201 175 120 12
53 3 120 5
84 16 120 9
