500 125
106 118 48 8
116 92 48 4
167 91 48 5
214 160 48 17
157 33 48 1
106 142 48 8
138 112 48 11
109 85 48 8
16 170 48 15
43 160 48 17
44 42 48 10
167 158 48 19
183 209 48 4
173 84 48 14
190 126 48 16
41 8 48 4
28 145 48 13
70 138 48 4
169 154 48 11
36 81 48 11
163 10 48 18
69 176 48 2
174 20 48 3
39 192 48 18
56 44 48 15
106 192 48 17
74 220 48 8
153 174 48 7
94 4 48 14
198 39 48 9
129 86 48 4
95 154 48 18
218 104 48 1
103 28 48 11
65 191 48 15
151 73 48 1
22 146 48 9
31 184 48 9
69 54 48 12
145 136 48 20
186 150 48 9
14 21 48 20
17 16 48 16
147 3 48 19
131 67 48 2
158 103 48 14
154 9 48 8
138 39 48 6
73 107 48 3
10 136 48 8
94 99 48 5
39 112 48 3
23 13 48 18
110 159 48 16
217 175 48 8
183 109 48 19
107 147 48 13
177 62 48 11
206 134 48 9
174 28 48 10
163 121 48 5
77 45 48 6
12 67 48 6
185 61 48 1
23 54 48 10
35 121 48 3
149 5 48 19
156 181 48 12
202 48 48 10
132 107 48 17
82 46 48 7
15 122 48 6
59 19 48 1
115 203 48 19
214 110 48 18
42 29 48 20
86 177 48 9
161 218 48 5
183 196 48 1
114 212 48 12
66 178 48 17
139 192 48 1
32 27 48 5
100 141 48 18
220 17 48 9
171 58 48 3
19 28 48 12
202 188 48 7
119 147 48 2
83 146 48 15
39 211 48 17
147 11 48 6
154 43 48 5
64 27 48 1
62 23 48 5
169 193 48 19
81 96 48 13
55 74 48 17
131 192 48 8
180 160 48 14
102 198 48 11
93 6 48 19
46 160 48 2
26 108 48 5
31 169 48 2
160 114 48 16
123 80 48 12
113 134 48 4
175 150 48 10
161 106 48 16
177 207 48 5
174 184 48 14
73 7 48 14
122 140 48 9
197 55 48 2
179 214 48 15
16 113 48 16
64 2 48 16
70 176 48 20
152 222 48 2
171 60 48 4
163 10 48 6
46 82 48 6
196 203 48 8
123 61 48 20
211 17 48 18
81 32 48 20
139 203 48 10
215 157 48 5
109 194 48 11
216 141 48 13
191 188 48 15
126 11 48 9
176 206 48 14
141 213 48 20
161 85 48 14
55 166 48 11
62 189 48 1
69 180 48 13
137 173 48 3
88 50 48 19
99 125 48 9
119 27 48 15
105 202 48 2
71 120 48 17
206 165 48 7
18 219 48 5
85 57 48 19
132 11 48 4
105 32 48 11
163 120 48 9
23 103 48 17
70 221 48 16
13 102 48 9
46 58 48 10
176 148 48 19
168 165 48 17
210 27 48 5
217 43 48 11
173 32 48 11
78 194 48 8
140 101 48 14
103 170 48 15
201 67 48 20
54 220 48 13
134 173 48 14
40 2 48 20
49 212 48 10
115 90 48 16
76 40 48 10
69 117 48 6
180 34 48 2
56 21 48 19
36 221 48 10
118 159 48 6
27 177 48 14
83 216 48 4
189 150 48 13
97 41 48 7
41 117 48 20
15 70 48 2
183 134 48 6
112 74 48 8
96 110 48 2
32 112 48 18
79 139 48 15
183 106 48 5
65 71 48 3
159 53 48 5
119 93 48 2
3 107 48 16
3 174 48 7
37 171 48 19
84 151 48 20
128 182 48 17
108 145 48 5
150 104 48 17
69 169 48 6
137 212 48 4
22 215 48 3
17 217 48 8
80 219 48 6
54 140 48 17
217 223 48 15
35 13 48 19
188 5 48 12
33 154 48 13
92 107 48 4
221 20 48 18
179 150 48 13
6 166 48 8
155 22 48 8
32 76 48 8
187 177 48 17
47 96 48 6
81 61 48 4
151 93 48 4
95 184 48 8
207 66 48 12
192 21 48 6
60 134 48 3
29 66 48 19
102 205 48 11
206 169 48 18
194 100 48 15
195 180 48 15
200 215 48 14
20 87 48 11
170 178 48 5
2 147 48 13
205 91 48 15
128 120 48 5
180 221 48 8
192 88 48 13
42 58 48 18
210 137 48 9
101 221 48 18
84 126 48 20
135 180 48 6
29 181 48 6
52 163 48 16
208 175 48 10
91 131 48 8
63 207 48 17
204 133 48 5
220 4 48 19
78 104 48 8
35 187 48 1
78 99 48 5
183 12 48 2
212 63 48 19
108 47 48 18
8 22 48 9
13 85 48 2
213 65 48 14
24 61 48 4
80 23 48 1
134 57 48 16
197 134 48 18
217 202 48 11
80 190 48 1
104 74 48 12
80 81 48 18
178 201 48 17
37 190 48 6
135 213 48 18
14 178 48 7
105 196 48 20
44 169 48 6
81 48 48 1
14 127 48 3
125 7 48 7
53 194 48 14
117 149 48 11
150 70 48 2
24 204 48 15
66 218 48 9
131 99 48 19
30 142 48 10
170 107 48 5
65 120 48 10
34 130 48 19
76 182 48 7
83 183 48 9
67 109 48 7
125 17 48 6
57 82 48 10
167 98 48 3
25 127 48 20
45 181 48 10
4 22 48 12
82 163 48 1
167 15 48 17
222 97 48 17
87 48 48 1
21 172 48 14
43 5 48 1
60 171 48 5
174 81 48 5
200 125 48 14
108 14 48 4
21 95 48 17
63 38 48 3
171 36 48 3
123 7 48 11
183 135 48 20
144 178 48 13
72 14 48 1
96 72 48 12
24 48 48 7
16 41 48 1
30 61 48 3
205 124 48 5
57 179 48 3
112 79 48 15
215 146 48 9
42 175 48 8
97 23 48 17
93 3 48 19
60 26 48 20
37 42 48 15
142 179 48 7
4 45 48 3
126 209 48 19
168 98 48 16
217 197 48 2
178 15 48 1
200 220 48 6
13 89 48 13
5 148 48 4
152 185 48 7
117 211 48 6
142 99 48 5
60 109 48 20
48 54 48 4
223 47 48 8
205 109 48 11
138 86 48 10
201 206 48 1
43 95 48 20
19 131 48 12
144 24 48 9
1 50 48 15
126 109 48 16
121 42 48 8
213 41 48 13
163 130 48 2
19 44 48 16
203 21 48 19
136 171 48 13
217 190 48 6
29 110 48 15
52 111 48 16
173 13 48 13
64 18 48 14
9 7 48 6
108 169 48 2
92 72 48 10
47 159 48 11
206 72 48 6
14 173 48 9
175 202 48 18
21 30 48 11
25 87 48 20
23 35 48 16
61 151 48 14
140 35 48 1
117 12 48 8
30 58 48 7
178 40 48 8
166 53 48 2
5 112 48 7
177 18 48 16
12 150 48 3
191 172 48 3
163 10 48 9
135 34 48 7
51 150 48 8
39 64 48 3
179 19 48 15
166 69 48 7
211 74 48 6
119 135 48 13
164 146 48 7
72 221 48 14
123 46 48 14
101 180 48 17
221 7 48 16
130 154 48 10
95 109 48 20
208 159 48 15
36 147 48 12
198 150 48 20
154 91 48 10
144 162 48 4
83 169 48 15
139 46 48 20
120 44 48 16
21 173 48 5
100 152 48 2
82 22 48 14
17 57 48 15
26 31 48 11
168 69 48 8
118 212 48 20
66 180 48 11
166 95 48 7
223 100 48 20
171 120 48 5
157 104 48 17
28 70 48 9
57 86 48 20
3 111 48 15
213 164 48 10
67 58 48 7
190 8 48 16
36 174 48 6
36 58 48 16
78 113 48 14
63 46 48 17
199 181 48 8
133 122 48 13
123 124 48 1
28 113 48 14
1 64 48 13
70 31 48 11
96 174 48 5
216 94 48 15
97 172 48 8
97 119 48 16
200 94 48 4
34 111 48 17
176 10 48 7
91 145 48 14
169 145 48 11
82 99 48 20
110 194 48 7
196 71 48 8
116 167 48 13
33 40 48 7
103 124 48 18
130 42 48 2
55 103 48 10
104 193 48 16
151 24 48 1
38 213 48 11
63 99 48 15
146 179 48 4
215 71 48 19
2 211 48 19
130 198 48 2
128 104 48 17
13 43 48 18
123 32 48 17
46 67 48 6
106 212 48 10
157 51 48 11
171 81 48 13
32 73 48 2
60 182 48 5
13 89 48 17
197 216 48 5
199 114 48 5
81 13 48 12
155 167 48 15
137 49 48 20
108 90 48 10
177 37 48 12
86 69 48 4
65 128 48 18
24 25 48 13
72 221 48 18
216 82 48 13
179 162 48 7
59 201 48 16
4 114 48 4
161 106 48 8
29 167 48 16
86 29 48 14
215 201 48 16
80 1 48 18
140 180 48 15
78 172 48 1
129 127 48 5
78 185 48 11
77 189 48 8
125 11 48 5
40 147 48 4
99 10 48 17
3 1 48 9
34 188 48 20
83 213 48 10
130 67 48 15
34 81 48 16
100 43 48 19
142 119 48 16
183 21 48 2
105 60 48 3
79 43 48 1
80 45 48 11
