500 71
84 113 84 19
150 87 84 3
65 206 84 12
125 174 84 10
218 101 84 9
125 72 84 19
222 164 84 15
127 181 84 18
41 171 84 12
144 17 84 8
223 100 84 20
18 135 84 19
21 84 84 2
145 208 84 2
106 87 84 7
167 211 84 9
155 94 84 7
192 105 84 7
115 30 84 15
137 173 84 11
64 173 84 10
212 75 84 1
1 203 84 16
103 124 84 8
40 7 84 1
77 58 84 13
70 98 84 11
118 66 84 14
9 65 84 15
177 201 84 1
24 42 84 5
79 138 84 5
44 138 84 9
201 125 84 6
3 164 84 7
115 125 84 12
213 194 84 18
67 197 84 3
132 90 84 14
119 151 84 4
163 175 84 10
41 30 84 3
101 181 84 20
141 158 84 8
82 46 84 14
136 160 84 6
133 34 84 14
112 208 84 6
42 117 84 16
151 120 84 3
7 59 84 8
128 207 84 1
163 84 84 2
220 110 84 20
179 191 84 1
72 211 84 10
204 6 84 19
76 2 84 12
145 43 84 9
187 78 84 1
49 85 84 12
78 212 84 2
136 36 84 3
152 32 84 16
95 96 84 18
198 167 84 4
7 32 84 8
72 215 84 15
115 136 84 1
166 100 84 9
106 33 84 4
219 219 84 7
85 131 84 8
35 167 84 11
201 38 84 2
112 120 84 15
118 126 84 7
129 83 84 11
26 197 84 6
81 25 84 6
99 130 84 5
200 11 84 11
175 203 84 16
184 14 84 8
110 100 84 12
131 96 84 14
88 213 84 9
76 3 84 14
164 28 84 8
164 217 84 16
148 200 84 14
157 176 84 8
54 12 84 7
74 196 84 7
37 82 84 2
38 213 84 14
44 185 84 2
175 38 84 9
50 201 84 5
6 26 84 7
210 58 84 11
205 214 84 5
95 44 84 6
79 117 84 11
70 154 84 14
160 76 84 7
122 119 84 4
181 178 84 4
19 112 84 17
216 118 84 8
182 212 84 6
10 78 84 12
121 172 84 19
20 135 84 12
223 90 84 13
176 26 84 13
111 33 84 7
122 213 84 1
164 9 84 14
67 1 84 20
111 67 84 15
204 184 84 8
180 189 84 14
85 94 84 11
214 93 84 6
50 153 84 4
177 40 84 5
200 46 84 2
178 209 84 4
37 53 84 19
13 48 84 14
85 28 84 10
11 93 84 13
101 177 84 19
102 167 84 11
78 101 84 10
79 54 84 14
112 139 84 10
19 201 84 19
158 14 84 12
181 26 84 17
48 110 84 19
207 5 84 10
216 213 84 20
95 91 84 8
66 53 84 2
74 16 84 3
13 127 84 16
105 31 84 14
68 188 84 10
191 145 84 3
138 78 84 11
106 169 84 1
165 161 84 6
178 32 84 8
133 205 84 14
182 55 84 17
61 175 84 3
78 164 84 12
72 9 84 12
79 84 84 1
219 107 84 13
22 212 84 9
45 153 84 13
172 107 84 11
51 125 84 9
91 83 84 12
39 143 84 17
106 220 84 6
203 176 84 4
41 31 84 14
131 26 84 5
184 155 84 7
181 199 84 18
116 32 84 20
81 82 84 2
21 173 84 13
129 96 84 19
74 201 84 3
67 180 84 18
68 105 84 13
152 120 84 14
5 80 84 11
68 38 84 4
169 38 84 18
39 3 84 1
32 23 84 9
108 37 84 19
95 110 84 1
79 61 84 2
122 128 84 1
196 56 84 10
71 168 84 15
94 13 84 3
91 66 84 7
5 104 84 9
223 136 84 11
167 128 84 11
91 107 84 10
100 185 84 13
65 84 84 3
19 56 84 5
92 11 84 5
22 212 84 20
205 80 84 7
202 84 84 11
94 83 84 8
1 134 84 7
59 109 84 14
111 208 84 5
223 157 84 16
124 175 84 12
80 43 84 18
89 173 84 6
218 154 84 10
82 133 84 8
42 111 84 12
29 111 84 10
136 54 84 4
18 164 84 10
78 48 84 5
221 56 84 5
81 20 84 3
60 109 84 6
27 103 84 8
181 69 84 14
80 110 84 13
54 23 84 19
53 158 84 10
153 61 84 15
14 138 84 10
31 136 84 5
222 101 84 16
117 45 84 20
185 71 84 4
183 136 84 9
198 100 84 15
208 153 84 7
105 90 84 17
163 19 84 5
161 32 84 19
206 62 84 3
191 168 84 20
87 170 84 14
85 131 84 12
185 198 84 5
130 57 84 10
70 149 84 4
141 30 84 14
146 77 84 17
96 14 84 20
68 219 84 13
61 71 84 2
154 157 84 12
68 126 84 1
53 87 84 16
167 102 84 18
157 171 84 3
184 196 84 9
78 3 84 5
99 206 84 17
151 51 84 6
149 111 84 16
200 41 84 14
197 216 84 1
101 46 84 2
87 97 84 15
14 30 84 6
89 213 84 20
78 68 84 19
35 166 84 13
113 201 84 6
71 11 84 20
99 211 84 14
61 184 84 2
33 170 84 6
91 141 84 11
28 155 84 6
20 128 84 18
92 206 84 9
167 125 84 7
110 15 84 11
102 193 84 6
90 69 84 4
2 14 84 4
15 154 84 3
73 129 84 12
4 41 84 11
72 60 84 2
130 37 84 6
24 203 84 19
84 197 84 8
5 76 84 10
160 50 84 1
79 159 84 14
67 174 84 5
223 23 84 12
182 135 84 20
72 206 84 16
90 220 84 18
197 129 84 16
206 212 84 4
114 101 84 18
215 38 84 6
45 116 84 13
220 67 84 13
101 67 84 7
219 133 84 20
47 205 84 13
150 179 84 1
66 37 84 19
184 20 84 6
161 133 84 12
213 9 84 15
199 162 84 10
13 43 84 19
215 143 84 18
109 24 84 18
130 178 84 20
134 104 84 14
134 169 84 9
147 14 84 16
148 175 84 2
134 49 84 7
158 25 84 1
182 145 84 1
49 136 84 12
206 130 84 4
157 36 84 9
89 169 84 14
84 187 84 4
115 110 84 18
166 142 84 12
119 161 84 11
80 95 84 3
203 53 84 9
29 101 84 5
221 191 84 6
98 124 84 15
44 97 84 3
86 180 84 12
188 180 84 2
189 122 84 20
140 125 84 16
25 204 84 9
157 68 84 8
95 97 84 3
169 94 84 13
33 192 84 17
156 120 84 16
218 206 84 9
20 55 84 2
154 128 84 10
200 45 84 14
183 177 84 13
37 111 84 14
159 90 84 11
159 35 84 7
126 176 84 4
209 216 84 2
166 210 84 15
188 6 84 6
165 45 84 15
41 21 84 15
148 204 84 8
121 125 84 3
54 61 84 20
190 219 84 17
82 6 84 18
165 214 84 9
138 157 84 14
92 6 84 14
209 170 84 16
8 95 84 15
181 128 84 1
85 25 84 2
207 186 84 14
81 38 84 3
212 119 84 9
72 169 84 13
32 83 84 17
94 59 84 2
47 45 84 1
43 160 84 17
168 117 84 14
50 87 84 16
165 70 84 6
1 35 84 17
56 23 84 15
223 202 84 8
158 11 84 13
134 212 84 9
223 35 84 12
151 186 84 17
58 130 84 2
207 65 84 3
42 6 84 14
171 114 84 13
6 169 84 18
68 54 84 8
74 211 84 9
163 7 84 18
195 6 84 19
156 41 84 17
53 98 84 10
66 189 84 5
166 116 84 16
220 63 84 8
193 69 84 13
189 21 84 10
164 94 84 11
148 141 84 17
6 220 84 5
122 152 84 18
84 204 84 14
61 155 84 16
102 97 84 1
33 201 84 6
78 170 84 14
176 21 84 12
104 184 84 7
127 108 84 5
157 114 84 16
192 120 84 9
152 88 84 14
210 149 84 2
11 27 84 15
149 60 84 10
127 137 84 8
58 197 84 17
9 77 84 5
162 203 84 12
9 136 84 16
75 212 84 15
70 26 84 10
39 12 84 9
53 22 84 20
49 171 84 7
129 74 84 1
156 17 84 2
88 133 84 11
203 71 84 7
203 79 84 9
200 154 84 3
202 108 84 5
68 146 84 20
82 199 84 9
122 132 84 19
222 37 84 19
4 193 84 11
206 165 84 18
37 145 84 17
179 9 84 2
11 93 84 11
47 71 84 12
223 23 84 8
72 104 84 3
166 3 84 4
207 109 84 8
92 112 84 7
215 94 84 17
25 16 84 5
129 194 84 11
196 89 84 14
78 135 84 6
67 134 84 2
87 91 84 8
190 33 84 14
201 125 84 11
26 216 84 15
35 92 84 5
101 117 84 18
196 22 84 4
184 102 84 1
42 179 84 1
78 130 84 2
136 217 84 2
183 68 84 1
124 46 84 6
58 179 84 19
212 213 84 11
121 199 84 10
45 56 84 5
162 17 84 9
145 166 84 20
148 128 84 5
61 148 84 8
172 108 84 7
92 8 84 4
137 174 84 15
166 47 84 10
179 167 84 14
193 211 84 3
113 34 84 18
134 64 84 1
218 96 84 1
209 156 84 19
77 212 84 3
13 80 84 18
102 101 84 13
