500 166
9 197 36 2
73 7 36 4
156 16 36 14
218 118 36 19
37 68 36 12
101 211 36 20
55 87 36 12
157 35 36 9
28 176 36 1
31 117 36 1
189 125 36 6
29 82 36 2
157 15 36 8
218 117 36 9
111 38 36 3
36 138 36 9
178 77 36 15
153 10 36 9
211 37 36 3
198 176 36 12
78 141 36 17
154 55 36 3
122 96 36 13
105 91 36 12
198 86 36 19
28 6 36 18
69 68 36 8
81 221 36 9
127 93 36 10
11 68 36 3
11 145 36 5
128 184 36 20
104 190 36 19
202 179 36 8
78 153 36 5
214 181 36 13
41 26 36 16
53 214 36 20
74 2 36 17
131 12 36 8
26 130 36 5
61 143 36 20
150 23 36 19
111 110 36 9
156 187 36 18
177 63 36 9
89 103 36 2
68 40 36 3
152 113 36 9
220 129 36 5
18 39 36 4
183 99 36 1
193 133 36 18
61 128 36 12
215 60 36 2
75 122 36 17
116 210 36 6
66 162 36 18
7 90 36 11
172 194 36 16
118 211 36 15
194 170 36 16
189 139 36 6
92 84 36 8
211 75 36 4
71 35 36 4
216 150 36 12
126 215 36 3
183 221 36 16
129 54 36 8
89 172 36 17
194 27 36 1
175 101 36 17
172 77 36 17
74 64 36 7
144 135 36 18
111 12 36 10
65 137 36 17
172 204 36 12
146 110 36 13
198 83 36 7
129 161 36 17
223 112 36 12
118 169 36 5
96 127 36 4
33 47 36 13
113 158 36 8
10 107 36 4
7 163 36 8
110 85 36 12
43 59 36 15
32 73 36 20
47 180 36 13
48 74 36 1
124 54 36 15
149 87 36 13
193 84 36 16
26 201 36 3
103 208 36 1
160 202 36 4
212 21 36 9
7 52 36 7
78 206 36 6
31 30 36 8
151 39 36 15
175 187 36 7
23 42 36 1
20 67 36 19
16 54 36 8
59 98 36 20
71 194 36 11
34 201 36 7
62 163 36 16
47 193 36 19
105 6 36 15
216 180 36 15
76 87 36 4
126 107 36 1
154 7 36 17
166 65 36 4
41 135 36 20
44 54 36 5
98 223 36 6
128 46 36 18
79 150 36 3
61 28 36 7
6 103 36 9
216 113 36 18
38 44 36 20
137 94 36 3
110 135 36 11
161 63 36 7
190 46 36 17
43 173 36 16
196 136 36 13
132 196 36 12
24 201 36 11
110 78 36 11
80 116 36 1
55 137 36 20
203 23 36 20
147 68 36 11
29 34 36 10
133 184 36 5
60 42 36 2
22 173 36 7
118 196 36 6
94 190 36 12
182 46 36 8
198 101 36 11
84 188 36 16
213 111 36 2
73 24 36 7
86 156 36 14
156 101 36 6
30 7 36 17
99 124 36 1
30 217 36 19
147 60 36 19
41 34 36 14
71 3 36 14
123 215 36 13
20 172 36 17
166 34 36 15
49 189 36 9
197 103 36 4
70 201 36 3
24 115 36 14
52 147 36 9
125 72 36 2
76 143 36 11
98 42 36 8
116 169 36 15
48 111 36 13
21 160 36 6
202 133 36 15
58 87 36 18
31 218 36 20
112 46 36 5
137 171 36 20
196 131 36 6
142 5 36 10
194 120 36 3
79 53 36 13
220 181 36 15
96 160 36 6
74 102 36 3
29 132 36 17
92 20 36 8
77 42 36 17
19 122 36 6
218 41 36 12
6 11 36 17
77 198 36 12
28 194 36 7
139 175 36 3
43 25 36 15
142 162 36 4
128 30 36 17
44 214 36 1
15 10 36 1
8 112 36 4
113 117 36 1
223 78 36 5
162 106 36 20
167 129 36 12
222 56 36 7
41 198 36 13
215 210 36 2
185 138 36 6
81 152 36 9
98 44 36 4
41 156 36 11
217 41 36 18
29 87 36 12
34 30 36 4
99 137 36 15
80 177 36 12
107 168 36 11
48 14 36 19
94 202 36 16
143 185 36 15
195 2 36 20
25 103 36 6
156 131 36 8
54 49 36 10
80 147 36 9
47 111 36 15
95 102 36 9
130 149 36 5
186 128 36 17
171 47 36 12
83 18 36 18
151 150 36 15
144 83 36 7
1 21 36 13
218 209 36 18
125 32 36 18
93 126 36 19
114 140 36 20
149 103 36 12
155 158 36 19
122 17 36 16
90 168 36 10
153 196 36 1
123 81 36 8
141 183 36 11
83 192 36 16
21 62 36 19
60 60 36 17
139 93 36 14
8 24 36 13
30 145 36 1
70 119 36 8
36 48 36 11
84 170 36 7
145 196 36 7
84 163 36 1
53 183 36 14
141 19 36 14
146 43 36 11
29 158 36 15
70 187 36 3
12 141 36 14
121 176 36 20
87 144 36 9
19 66 36 15
26 149 36 3
109 86 36 13
30 112 36 5
118 34 36 9
76 62 36 5
166 16 36 15
69 27 36 16
198 32 36 7
37 4 36 18
154 22 36 7
19 47 36 17
47 40 36 11
28 177 36 12
27 72 36 8
176 32 36 9
144 197 36 2
183 150 36 17
140 10 36 19
50 46 36 12
103 199 36 2
106 103 36 6
34 34 36 6
155 61 36 5
165 195 36 10
207 32 36 11
196 175 36 9
201 20 36 12
2 159 36 4
172 93 36 20
8 80 36 6
88 70 36 15
214 211 36 17
42 143 36 18
47 84 36 4
7 175 36 1
222 148 36 15
188 10 36 14
188 11 36 1
197 67 36 17
136 74 36 17
159 161 36 1
61 37 36 3
105 78 36 4
209 9 36 20
61 16 36 6
53 14 36 15
220 86 36 16
67 158 36 9
181 16 36 1
50 152 36 14
113 195 36 15
130 141 36 16
135 22 36 6
167 115 36 3
167 175 36 3
11 5 36 8
217 109 36 12
102 175 36 12
104 18 36 5
173 67 36 1
201 64 36 17
51 78 36 16
52 98 36 18
123 41 36 20
203 208 36 18
75 103 36 19
69 96 36 14
33 82 36 20
46 71 36 6
75 20 36 4
25 105 36 6
170 155 36 9
8 91 36 6
84 99 36 12
50 78 36 15
191 38 36 16
221 214 36 6
136 23 36 15
111 176 36 9
102 136 36 20
45 160 36 20
50 106 36 9
133 222 36 20
198 82 36 20
81 131 36 11
55 207 36 18
132 204 36 17
189 117 36 3
104 4 36 15
90 105 36 10
203 34 36 8
82 84 36 16
116 101 36 19
11 76 36 18
118 41 36 13
80 95 36 20
187 3 36 9
169 76 36 6
173 180 36 18
15 154 36 15
106 18 36 11
19 99 36 9
146 100 36 13
47 110 36 15
138 4 36 7
136 192 36 15
2 40 36 8
71 209 36 1
34 43 36 6
107 57 36 7
170 48 36 19
44 174 36 6
223 204 36 3
50 28 36 14
175 165 36 6
117 185 36 10
39 186 36 7
71 33 36 20
178 174 36 11
127 58 36 20
5 112 36 15
9 155 36 15
111 40 36 17
197 89 36 10
169 149 36 4
137 42 36 3
74 188 36 18
50 35 36 5
119 98 36 7
115 1 36 16
168 113 36 14
38 121 36 17
82 8 36 16
106 89 36 15
157 34 36 17
34 56 36 8
210 129 36 17
10 178 36 1
173 73 36 19
64 187 36 9
120 17 36 9
65 54 36 11
49 135 36 6
187 17 36 10
75 58 36 6
112 91 36 1
75 185 36 16
110 194 36 17
180 29 36 15
124 200 36 1
176 205 36 13
118 154 36 9
180 202 36 1
134 165 36 7
62 124 36 6
24 120 36 11
40 79 36 18
70 189 36 2
53 30 36 1
109 154 36 9
121 214 36 16
41 108 36 12
7 172 36 5
223 191 36 2
3 29 36 17
178 52 36 16
105 200 36 20
109 46 36 15
77 98 36 1
72 91 36 7
152 211 36 1
213 136 36 17
89 143 36 11
58 27 36 14
184 137 36 11
211 91 36 10
19 196 36 13
13 189 36 3
196 42 36 13
185 222 36 16
97 35 36 14
114 25 36 9
9 113 36 11
76 56 36 20
109 124 36 5
56 219 36 13
163 14 36 13
22 135 36 2
35 107 36 7
30 176 36 7
115 49 36 10
73 47 36 4
52 56 36 20
57 131 36 13
197 16 36 4
28 180 36 3
57 119 36 15
58 140 36 1
132 59 36 15
25 88 36 1
132 203 36 1
166 160 36 20
216 96 36 5
156 38 36 15
36 119 36 7
40 31 36 12
147 87 36 3
44 144 36 1
184 161 36 19
98 185 36 3
181 202 36 19
203 144 36 20
157 136 36 16
166 177 36 4
82 212 36 7
7 136 36 3
110 167 36 14
109 211 36 2
132 171 36 19
98 153 36 3
152 110 36 1
185 198 36 14
148 131 36 6
206 182 36 15
78 148 36 5
176 154 36 9
82 149 36 3
75 34 36 7
204 50 36 17
162 32 36 8
189 184 36 19
195 145 36 12
5 177 36 10
