500 50
222 24 120 19
195 78 120 18
191 87 120 9
213 132 120 8
47 118 120 17
205 81 120 20
123 40 120 5
210 125 120 1
8 177 120 1
109 38 120 11
91 36 120 10
210 115 120 14
9 83 120 3
103 180 120 2
123 3 120 16
19 207 120 13
112 215 120 13
37 86 120 14
21 93 120 10
122 202 120 19
8 177 120 12
141 48 120 15
12 165 120 20
193 152 120 15
58 52 120 17
149 178 120 19
205 66 120 16
77 210 120 20
73 7 120 14
23 13 120 3
10 129 120 15
140 154 120 19
162 165 120 14
150 19 120 20
210 185 120 15
43 110 120 15
82 199 120 1
112 52 120 15
112 124 120 3
204 147 120 3
160 41 120 7
177 181 120 16
18 4 120 4
139 153 120 8
73 25 120 7
166 67 120 20
213 148 120 19
211 144 120 8
196 140 120 13
180 120 120 14
176 164 120 17
78 2 120 6
132 20 120 3
13 43 120 12
21 115 120 14
104 57 120 10
182 46 120 14
11 142 120 17
115 114 120 6
4 178 120 6
147 130 120 1
222 92 120 15
25 1 120 16
168 121 120 1
126 141 120 1
216 130 120 18
149 88 120 11
114 206 120 7
222 97 120 13
131 208 120 11
45 16 120 15
7 123 120 1
193 147 120 15
176 91 120 12
85 102 120 1
109 94 120 7
188 20 120 10
83 133 120 20
119 17 120 6
45 32 120 10
33 76 120 7
151 82 120 4
137 52 120 7
8 112 120 10
107 196 120 13
9 81 120 1
148 154 120 14
43 121 120 13
29 17 120 11
219 61 120 1
55 94 120 19
130 129 120 11
219 42 120 18
116 157 120 16
212 148 120 9
77 42 120 7
144 189 120 6
115 117 120 12
219 145 120 8
115 25 120 10
43 79 120 15
155 94 120 14
10 197 120 3
139 90 120 16
41 186 120 16
138 147 120 4
86 68 120 18
79 67 120 14
78 62 120 16
200 177 120 9
160 104 120 6
98 143 120 14
164 152 120 20
156 67 120 17
189 215 120 7
39 130 120 14
37 215 120 11
1 179 120 11
81 141 120 17
190 2 120 1
208 162 120 7
190 36 120 20
41 85 120 4
89 17 120 6
111 206 120 3
95 129 120 14
111 50 120 5
193 51 120 14
119 16 120 20
215 91 120 7
40 183 120 7
192 149 120 10
41 75 120 18
149 48 120 5
100 159 120 5
43 138 120 6
223 133 120 11
57 103 120 18
176 106 120 4
98 97 120 19
129 22 120 7
213 213 120 11
102 138 120 11
76 63 120 2
66 48 120 13
31 90 120 18
124 198 120 5
43 139 120 10
121 199 120 19
99 181 120 15
59 86 120 12
86 183 120 16
147 62 120 9
167 137 120 12
127 87 120 5
129 117 120 14
154 17 120 9
89 167 120 10
10 172 120 15
37 47 120 10
46 213 120 15
183 184 120 18
202 215 120 6
21 159 120 12
10 62 120 8
46 75 120 2
56 114 120 7
41 87 120 6
48 204 120 15
31 126 120 11
80 56 120 2
214 15 120 16
84 102 120 15
16 7 120 20
76 124 120 1
223 169 120 10
39 109 120 1
203 34 120 6
195 190 120 7
20 220 120 9
7 76 120 19
92 174 120 20
28 35 120 16
64 158 120 19
35 10 120 8
175 9 120 19
52 156 120 6
149 20 120 20
218 99 120 20
44 118 120 20
218 125 120 12
109 216 120 12
122 128 120 8
129 77 120 14
26 219 120 13
155 56 120 18
5 215 120 17
187 25 120 9
173 19 120 19
16 62 120 13
187 164 120 18
96 157 120 11
178 56 120 8
71 69 120 14
121 94 120 16
65 133 120 19
126 138 120 20
119 209 120 16
131 158 120 7
133 174 120 5
138 137 120 4
151 117 120 20
42 71 120 7
60 141 120 5
147 146 120 12
121 96 120 17
144 221 120 17
157 117 120 9
195 24 120 6
29 42 120 2
140 64 120 12
83 99 120 9
176 140 120 6
216 84 120 8
101 7 120 2
73 13 120 10
69 156 120 13
87 89 120 6
90 169 120 17
28 197 120 1
24 113 120 18
157 80 120 6
68 33 120 6
49 133 120 11
56 119 120 8
209 191 120 10
118 144 120 11
25 7 120 7
156 96 120 20
196 124 120 9
161 147 120 18
190 188 120 2
202 32 120 9
22 189 120 1
142 21 120 17
161 114 120 1
184 117 120 1
140 26 120 5
184 67 120 9
58 39 120 11
13 84 120 16
80 158 120 2
111 136 120 3
60 43 120 11
141 184 120 17
117 6 120 4
168 190 120 20
139 106 120 1
116 174 120 9
73 8 120 4
154 20 120 7
158 207 120 6
11 94 120 8
119 153 120 9
77 178 120 11
164 179 120 11
141 8 120 9
119 146 120 20
122 146 120 18
192 104 120 6
69 34 120 12
145 76 120 13
41 86 120 10
72 90 120 17
145 166 120 20
178 106 120 1
217 131 120 6
107 134 120 1
102 141 120 8
155 217 120 17
215 62 120 2
179 207 120 6
126 132 120 3
52 203 120 18
130 124 120 17
47 78 120 14
143 180 120 10
24 171 120 6
158 50 120 5
207 89 120 12
29 81 120 2
214 36 120 14
29 47 120 5
37 98 120 10
134 112 120 13
58 43 120 13
196 186 120 19
19 94 120 15
83 136 120 17
64 119 120 14
38 32 120 10
181 23 120 8
193 159 120 9
112 80 120 6
11 98 120 3
25 155 120 16
117 128 120 8
50 146 120 1
154 113 120 11
191 176 120 9
94 98 120 1
77 163 120 19
89 132 120 17
38 21 120 13
78 139 120 20
5 163 120 6
198 165 120 9
130 214 120 6
148 144 120 14
193 220 120 17
127 90 120 10
207 52 120 3
194 140 120 20
1 62 120 19
110 139 120 9
93 144 120 3
115 118 120 12
42 133 120 6
221 57 120 13
67 135 120 16
195 38 120 8
83 129 120 3
25 99 120 4
206 99 120 4
70 93 120 7
71 185 120 1
120 76 120 17
110 2 120 5
91 223 120 17
208 174 120 12
213 145 120 10
192 4 120 3
223 136 120 9
54 119 120 4
170 188 120 20
202 143 120 8
153 40 120 14
222 149 120 5
85 124 120 20
5 108 120 20
58 205 120 14
34 174 120 14
137 58 120 12
116 111 120 10
185 58 120 7
124 36 120 11
23 73 120 5
214 72 120 12
76 41 120 16
44 45 120 19
186 103 120 10
134 21 120 14
193 157 120 9
57 157 120 15
32 119 120 10
194 19 120 1
53 149 120 8
173 140 120 20
212 100 120 1
152 28 120 6
84 98 120 20
220 8 120 12
192 86 120 9
220 142 120 6
136 174 120 12
102 29 120 14
103 81 120 16
62 139 120 6
91 127 120 5
161 163 120 8
53 23 120 8
39 20 120 8
161 96 120 3
209 92 120 16
82 113 120 15
182 214 120 6
184 202 120 13
220 40 120 7
64 130 120 3
223 176 120 18
79 113 120 16
140 151 120 12
208 196 120 19
24 181 120 18
204 148 120 10
104 106 120 8
147 174 120 13
41 171 120 20
73 119 120 13
9 119 120 19
100 82 120 8
105 221 120 15
123 90 120 9
12 221 120 12
216 86 120 15
194 189 120 9
48 221 120 20
102 38 120 10
81 111 120 20
189 4 120 3
134 103 120 6
191 92 120 20
60 214 120 13
125 3 120 6
33 103 120 8
87 74 120 3
132 121 120 6
127 107 120 13
177 187 120 17
122 152 120 17
71 170 120 6
208 22 120 3
120 82 120 13
114 91 120 1
220 8 120 20
74 95 120 8
2 3 120 12
149 14 120 9
111 190 120 9
68 88 120 2
28 43 120 12
198 28 120 4
129 32 120 15
43 145 120 13
182 26 120 11
200 208 120 6
177 209 120 7
158 134 120 13
23 130 120 5
75 197 120 14
163 110 120 12
197 84 120 7
138 97 120 19
45 139 120 20
43 97 120 7
156 74 120 8
25 135 120 9
119 69 120 16
3 92 120 12
184 51 120 1
6 213 120 4
202 71 120 18
87 209 120 12
3 30 120 12
171 180 120 8
27 220 120 13
197 21 120 2
15 139 120 19
189 26 120 15
154 209 120 7
200 100 120 20
133 186 120 13
149 50 120 14
146 160 120 17
174 108 120 13
184 19 120 18
151 100 120 7
145 114 120 4
92 187 120 15
15 2 120 14
211 87 120 5
173 104 120 19
205 29 120 15
216 59 120 3
33 10 120 1
29 78 120 16
130 5 120 7
29 34 120 4
174 10 120 12
121 24 120 12
47 11 120 19
72 183 120 5
60 50 120 19
204 42 120 12
62 74 120 8
27 210 120 14
3 2 120 7
187 30 120 7
38 203 120 14
183 208 120 12
215 32 120 13
110 103 120 10
216 47 120 13
127 28 120 3
205 89 120 16
68 1 120 5
117 111 120 2
55 74 120 18
26 111 120 12
7 71 120 18
