500 71
146 44 84 3
180 107 84 4
73 185 84 17
137 182 84 5
102 201 84 9
117 80 84 9
36 65 84 18
103 27 84 17
53 147 84 7
119 26 84 4
135 171 84 20
197 127 84 5
87 85 84 7
72 221 84 14
199 208 84 7
165 209 84 13
4 22 84 7
105 9 84 18
195 61 84 16
26 180 84 15
180 91 84 17
155 173 84 17
6 36 84 7
156 216 84 1
149 191 84 17
120 132 84 15
170 20 84 18
169 10 84 5
80 204 84 10
137 114 84 3
219 70 84 8
133 109 84 14
59 114 84 8
184 46 84 7
77 80 84 19
176 84 84 1
38 138 84 12
29 191 84 19
28 47 84 10
196 68 84 11
96 171 84 18
87 81 84 1
135 139 84 6
219 208 84 9
179 61 84 5
107 121 84 4
159 159 84 14
7 72 84 14
88 208 84 12
33 180 84 5
92 160 84 17
105 24 84 18
118 158 84 12
130 38 84 20
188 217 84 11
209 208 84 1
91 143 84 17
109 34 84 4
203 121 84 9
121 39 84 10
214 15 84 1
146 119 84 2
152 121 84 6
188 28 84 19
201 215 84 13
51 85 84 14
129 175 84 6
143 169 84 9
113 33 84 12
67 153 84 14
193 28 84 17
147 174 84 10
118 102 84 2
23 174 84 9
188 36 84 12
9 86 84 15
144 99 84 15
84 18 84 4
57 130 84 15
150 81 84 13
167 50 84 20
197 82 84 6
123 199 84 8
169 221 84 9
127 70 84 8
76 78 84 7
217 107 84 7
87 190 84 3
118 23 84 4
74 57 84 4
175 223 84 18
195 82 84 5
51 204 84 15
223 34 84 17
123 45 84 17
57 120 84 1
70 221 84 1
73 193 84 15
201 87 84 15
121 45 84 20
14 219 84 17
172 191 84 5
188 126 84 14
64 125 84 5
160 132 84 6
102 189 84 20
115 143 84 1
126 215 84 16
211 77 84 20
95 198 84 14
36 96 84 4
84 44 84 20
213 116 84 16
207 179 84 3
11 115 84 19
190 101 84 2
150 101 84 19
222 3 84 8
149 99 84 3
162 193 84 16
219 113 84 6
49 81 84 18
62 178 84 16
200 161 84 18
17 56 84 8
73 130 84 15
202 56 84 18
27 55 84 9
174 88 84 3
174 26 84 6
34 129 84 16
96 178 84 11
202 124 84 17
84 101 84 1
145 2 84 13
204 74 84 4
134 160 84 11
56 186 84 8
89 21 84 10
219 194 84 8
89 112 84 4
72 208 84 12
135 71 84 11
37 154 84 9
100 183 84 20
104 49 84 14
129 182 84 4
94 15 84 16
222 103 84 13
213 206 84 18
7 180 84 17
37 28 84 5
129 47 84 3
13 83 84 19
106 183 84 17
199 171 84 18
28 184 84 16
15 54 84 7
73 160 84 12
150 150 84 13
83 41 84 16
128 185 84 16
156 90 84 15
140 210 84 2
54 92 84 4
150 176 84 6
180 203 84 3
60 102 84 17
62 174 84 17
51 209 84 15
22 68 84 19
58 195 84 12
120 13 84 17
6 152 84 16
197 90 84 11
117 124 84 20
99 80 84 1
41 139 84 17
29 85 84 13
69 135 84 8
28 157 84 15
27 99 84 16
210 218 84 2
144 108 84 20
65 189 84 8
77 82 84 10
149 180 84 17
85 105 84 14
122 134 84 1
218 202 84 15
76 115 84 14
110 141 84 13
115 13 84 12
132 156 84 4
185 220 84 16
212 181 84 5
24 106 84 10
139 75 84 3
55 197 84 14
55 76 84 7
189 152 84 7
27 38 84 12
77 152 84 6
115 168 84 17
38 14 84 7
149 110 84 12
118 133 84 1
152 49 84 16
68 211 84 4
116 42 84 17
28 115 84 15
162 141 84 20
106 103 84 11
169 102 84 17
165 139 84 1
43 172 84 6
101 175 84 14
41 103 84 4
164 55 84 10
37 56 84 4
94 191 84 8
78 130 84 1
208 120 84 14
42 173 84 18
152 223 84 2
159 42 84 7
168 142 84 11
194 67 84 15
45 8 84 12
214 152 84 5
86 22 84 12
72 100 84 18
199 84 84 19
90 10 84 8
191 46 84 14
207 205 84 3
171 34 84 10
195 4 84 16
206 156 84 3
48 31 84 10
169 116 84 11
142 187 84 3
136 48 84 6
19 22 84 2
189 212 84 9
136 80 84 10
8 28 84 19
130 107 84 13
95 89 84 3
175 136 84 2
183 189 84 5
213 107 84 19
112 127 84 17
94 145 84 12
194 219 84 8
1 16 84 12
120 131 84 9
49 37 84 10
204 16 84 13
176 190 84 17
70 150 84 20
72 24 84 11
37 21 84 9
43 114 84 14
70 192 84 15
193 192 84 13
173 88 84 7
180 136 84 1
178 1 84 8
149 176 84 4
33 22 84 4
98 201 84 18
46 123 84 7
121 165 84 8
111 11 84 12
203 203 84 9
203 153 84 18
218 217 84 11
154 57 84 10
214 205 84 7
133 122 84 17
193 219 84 2
162 42 84 14
151 47 84 1
31 42 84 10
102 22 84 5
26 109 84 4
146 211 84 11
64 26 84 4
97 17 84 7
190 34 84 19
82 3 84 17
60 50 84 2
159 200 84 6
200 7 84 12
135 216 84 5
50 127 84 10
2 49 84 13
171 112 84 6
172 93 84 9
40 60 84 13
30 26 84 14
15 85 84 12
149 21 84 13
106 105 84 18
213 16 84 4
10 66 84 13
23 67 84 14
23 14 84 16
49 71 84 2
90 110 84 5
165 24 84 5
127 146 84 5
138 71 84 1
17 62 84 2
119 51 84 9
106 169 84 7
103 76 84 3
34 99 84 14
77 147 84 5
97 13 84 14
61 62 84 2
165 188 84 3
16 102 84 20
218 4 84 8
193 122 84 2
69 112 84 5
9 215 84 6
16 133 84 10
145 209 84 14
120 190 84 19
90 135 84 4
84 185 84 8
108 200 84 8
202 195 84 2
135 49 84 7
111 117 84 17
32 126 84 18
28 141 84 3
8 170 84 18
25 67 84 6
48 41 84 9
133 9 84 5
182 116 84 10
109 95 84 3
148 114 84 5
85 109 84 18
25 140 84 11
173 52 84 2
7 59 84 10
157 192 84 18
51 124 84 11
188 33 84 20
177 214 84 17
28 208 84 3
181 132 84 9
45 216 84 4
140 125 84 4
130 182 84 3
37 188 84 1
114 7 84 17
34 57 84 17
103 21 84 15
180 83 84 12
34 218 84 2
206 61 84 11
44 105 84 5
214 129 84 20
184 35 84 11
91 71 84 6
172 185 84 16
213 103 84 18
47 205 84 7
137 46 84 5
210 80 84 17
159 170 84 16
9 213 84 7
74 88 84 19
148 157 84 14
66 24 84 1
172 80 84 6
60 70 84 14
113 1 84 6
72 137 84 11
112 123 84 8
147 166 84 20
127 59 84 7
103 17 84 14
92 50 84 11
115 115 84 4
94 63 84 15
33 8 84 19
75 5 84 12
207 184 84 2
46 73 84 18
72 104 84 3
44 8 84 1
5 218 84 14
162 87 84 4
137 86 84 1
136 179 84 4
207 97 84 7
124 56 84 15
41 39 84 20
203 192 84 5
35 40 84 6
147 83 84 7
87 196 84 10
44 19 84 20
165 156 84 10
63 176 84 6
131 159 84 12
206 167 84 9
62 207 84 16
210 72 84 1
207 106 84 17
193 137 84 9
70 108 84 1
50 152 84 2
116 93 84 13
153 40 84 10
30 170 84 19
3 152 84 6
31 99 84 14
91 85 84 5
12 177 84 16
80 31 84 1
115 100 84 1
123 150 84 12
149 150 84 13
215 79 84 14
10 108 84 12
186 218 84 19
190 26 84 16
62 1 84 14
114 12 84 2
47 199 84 1
110 91 84 10
172 98 84 1
47 131 84 1
122 122 84 5
122 131 84 4
184 201 84 15
167 52 84 5
140 113 84 9
82 3 84 1
201 158 84 3
126 44 84 9
36 100 84 7
203 31 84 2
74 152 84 2
23 159 84 20
187 4 84 18
15 170 84 9
84 194 84 11
154 52 84 15
120 137 84 14
176 148 84 4
93 68 84 9
106 48 84 20
27 6 84 2
68 28 84 7
125 214 84 19
43 114 84 8
128 197 84 17
210 12 84 3
179 131 84 9
83 192 84 2
29 61 84 7
183 51 84 13
143 77 84 12
32 30 84 8
187 39 84 17
122 81 84 16
3 93 84 17
185 187 84 2
196 143 84 13
5 110 84 2
69 23 84 1
85 205 84 17
149 125 84 2
217 41 84 19
198 113 84 19
169 11 84 20
30 122 84 9
195 83 84 10
34 163 84 8
4 52 84 5
49 120 84 16
155 90 84 3
196 15 84 12
198 116 84 20
115 198 84 2
69 143 84 20
212 57 84 20
110 137 84 18
86 170 84 18
197 58 84 18
86 107 84 13
105 38 84 8
