500 166
121 140 36 5
30 11 36 13
186 140 36 11
204 195 36 3
60 135 36 7
85 92 36 2
64 18 36 8
203 93 36 3
205 64 36 1
202 117 36 20
169 14 36 12
160 152 36 2
24 114 36 6
63 95 36 7
123 154 36 17
64 16 36 1
13 79 36 1
61 166 36 16
121 33 36 19
174 11 36 17
126 179 36 3
102 1 36 12
196 132 36 4
206 194 36 11
188 94 36 1
73 42 36 13
50 54 36 2
152 222 36 10
123 119 36 5
157 177 36 12
193 187 36 17
127 173 36 3
104 145 36 18
79 128 36 10
149 200 36 4
149 49 36 15
157 98 36 8
135 26 36 18
163 33 36 19
1 190 36 11
179 44 36 15
90 170 36 12
109 158 36 13
37 13 36 6
158 161 36 18
34 194 36 13
59 127 36 17
22 146 36 8
98 194 36 3
62 194 36 11
87 34 36 9
184 124 36 3
8 9 36 12
84 153 36 11
64 87 36 4
128 5 36 9
125 63 36 8
220 84 36 16
111 66 36 12
34 12 36 4
146 99 36 4
186 167 36 19
172 174 36 19
92 34 36 7
132 97 36 10
110 109 36 1
167 11 36 16
12 115 36 12
110 110 36 20
179 143 36 8
217 65 36 9
174 27 36 17
31 83 36 5
5 174 36 7
131 83 36 18
5 77 36 13
222 128 36 10
164 139 36 5
74 134 36 4
157 89 36 15
144 190 36 2
222 141 36 11
21 56 36 10
216 168 36 4
221 75 36 2
208 80 36 7
189 186 36 1
64 11 36 1
54 192 36 4
39 126 36 13
166 154 36 16
19 153 36 11
7 173 36 12
78 165 36 7
99 162 36 4
87 32 36 2
36 220 36 17
5 168 36 11
106 222 36 17
8 145 36 5
107 195 36 14
172 213 36 5
39 105 36 2
184 182 36 13
159 57 36 17
209 28 36 10
222 63 36 5
198 176 36 3
70 58 36 1
18 173 36 2
206 56 36 12
209 112 36 5
142 150 36 10
131 219 36 9
177 154 36 17
154 139 36 3
162 138 36 17
159 220 36 8
215 174 36 8
155 191 36 13
15 58 36 6
178 44 36 12
107 70 36 3
140 200 36 20
16 38 36 13
171 76 36 20
15 122 36 20
144 57 36 9
111 49 36 4
26 203 36 7
222 102 36 8
136 56 36 6
161 47 36 13
112 186 36 15
167 86 36 11
152 141 36 3
160 155 36 10
191 76 36 14
218 186 36 8
80 96 36 13
133 203 36 2
129 223 36 20
167 160 36 17
160 156 36 16
14 207 36 3
20 20 36 8
210 180 36 3
76 147 36 14
106 26 36 20
76 105 36 1
133 123 36 20
68 28 36 3
59 79 36 5
97 123 36 16
90 136 36 13
60 41 36 2
56 135 36 16
92 95 36 18
202 200 36 16
160 160 36 14
98 69 36 17
123 137 36 17
32 195 36 19
100 176 36 9
208 42 36 7
77 210 36 1
189 150 36 13
141 18 36 19
125 220 36 18
133 41 36 3
16 23 36 20
136 30 36 13
53 61 36 17
157 45 36 6
160 29 36 1
75 106 36 6
24 179 36 4
107 204 36 12
169 105 36 9
93 123 36 14
69 138 36 15
221 159 36 15
63 211 36 12
207 144 36 14
81 80 36 17
105 40 36 4
222 171 36 17
151 162 36 11
213 215 36 17
40 85 36 1
16 38 36 8
128 35 36 3
155 97 36 14
126 188 36 2
142 46 36 5
186 35 36 20
112 141 36 20
101 69 36 5
178 166 36 17
29 90 36 14
110 105 36 10
106 118 36 16
36 157 36 12
62 59 36 7
117 200 36 17
136 47 36 11
194 158 36 10
192 143 36 14
20 98 36 10
170 11 36 15
182 6 36 5
7 111 36 4
90 31 36 18
153 201 36 11
66 94 36 15
24 114 36 20
124 84 36 19
142 52 36 10
112 179 36 2
133 125 36 11
20 83 36 14
11 90 36 2
5 64 36 14
154 216 36 10
139 59 36 16
94 190 36 16
95 91 36 1
30 9 36 10
216 5 36 19
46 137 36 12
2 156 36 20
70 52 36 11
134 56 36 1
113 209 36 13
69 10 36 14
118 103 36 20
165 197 36 12
180 111 36 12
131 212 36 13
37 34 36 18
175 143 36 3
58 213 36 2
30 8 36 10
65 5 36 9
201 73 36 16
56 75 36 18
209 16 36 18
121 80 36 14
149 210 36 4
67 131 36 1
121 190 36 6
107 25 36 14
145 54 36 18
122 4 36 11
85 89 36 14
57 29 36 14
16 15 36 18
56 135 36 18
207 169 36 3
7 12 36 11
179 132 36 18
156 123 36 14
121 152 36 17
87 51 36 8
171 20 36 11
213 185 36 12
105 85 36 5
13 141 36 5
107 9 36 12
181 15 36 2
53 79 36 12
223 11 36 5
79 16 36 5
212 102 36 19
124 158 36 11
10 147 36 11
147 28 36 12
183 148 36 8
130 140 36 8
131 97 36 12
27 149 36 15
55 34 36 19
90 112 36 1
53 208 36 12
175 109 36 9
93 3 36 10
80 34 36 16
151 216 36 10
25 122 36 20
129 137 36 5
133 164 36 19
215 103 36 20
192 192 36 5
185 129 36 17
56 80 36 17
192 57 36 15
28 136 36 14
222 172 36 10
118 196 36 16
153 209 36 14
61 4 36 11
3 103 36 6
85 72 36 7
164 33 36 7
120 196 36 7
176 49 36 7
12 76 36 19
218 74 36 4
79 77 36 1
54 6 36 2
57 67 36 5
217 177 36 16
32 38 36 14
147 202 36 3
167 206 36 14
43 158 36 15
199 169 36 7
38 49 36 6
162 12 36 12
36 65 36 4
3 6 36 19
81 222 36 3
153 31 36 8
182 62 36 1
19 5 36 7
45 47 36 14
10 131 36 2
159 168 36 11
151 106 36 3
111 26 36 5
76 136 36 18
216 216 36 6
85 146 36 17
100 212 36 18
93 7 36 7
68 159 36 2
86 54 36 10
49 97 36 17
60 24 36 11
190 134 36 19
161 209 36 8
22 86 36 8
220 56 36 16
218 155 36 17
54 133 36 14
117 200 36 15
4 170 36 12
128 218 36 3
82 162 36 13
141 13 36 13
110 58 36 19
100 80 36 16
83 184 36 20
95 179 36 10
96 117 36 13
211 11 36 7
38 122 36 7
142 26 36 4
118 215 36 18
3 17 36 5
135 127 36 7
138 111 36 12
112 193 36 17
32 65 36 11
100 45 36 11
192 32 36 6
146 177 36 6
46 95 36 12
48 98 36 2
97 100 36 16
159 119 36 6
163 142 36 19
138 30 36 1
181 169 36 1
65 46 36 15
180 14 36 4
75 44 36 19
206 197 36 14
24 130 36 9
57 3 36 4
215 46 36 4
52 208 36 14
223 7 36 2
26 73 36 11
223 137 36 7
19 201 36 6
176 52 36 13
64 34 36 4
155 165 36 13
119 222 36 17
176 213 36 6
128 149 36 12
106 149 36 8
113 59 36 13
65 58 36 10
171 76 36 9
67 29 36 3
114 92 36 1
20 23 36 2
170 27 36 20
208 87 36 10
68 99 36 18
20 89 36 13
87 201 36 16
3 42 36 11
163 97 36 2
77 48 36 3
42 162 36 12
33 66 36 16
189 13 36 14
4 220 36 10
32 172 36 11
93 76 36 18
187 48 36 4
116 50 36 11
102 98 36 7
157 174 36 7
17 101 36 5
77 133 36 4
44 206 36 7
145 210 36 11
217 18 36 13
164 218 36 12
199 181 36 12
96 73 36 1
142 59 36 3
177 216 36 6
145 117 36 1
158 193 36 20
14 121 36 7
105 42 36 15
77 35 36 1
105 83 36 14
94 166 36 10
129 38 36 4
99 65 36 7
166 126 36 3
184 47 36 2
78 90 36 9
213 103 36 5
108 93 36 5
211 54 36 20
102 44 36 2
101 137 36 14
166 150 36 5
72 134 36 4
152 76 36 9
217 144 36 20
68 107 36 20
104 204 36 16
152 88 36 3
19 184 36 3
137 170 36 19
114 47 36 11
141 97 36 10
91 169 36 1
220 205 36 18
137 84 36 5
100 36 36 12
37 139 36 2
76 67 36 12
93 194 36 18
163 107 36 20
53 105 36 4
187 130 36 6
132 221 36 15
103 102 36 17
142 15 36 13
101 222 36 17
167 143 36 17
98 104 36 17
116 81 36 14
88 20 36 19
120 72 36 13
84 143 36 2
30 51 36 17
143 38 36 17
123 179 36 20
71 165 36 15
169 216 36 3
182 90 36 2
147 90 36 3
81 177 36 20
7 74 36 3
144 42 36 10
188 71 36 14
6 99 36 5
142 106 36 2
69 177 36 11
102 122 36 11
163 189 36 7
104 220 36 19
125 77 36 7
50 191 36 20
46 112 36 1
69 76 36 18
143 190 36 15
139 108 36 20
198 61 36 4
199 162 36 15
