500 71
210 22 84 2
129 221 84 3
213 174 84 20
64 189 84 17
119 39 84 16
132 145 84 5
13 170 84 19
104 3 84 10
92 17 84 1
105 61 84 3
197 155 84 11
138 60 84 10
151 50 84 8
110 113 84 13
157 116 84 4
157 132 84 17
82 29 84 15
194 133 84 20
34 1 84 11
99 105 84 5
201 186 84 3
101 100 84 15
221 135 84 20
176 21 84 20
211 177 84 11
170 219 84 13
157 77 84 14
91 155 84 14
135 189 84 16
195 172 84 3
92 149 84 18
29 134 84 12
141 131 84 1
71 191 84 2
114 179 84 5
50 10 84 15
2 166 84 20
205 141 84 7
95 52 84 8
92 131 84 11
194 223 84 4
144 28 84 3
78 53 84 11
146 124 84 13
120 14 84 15
48 171 84 20
78 172 84 9
185 154 84 15
108 133 84 19
219 1 84 9
163 80 84 3
33 223 84 3
37 185 84 2
56 215 84 5
42 112 84 11
200 159 84 9
35 13 84 17
29 82 84 7
164 189 84 13
12 69 84 14
98 117 84 1
184 149 84 3
182 70 84 11
117 10 84 18
61 160 84 4
18 136 84 6
30 55 84 18
99 84 84 1
98 24 84 3
114 143 84 13
131 125 84 20
3 85 84 19
206 151 84 14
146 153 84 1
186 213 84 6
114 115 84 15
200 29 84 16
69 13 84 8
134 110 84 18
157 109 84 4
26 16 84 14
119 126 84 4
138 108 84 14
111 139 84 7
201 209 84 11
5 100 84 16
166 184 84 3
159 137 84 7
120 47 84 6
104 89 84 13
115 114 84 13
136 10 84 15
18 32 84 12
158 142 84 16
113 4 84 4
164 8 84 2
107 174 84 15
71 109 84 2
162 114 84 13
132 217 84 12
211 217 84 3
81 14 84 12
185 31 84 14
59 73 84 18
70 70 84 16
175 11 84 7
156 2 84 4
91 180 84 14
54 3 84 5
171 134 84 6
39 121 84 19
20 87 84 18
118 156 84 18
24 214 84 12
179 169 84 8
222 120 84 19
165 161 84 1
166 28 84 16
53 189 84 2
160 21 84 4
146 59 84 20
125 78 84 1
2 80 84 1
132 211 84 17
105 166 84 11
39 50 84 10
199 214 84 4
137 157 84 11
31 94 84 20
35 138 84 16
172 61 84 1
207 70 84 7
98 180 84 15
145 196 84 12
182 77 84 13
49 223 84 15
35 198 84 16
67 111 84 6
10 26 84 15
34 60 84 15
186 9 84 16
58 100 84 4
8 198 84 19
146 4 84 10
163 185 84 6
115 10 84 16
9 152 84 20
109 218 84 8
142 5 84 17
45 146 84 6
193 216 84 12
179 50 84 14
119 166 84 15
15 88 84 16
106 135 84 5
51 26 84 20
104 142 84 6
131 27 84 4
45 168 84 19
201 97 84 11
194 67 84 15
79 22 84 15
172 25 84 18
16 39 84 6
194 144 84 14
110 80 84 7
143 183 84 6
105 198 84 12
169 19 84 8
122 105 84 10
220 75 84 3
87 153 84 15
219 102 84 1
71 2 84 7
117 81 84 6
75 75 84 4
58 218 84 16
67 207 84 13
211 37 84 15
77 158 84 17
39 154 84 5
175 125 84 2
217 5 84 10
60 75 84 19
49 77 84 11
66 151 84 2
163 208 84 4
103 51 84 2
126 39 84 19
167 223 84 17
197 146 84 14
193 205 84 16
3 83 84 18
23 142 84 8
152 75 84 13
138 140 84 18
90 187 84 1
30 175 84 16
60 77 84 9
19 128 84 8
127 101 84 10
166 70 84 1
213 180 84 7
150 87 84 8
162 123 84 2
134 37 84 2
34 12 84 9
140 149 84 13
182 208 84 19
147 111 84 13
111 15 84 3
220 65 84 9
195 162 84 8
29 89 84 11
4 135 84 14
161 153 84 13
120 186 84 16
42 103 84 11
23 61 84 19
80 208 84 12
41 203 84 17
102 200 84 16
117 56 84 16
196 85 84 7
139 196 84 4
90 19 84 4
77 23 84 3
183 172 84 15
214 194 84 3
6 50 84 10
132 90 84 11
49 76 84 8
138 192 84 1
58 164 84 19
173 80 84 17
85 54 84 9
149 15 84 20
67 197 84 14
81 72 84 15
47 77 84 5
213 209 84 16
27 142 84 10
149 57 84 7
211 222 84 7
134 56 84 11
29 25 84 13
51 173 84 17
94 125 84 10
194 205 84 2
155 28 84 15
159 17 84 1
28 151 84 16
196 76 84 18
108 171 84 3
69 81 84 5
109 218 84 13
87 153 84 20
79 131 84 18
152 101 84 13
73 141 84 19
71 76 84 5
46 211 84 2
55 183 84 8
113 176 84 5
169 129 84 1
166 123 84 2
187 94 84 20
157 173 84 7
29 209 84 11
212 59 84 4
200 14 84 6
88 59 84 9
127 222 84 5
12 111 84 18
182 165 84 2
94 215 84 10
109 63 84 2
52 219 84 7
126 132 84 10
186 6 84 19
162 205 84 9
99 69 84 4
23 81 84 8
14 200 84 2
66 158 84 7
23 136 84 8
102 129 84 1
51 181 84 5
58 191 84 19
50 153 84 14
208 200 84 9
41 75 84 20
155 205 84 9
153 218 84 3
38 60 84 18
195 190 84 15
5 68 84 14
100 4 84 8
190 61 84 15
74 218 84 16
71 87 84 4
164 127 84 8
96 166 84 4
215 95 84 1
88 17 84 15
117 211 84 1
167 100 84 6
123 199 84 5
143 51 84 16
131 9 84 16
49 80 84 7
50 128 84 13
126 108 84 14
182 100 84 12
3 187 84 14
107 188 84 4
177 132 84 3
91 139 84 17
117 166 84 8
202 74 84 10
167 7 84 7
217 56 84 11
56 66 84 11
60 133 84 6
43 135 84 3
43 18 84 19
139 194 84 5
111 170 84 10
58 63 84 10
49 149 84 10
163 92 84 18
18 194 84 9
223 134 84 20
90 78 84 5
164 120 84 4
86 48 84 13
196 186 84 10
98 73 84 14
139 15 84 1
7 63 84 15
171 110 84 14
118 127 84 6
120 127 84 3
73 101 84 2
50 150 84 3
47 12 84 10
176 92 84 19
160 190 84 12
91 213 84 9
83 104 84 15
109 51 84 1
112 168 84 7
84 64 84 10
75 137 84 20
27 71 84 19
99 117 84 5
218 177 84 11
184 114 84 11
222 89 84 14
52 56 84 13
52 165 84 9
161 161 84 7
174 129 84 20
198 203 84 6
208 7 84 9
143 213 84 18
198 208 84 11
122 168 84 3
119 167 84 7
214 103 84 16
188 154 84 15
213 91 84 10
181 150 84 14
98 9 84 15
144 216 84 1
38 21 84 10
48 218 84 16
119 116 84 13
81 120 84 11
15 110 84 19
5 182 84 15
44 171 84 7
20 129 84 18
125 111 84 13
94 32 84 14
177 69 84 9
26 1 84 14
191 119 84 10
77 84 84 9
122 207 84 4
161 211 84 20
15 140 84 4
67 44 84 4
154 168 84 3
141 146 84 1
5 207 84 3
221 10 84 14
100 85 84 8
87 46 84 17
194 167 84 2
179 104 84 6
15 3 84 16
22 177 84 13
41 107 84 9
171 24 84 8
217 137 84 12
216 19 84 12
215 3 84 3
110 89 84 1
196 167 84 12
150 123 84 18
91 137 84 1
172 43 84 12
181 192 84 19
134 24 84 12
118 126 84 19
86 118 84 9
62 218 84 3
8 212 84 2
221 69 84 20
40 218 84 15
184 85 84 10
108 141 84 10
93 98 84 17
184 117 84 5
184 119 84 19
205 204 84 17
21 151 84 19
62 43 84 9
77 148 84 7
35 187 84 14
223 148 84 7
101 140 84 11
15 117 84 20
12 77 84 4
141 146 84 10
171 127 84 12
204 33 84 11
116 202 84 5
131 55 84 11
214 197 84 11
176 196 84 16
223 182 84 14
72 196 84 20
18 208 84 13
189 10 84 15
140 65 84 12
71 154 84 9
153 46 84 4
46 177 84 9
202 52 84 9
207 113 84 12
135 220 84 13
88 68 84 1
156 85 84 3
186 158 84 16
138 74 84 6
102 145 84 14
97 182 84 10
71 4 84 9
208 91 84 17
203 74 84 4
62 93 84 12
211 65 84 3
1 106 84 9
214 68 84 20
213 91 84 11
161 192 84 20
40 65 84 18
187 21 84 13
172 113 84 16
93 92 84 17
127 38 84 4
156 25 84 9
138 133 84 9
204 123 84 12
89 220 84 15
48 158 84 2
36 197 84 17
90 45 84 20
33 101 84 19
173 193 84 2
164 204 84 1
132 22 84 11
49 44 84 2
72 24 84 6
47 112 84 4
112 45 84 16
145 188 84 12
127 55 84 1
15 195 84 19
122 144 84 6
98 192 84 7
219 100 84 12
141 34 84 4
196 213 84 11
36 144 84 16
95 140 84 10
196 61 84 20
155 72 84 6
