500 71
158 194 84 13
38 93 84 4
103 190 84 1
149 185 84 5
101 210 84 18
96 68 84 8
222 103 84 6
122 82 84 10
65 162 84 1
196 93 84 8
151 27 84 9
77 172 84 16
147 159 84 2
70 85 84 7
200 70 84 2
26 51 84 19
63 157 84 16
129 55 84 4
2 120 84 2
152 200 84 13
150 128 84 5
118 204 84 8
179 12 84 7
198 189 84 1
179 51 84 1
146 76 84 17
180 23 84 3
201 151 84 8
188 38 84 16
113 189 84 2
130 115 84 20
58 117 84 2
42 180 84 10
69 155 84 2
181 110 84 9
24 140 84 13
25 96 84 1
74 181 84 20
63 30 84 10
56 142 84 20
134 156 84 1
115 98 84 1
185 139 84 5
152 92 84 17
84 157 84 20
174 180 84 19
1 204 84 12
181 163 84 14
174 110 84 8
204 51 84 19
84 69 84 7
186 183 84 8
182 30 84 9
19 181 84 16
10 149 84 3
110 207 84 8
11 92 84 9
7 157 84 19
176 108 84 5
43 88 84 3
159 172 84 18
92 19 84 10
14 200 84 7
182 218 84 3
103 4 84 19
181 221 84 15
216 116 84 3
116 7 84 19
171 182 84 19
112 109 84 16
212 44 84 8
156 20 84 7
60 33 84 15
101 99 84 18
207 202 84 2
15 44 84 4
137 36 84 20
12 36 84 15
44 206 84 16
67 203 84 20
178 191 84 7
122 123 84 1
193 68 84 3
132 168 84 7
58 37 84 14
211 51 84 6
24 73 84 1
175 192 84 9
109 120 84 6
110 187 84 18
220 26 84 19
35 33 84 19
92 2 84 10
182 18 84 6
33 75 84 2
192 63 84 8
172 86 84 17
188 145 84 11
9 138 84 14
35 25 84 11
41 129 84 17
13 163 84 4
216 31 84 14
40 98 84 17
25 15 84 7
160 206 84 8
8 155 84 4
36 4 84 14
141 120 84 4
142 154 84 2
214 194 84 7
196 92 84 9
211 84 84 9
111 9 84 8
137 141 84 9
14 77 84 1
176 193 84 6
85 113 84 4
23 138 84 3
98 56 84 9
83 154 84 10
195 12 84 14
24 107 84 3
99 102 84 5
48 15 84 6
11 28 84 19
179 203 84 20
49 172 84 17
29 79 84 11
21 62 84 17
51 144 84 3
51 115 84 7
28 23 84 4
88 121 84 12
41 168 84 2
19 178 84 6
73 19 84 1
97 175 84 12
118 203 84 2
53 108 84 16
152 158 84 7
67 94 84 6
107 121 84 8
139 93 84 15
49 18 84 16
81 36 84 17
33 216 84 13
181 197 84 18
162 199 84 7
221 137 84 16
4 65 84 3
152 131 84 7
192 123 84 5
140 146 84 19
208 79 84 1
220 159 84 20
72 77 84 3
165 34 84 20
209 80 84 1
118 185 84 7
26 188 84 6
199 2 84 2
128 193 84 12
61 217 84 20
87 86 84 9
14 83 84 20
200 39 84 3
40 204 84 14
76 74 84 12
203 191 84 15
128 216 84 1
3 77 84 18
8 89 84 3
20 34 84 2
62 120 84 15
74 19 84 16
129 103 84 1
38 142 84 15
87 217 84 3
101 82 84 2
191 94 84 1
130 96 84 1
179 211 84 9
197 7 84 5
93 176 84 5
75 134 84 20
24 148 84 2
127 185 84 13
202 156 84 16
20 33 84 20
137 108 84 15
131 123 84 17
201 78 84 17
21 159 84 16
97 28 84 15
178 211 84 12
54 11 84 20
140 22 84 1
144 1 84 1
142 128 84 18
105 41 84 12
54 171 84 14
92 148 84 18
9 53 84 2
40 150 84 3
132 212 84 4
135 43 84 16
176 67 84 2
172 211 84 10
100 129 84 10
168 10 84 6
121 172 84 8
196 40 84 18
10 156 84 18
205 195 84 7
90 212 84 13
184 123 84 16
174 183 84 17
186 131 84 11
197 115 84 10
221 60 84 9
63 180 84 3
183 38 84 8
112 47 84 20
94 29 84 7
2 118 84 2
7 78 84 9
161 137 84 11
159 99 84 6
144 72 84 8
142 70 84 12
150 17 84 5
98 199 84 7
86 87 84 19
5 181 84 19
112 67 84 13
99 181 84 17
93 119 84 5
47 162 84 3
16 83 84 16
207 1 84 10
12 35 84 10
219 133 84 11
125 103 84 7
77 215 84 10
166 104 84 2
148 87 84 17
208 65 84 9
66 219 84 6
130 119 84 19
158 102 84 1
24 113 84 19
130 216 84 17
95 117 84 2
147 79 84 6
41 21 84 6
110 168 84 11
136 38 84 6
165 211 84 17
17 118 84 13
67 160 84 2
110 68 84 18
72 82 84 15
167 177 84 1
140 208 84 4
213 134 84 6
51 20 84 8
199 40 84 1
187 89 84 17
171 105 84 3
157 56 84 2
22 50 84 20
223 122 84 1
193 65 84 1
164 89 84 6
99 79 84 4
53 14 84 1
175 212 84 13
104 176 84 16
21 8 84 19
54 164 84 10
132 71 84 3
54 70 84 14
165 39 84 11
115 87 84 20
49 185 84 1
1 15 84 7
80 74 84 6
198 63 84 6
66 83 84 12
146 21 84 20
59 152 84 12
22 90 84 17
105 140 84 5
138 31 84 13
36 79 84 11
120 187 84 14
217 43 84 5
188 125 84 11
111 190 84 13
41 220 84 1
128 56 84 2
61 77 84 1
64 66 84 16
212 203 84 3
1 123 84 11
83 19 84 3
63 121 84 11
2 85 84 19
118 196 84 14
86 121 84 15
190 133 84 14
107 194 84 2
221 34 84 12
29 22 84 20
89 23 84 11
113 213 84 11
207 52 84 13
13 54 84 6
50 56 84 4
162 142 84 18
47 216 84 10
210 99 84 13
111 204 84 3
185 9 84 9
16 206 84 18
78 203 84 17
158 186 84 7
20 83 84 13
189 133 84 1
101 179 84 10
25 2 84 1
189 96 84 15
101 91 84 16
45 52 84 1
11 68 84 19
107 30 84 5
192 187 84 17
214 91 84 11
173 164 84 16
73 41 84 6
114 173 84 7
147 24 84 4
163 124 84 10
160 168 84 12
165 64 84 14
37 55 84 6
111 24 84 10
32 122 84 10
151 179 84 20
172 29 84 6
40 142 84 15
17 174 84 19
89 113 84 3
28 49 84 9
19 98 84 6
184 19 84 7
41 14 84 11
83 46 84 1
101 81 84 9
167 30 84 4
50 177 84 19
214 194 84 1
178 59 84 8
42 87 84 5
67 213 84 6
154 58 84 19
73 98 84 10
123 66 84 13
71 51 84 14
83 217 84 15
7 151 84 1
73 27 84 11
197 204 84 12
211 131 84 20
158 197 84 7
202 12 84 10
150 85 84 12
220 207 84 17
111 163 84 11
83 130 84 17
192 136 84 8
140 94 84 3
57 67 84 12
33 54 84 4
88 96 84 12
132 183 84 13
11 217 84 10
95 213 84 9
21 101 84 17
220 183 84 15
74 37 84 18
186 176 84 13
217 117 84 4
221 150 84 5
132 122 84 14
16 31 84 7
19 41 84 14
215 135 84 6
171 40 84 6
174 36 84 19
83 217 84 20
127 179 84 9
150 57 84 9
16 162 84 2
43 70 84 7
51 193 84 3
133 97 84 11
94 88 84 2
159 143 84 12
209 93 84 3
103 175 84 19
142 78 84 12
132 112 84 3
16 127 84 5
157 55 84 11
82 105 84 6
151 123 84 1
31 216 84 18
44 36 84 13
97 129 84 14
69 116 84 7
143 34 84 1
57 166 84 2
135 66 84 7
44 223 84 18
131 189 84 4
187 116 84 6
8 31 84 14
132 75 84 9
67 171 84 4
202 124 84 1
180 151 84 1
5 92 84 3
165 4 84 3
114 155 84 15
1 62 84 5
108 133 84 8
107 25 84 13
213 156 84 3
16 222 84 1
55 200 84 10
102 41 84 19
67 154 84 1
197 203 84 9
169 201 84 11
134 202 84 15
178 194 84 20
223 78 84 8
184 175 84 6
110 191 84 4
200 130 84 9
75 116 84 9
100 182 84 3
217 40 84 4
222 209 84 4
159 119 84 15
42 181 84 4
57 66 84 17
212 26 84 11
185 20 84 9
41 219 84 6
96 70 84 16
77 55 84 9
96 48 84 17
95 47 84 13
71 90 84 12
25 131 84 18
57 187 84 11
167 61 84 15
5 130 84 1
141 170 84 12
183 150 84 19
3 112 84 19
5 92 84 12
46 186 84 11
180 141 84 14
94 165 84 19
73 107 84 6
118 50 84 1
187 162 84 2
53 79 84 4
23 146 84 15
170 149 84 4
148 38 84 5
58 191 84 8
15 147 84 2
168 125 84 19
114 82 84 16
23 199 84 17
215 163 84 16
198 100 84 1
12 122 84 6
83 176 84 9
151 100 84 19
87 43 84 20
93 165 84 16
17 217 84 18
214 107 84 3
70 14 84 15
